154395 24 152778 153015 153105 153306 153589 153622 153813 154012 154162 154183 154394 154396 154397 154480 154582 154802 154884 154969 155064 155524 155679 155749 155832 155982
154394 24 152748 152974 153104 153269 153586 153621 153791 154011 154161 154204 154395 154396 154397 154479 154581 154801 154861 154954 155063 155523 155678 155748 155831 155981
154102 21 152882 153099 153163 153457 153613 153735 154006 154173 154194 154215 154460 154527 154719 154845 154903 154993 155166 155534 155691 155791 156030
126762 0
154265 21 152675 152914 153101 153461 153616 153739 154008 154156 154177 154198 154465 154564 154759 154850 154910 155035 155184 155553 155696 155821 155958
155490 21 152683 152935 153102 153202 153617 153754 154009 154157 154178 154199 154278 154466 154567 154776 154856 154911 155044 155554 155697 155823 155959
154368 21 104139 114490 114493 153268 153496 153620 153790 154182 154203 154478 154580 154794 154860 154953 155062 155522 155677 155746 155830 155979 7524
154910 23 152675 152914 153101 153461 153616 153739 154008 154156 154177 154198 154265 154465 154564 154759 154850 154911 154912 155035 155184 155553 155696 155821 155958
154911 23 152683 152935 153102 153202 153617 153754 154009 154157 154178 154199 154278 154466 154567 154776 154856 154910 154912 155044 155490 155554 155697 155823 155959
154912 23 113211 152713 152945 153103 153203 153463 153755 154158 154179 154200 154294 154467 154572 154793 154857 154910 154911 155059 155496 155591 155735 155824 155964
155094 22 152812 153021 153113 153444 153608 153628 153870 154017 154168 154189 154210 154400 154401 154490 154688 154830 154898 155530 155685 155784 155889 155995
155496 21 113211 152713 152945 153103 153203 153463 153755 154158 154179 154200 154294 154467 154572 154793 154857 154912 155059 155591 155735 155824 155964
155783 23 152782 153020 153109 153430 153607 153627 153858 154016 154167 154188 154209 154399 154489 154683 154827 154974 155080 155529 155684 155781 155784 155880 155992
154207 26 152781 153018 153108 153356 153605 153625 153857 154015 154165 154186 154204 154205 154206 154209 154210 154397 154482 154826 154892 154972 155068 155527 155682 155781 155855 155987
154206 27 152780 153017 153107 153314 153604 153624 153856 154014 154164 154185 154203 154204 154205 154207 154209 154396 154584 154814 154837 154889 154971 155066 155526 155681 155773 155840 155984
154209 26 152782 153020 153109 153430 153607 153627 153858 154016 154167 154188 154206 154207 154210 154211 154212 154399 154489 154683 154827 154974 155080 155529 155684 155783 155880 155992
155784 25 152812 153021 153113 153444 153608 153628 153870 153872 154017 154168 154189 154210 154400 154490 154688 154830 154898 155094 155530 155685 155781 155783 155787 155889 155995
155787 24 152814 153027 153117 153451 153609 153629 153871 154018 154169 154190 154211 154401 154491 154697 154837 154899 154975 155531 155686 155784 155789 155790 155906 156000
155889 21 152812 153021 153113 153444 153608 153628 153870 154017 154168 154189 154210 154400 154490 154688 154830 154898 155094 155530 155685 155784 155995
155789 26 152821 153035 153124 153454 153610 153630 153872 154019 154170 154191 154212 154294 154433 154492 154705 154838 154900 154976 155115 155687 155787 155790 155791 155792 155907 156015
154200 24 113211 152713 152945 153103 153203 153463 153755 154158 154179 154198 154199 154203 154294 154467 154572 154793 154857 154912 155059 155496 155591 155735 155824 155964
154203 25 104139 114490 114493 153268 153496 153620 153790 154182 154200 154204 154205 154206 154368 154478 154580 154794 154860 154953 155062 155522 155677 155746 155830 155979 7524
154205 25 152779 153016 153106 153313 153603 153623 153855 154013 154163 154184 154203 154204 154206 154207 154481 154583 154803 154885 154970 155065 155525 155680 155759 155837 155983
154204 25 152748 152974 153104 153269 153586 153621 153791 154011 154161 154203 154205 154206 154207 154394 154479 154581 154801 154861 154954 155063 155523 155678 155748 155831 155981
113211 21 152713 152945 153103 153203 153463 153755 154158 154179 154200 154294 154467 154572 154793 154857 154912 155059 155496 155591 155735 155824 155964
154006 24 152882 153099 153163 153457 153613 153735 154007 154008 154009 154102 154173 154194 154215 154460 154527 154719 154845 154903 154993 155166 155534 155691 155791 156030
154007 24 152901 153100 153200 153458 153614 153736 154006 154008 154009 154116 154174 154195 154216 154461 154538 154735 154846 154904 154994 155168 155535 155692 155792 155920
154008 25 152675 152914 153101 153461 153616 153739 154006 154007 154009 154011 154156 154177 154198 154265 154465 154564 154759 154850 154910 155035 155184 155553 155696 155821 155958
154009 26 152683 152935 153102 153202 153617 153754 154006 154007 154008 154011 154012 154157 154178 154199 154278 154466 154567 154776 154856 154911 155044 155490 155554 155697 155823 155959
155790 25 152825 153097 153131 153455 153611 153632 153895 154020 154171 154192 154213 154434 154499 154707 154839 154901 154977 155129 155532 155787 155789 155791 155792 155909 156028
155791 24 152882 153099 153163 153457 153613 153735 154006 154102 154173 154194 154215 154460 154527 154719 154845 154903 154993 155166 155534 155691 155789 155790 155792 156030
155792 24 152901 153100 153200 153458 153614 153736 154007 154116 154174 154195 154216 154461 154538 154735 154846 154904 154994 155168 155535 155692 155789 155790 155791 155920
154904 25 152901 153100 153200 153458 153614 153736 154007 154116 154174 154195 154216 154461 154538 154735 154846 154901 154902 154903 154994 155168 155535 155553 155692 155792 155920
154903 26 152882 153099 153163 153457 153613 153735 153790 154006 154102 154173 154194 154215 154460 154527 154719 154845 154900 154901 154902 154904 154993 155166 155534 155691 155791 156030
154902 27 152858 153098 153132 153456 153612 153633 153971 154011 154098 154172 154193 154214 154459 154509 154718 154842 154899 154900 154901 154903 154904 154978 155165 155533 155690 155910 156029
154901 27 152825 153097 153131 153455 153611 153632 153895 154020 154171 154192 154213 154434 154499 154707 154839 154898 154899 154900 154902 154903 154904 154977 155129 155532 155790 155909 156028
154900 26 152821 153035 153124 153454 153610 153630 153872 154019 154170 154191 154212 154433 154492 154705 154838 154898 154899 154901 154902 154903 154976 155115 155687 155789 155907 156015
257197 22 238553 249915 254071 254072 254074 256601 256630 256631 256633 256634 256708 256709 256889 257123 257210 257211 257310 257368 257485 257486 257498 257534
104139 21 114490 114493 153268 153496 153620 153790 154182 154203 154368 154478 154580 154794 154860 154953 155062 155522 155677 155746 155830 155979 7524
155773 21 152780 153017 153107 153314 153604 153624 153856 154014 154164 154185 154206 154396 154584 154814 154889 154971 155066 155526 155681 155840 155984
154216 24 152901 153100 153200 153458 153614 153736 154007 154116 154174 154195 154213 154214 154215 154461 154538 154735 154846 154904 154994 155168 155535 155692 155792 155920
154020 24 152825 153097 153131 153455 153611 153632 153895 154017 154018 154019 154171 154192 154213 154434 154499 154707 154839 154901 154977 155129 155532 155790 155909 156028
154215 25 152882 153099 153163 153457 153613 153735 154006 154102 154173 154194 154212 154213 154214 154216 154460 154527 154719 154845 154903 154993 155166 155534 155691 155791 156030
154214 26 152858 153098 153132 153456 153612 153633 153971 154098 154172 154193 154211 154212 154213 154215 154216 154459 154509 154718 154842 154902 154978 155165 155533 155690 155910 156029
154213 27 152825 153097 153131 153455 153611 153632 153895 154020 154171 154192 154210 154211 154212 154214 154215 154216 154434 154499 154707 154839 154901 154977 155129 155532 155790 155909 156028
154212 30 152821 153035 153124 153454 153610 153630 153872 154019 154170 154189 154191 154209 154210 154211 154213 154214 154215 154433 154459 154492 154705 154838 154900 154976 155035 155115 155687 155789 155907 156015
154211 26 152814 153027 153117 153451 153609 153629 153871 154018 154169 154190 154209 154210 154212 154213 154214 154401 154491 154697 154837 154899 154975 155531 155686 155787 155906 156000
154210 26 152812 153021 153113 153444 153608 153628 153870 154017 154168 154189 154207 154209 154211 154212 154213 154400 154490 154688 154830 154898 155094 155530 155685 155784 155889 155995
154017 28 152812 153021 153113 153444 153608 153628 153870 154014 154015 154016 154018 154019 154020 154168 154189 154210 154400 154490 154688 154830 154850 154898 155094 155530 155685 155784 155889 155995
154018 26 152814 153027 153117 153451 153609 153629 153871 154015 154016 154017 154019 154020 154169 154190 154211 154401 154491 154697 154837 154899 154975 155531 155686 155787 155906 156000
154015 28 152781 153018 153108 153356 153605 153621 153625 153857 154012 154013 154014 154016 154017 154018 154165 154186 154207 154397 154482 154826 154892 154972 155068 155527 155682 155781 155855 155987
154016 28 152782 153020 153109 153430 153607 153627 153858 154013 154014 154015 154017 154018 154019 154167 154188 154193 154209 154399 154489 154683 154827 154974 155080 155529 155684 155783 155880 155992
154013 26 152779 153016 153106 153313 153603 153623 153855 154011 154012 154014 154015 154016 154163 154184 154205 154481 154583 154803 154885 154970 155065 155525 155680 155759 155837 155983
154014 27 152780 153017 153107 153314 153604 153624 153856 154011 154012 154013 154015 154016 154017 154164 154185 154206 154396 154584 154814 154889 154971 155066 155526 155681 155773 155840 155984
154011 27 152748 152974 153104 153269 153586 153621 153791 154008 154009 154012 154013 154014 154161 154204 154394 154479 154581 154801 154861 154902 154954 155063 155523 155678 155748 155831 155981
154012 27 152778 153015 153105 153306 153589 153622 153813 154009 154011 154013 154014 154015 154162 154183 154395 154480 154582 154802 154845 154884 154969 155064 155524 155679 155749 155832 155982
155781 23 152781 153018 153108 153356 153605 153625 153857 154015 154165 154186 154207 154397 154482 154826 154892 154972 155068 155527 155682 155783 155784 155855 155987
154116 21 152901 153100 153200 153458 153614 153736 154007 154174 154195 154216 154461 154538 154735 154846 154904 154994 155168 155535 155692 155792 155920
154019 26 152821 153035 153124 153454 153610 153630 153858 153872 154016 154017 154018 154020 154170 154191 154212 154433 154492 154705 154838 154900 154976 155115 155687 155789 155907 156015
152779 25 152778 152780 152781 152782 153016 153106 153313 153603 153623 153855 154013 154163 154184 154205 154481 154583 154803 154885 154970 155065 155525 155680 155759 155837 155983
152675 21 152914 153101 153461 153616 153739 154008 154156 154177 154198 154265 154465 154564 154759 154850 154910 155035 155184 155553 155696 155821 155958
152778 24 152779 152780 152781 153015 153105 153306 153589 153622 153813 154012 154162 154183 154395 154480 154582 154802 154884 154969 155064 155524 155679 155749 155832 155982
155044 21 152683 152935 153102 153202 153617 153754 154009 154157 154178 154199 154278 154466 154567 154776 154856 154911 155490 155554 155697 155823 155959
153609 27 152814 153027 153117 153451 153607 153608 153610 153611 153612 153629 153871 154018 154169 154190 154211 154401 154491 154697 154837 154899 154975 155531 155686 155787 155906 156000 156015
155748 23 152748 152974 153104 153269 153586 153621 153791 154011 154161 154204 154394 154479 154581 154801 154861 154954 155063 155523 155678 155746 155749 155831 155981
153605 25 152781 153018 153108 153356 153603 153604 153607 153608 153625 153857 154015 154165 154186 154207 154397 154482 154826 154892 154972 155068 155527 155682 155781 155855 155987
155749 23 152778 153015 153105 153306 153589 153622 153813 154012 154162 154183 154395 154480 154582 154802 154884 154969 155064 155524 155679 155746 155748 155832 155982
155746 23 104139 114490 114493 153268 153496 153620 153790 154182 154203 154368 154478 154580 154794 154860 154953 155062 155522 155677 155748 155749 155830 155979 7524
153607 26 152782 153020 153109 153430 153604 153605 153608 153609 153610 153627 153858 154016 154167 154188 154209 154399 154489 154683 154827 154974 155080 155529 155684 155783 155880 155992
153608 26 152812 153021 153113 153444 153605 153607 153609 153610 153611 153628 153870 154017 154168 154189 154210 154400 154490 154688 154830 154898 155094 155530 155685 155784 155889 155995
155184 21 152675 152914 153101 153461 153616 153739 154008 154156 154177 154198 154265 154465 154564 154759 154850 154910 155035 155553 155696 155821 155958
155840 23 152780 153017 153107 153314 153604 153624 153856 154014 154164 154185 154206 154396 154492 154584 154814 154889 154971 155066 155526 155681 155773 155837 155984
153603 23 152779 153016 153106 153313 153604 153605 153623 153855 154013 154163 154184 154205 154481 154583 154803 154885 154970 155065 155525 155680 155759 155837 155983
153604 24 152780 153017 153107 153314 153603 153605 153607 153624 153856 154014 154164 154185 154206 154396 154584 154814 154889 154971 155066 155526 155681 155773 155840 155984
155035 24 152675 152914 153101 153461 153616 153739 154008 154156 154177 154189 154198 154212 154265 154459 154465 154564 154759 154850 154910 155184 155553 155696 155821 155958
152683 21 152935 153102 153202 153617 153754 154009 154157 154178 154199 154278 154466 154567 154776 154856 154911 155044 155490 155554 155697 155823 155959
155958 23 152675 152914 153101 153461 153616 153739 154008 154156 154177 154198 154265 154465 154482 154564 154759 154850 154910 155035 155184 155553 155696 155821 155959
153813 21 152778 153015 153105 153306 153589 153622 154012 154162 154183 154395 154480 154582 154802 154884 154969 155064 155524 155679 155749 155832 155982
152780 25 152778 152779 152781 152782 153017 153107 153314 153604 153624 153856 154014 154164 154185 154206 154396 154584 154814 154889 154971 155066 155526 155681 155773 155840 155984
155166 23 152882 153099 153163 153457 153613 153735 154006 154102 154173 154194 154215 154460 154527 154719 154845 154903 154993 155165 155168 155534 155691 155791 156030
155959 22 152683 152935 153102 153202 153617 153754 154009 154157 154178 154199 154278 154466 154567 154776 154856 154911 155044 155490 155554 155697 155823 155958
152782 24 152779 152780 152781 153020 153109 153430 153607 153627 153858 154016 154167 154188 154209 154399 154489 154683 154827 154974 155080 155529 155684 155783 155880 155992
155168 23 152901 153100 153200 153458 153614 153736 154007 154116 154174 154195 154216 154461 154538 154735 154846 154904 154994 155165 155166 155535 155692 155792 155920
152781 25 152778 152779 152780 152782 153018 153108 153356 153605 153625 153857 154015 154165 154186 154207 154397 154482 154826 154892 154972 155068 155527 155682 155781 155855 155987
155759 21 152779 153016 153106 153313 153603 153623 153855 154013 154163 154184 154205 154481 154583 154803 154885 154970 155065 155525 155680 155837 155983
153616 24 152675 152914 153101 153461 153613 153614 153617 153739 154008 154156 154177 154198 154265 154465 154564 154759 154850 154910 155035 155184 155553 155696 155821 155958
155855 21 152781 153018 153108 153356 153605 153625 153857 154015 154165 154186 154207 154397 154482 154826 154892 154972 155068 155527 155682 155781 155987
153617 24 152683 152935 153102 153202 153614 153616 153620 153754 154009 154157 154178 154199 154278 154466 154567 154776 154856 154911 155044 155490 155554 155697 155823 155959
153614 26 152901 153100 153200 153458 153611 153612 153613 153616 153617 153736 154007 154116 154174 154195 154216 154461 154538 154735 154846 154904 154994 155168 155535 155692 155792 155920
153612 26 152858 153098 153132 153456 153609 153610 153611 153613 153614 153633 153971 154098 154172 154193 154214 154459 154509 154718 154842 154902 154978 155165 155533 155690 155910 156029
153613 27 152882 153099 153163 153457 153610 153611 153612 153614 153616 153735 154006 154102 154173 154194 154215 154460 154527 154719 154845 154903 154993 155066 155166 155534 155691 155791 156030
153610 27 152821 153035 153124 153454 153607 153608 153609 153611 153612 153613 153630 153872 154019 154170 154191 154212 154433 154492 154705 154838 154900 154976 155115 155687 155789 155907 156015
153611 28 152825 153097 153131 153455 153608 153609 153610 153612 153613 153614 153632 153895 154020 154171 154192 154213 154434 154499 154707 154839 154901 154977 155129 155532 155735 155790 155909 156028
155920 21 152901 153100 153200 153458 153614 153736 154007 154116 154174 154195 154216 154461 154538 154735 154846 154904 154994 155168 155535 155692 155792
153035 21 152821 153124 153454 153610 153630 153872 154019 154170 154191 154212 154433 154492 154705 154838 154900 154976 155115 155687 155789 155907 156015
153021 24 152812 153018 153020 153113 153444 153608 153628 153870 154017 154168 154189 154210 154400 154490 154688 154830 154898 155094 155530 155685 155784 155889 155979 155995
153027 21 152814 153117 153451 153609 153629 153871 154018 154169 154190 154211 154401 154491 154697 154837 154899 154975 155531 155686 155787 155906 156000
155880 21 152782 153020 153109 153430 153607 153627 153858 154016 154167 154188 154209 154399 154489 154683 154827 154974 155080 155529 155684 155783 155992
155735 22 113211 152713 152945 153103 153203 153463 153611 153755 154158 154179 154200 154294 154467 154572 154793 154857 154912 155059 155496 155591 155824 155964
153739 22 152675 152914 153101 153461 153616 153736 154008 154156 154177 154198 154265 154465 154564 154759 154850 154910 155035 155184 155553 155696 155821 155958
153735 23 152882 153099 153163 153457 153613 153736 154006 154102 154173 154194 154215 154460 154480 154527 154719 154845 154903 154993 155166 155534 155691 155791 156030
153736 23 152901 153100 153200 153458 153614 153735 153739 154007 154116 154174 154195 154216 154461 154538 154735 154846 154904 154994 155168 155535 155692 155792 155920
154803 23 152779 153016 153106 153313 153603 153623 153855 154013 154163 154184 154205 154481 154583 154801 154802 154885 154970 155065 155525 155680 155759 155837 155983
154802 23 152778 153015 153105 153306 153589 153622 153813 154012 154162 154183 154395 154480 154582 154801 154803 154884 154969 155064 155524 155679 155749 155832 155982
154801 23 152748 152974 153104 153269 153586 153621 153791 154011 154161 154204 154394 154479 154581 154802 154803 154861 154954 155063 155523 155678 155748 155831 155981
155080 21 152782 153020 153109 153430 153607 153627 153858 154016 154167 154188 154209 154399 154489 154683 154827 154974 155529 155684 155783 155880 155992
153018 26 152781 153015 153016 153017 153020 153021 153108 153356 153605 153625 153857 154015 154165 154186 154207 154397 154482 154826 154892 154972 155068 155527 155682 155781 155855 155987
128405 0
155982 26 152778 153015 153105 153306 153589 153622 153813 154012 154162 154183 154395 154480 154582 154802 154884 154969 155062 155064 155524 155679 155749 155832 155979 155981 155983 155984
153015 25 152778 153016 153017 153018 153105 153163 153306 153589 153622 153813 154012 154162 154183 154395 154480 154582 154802 154884 154969 155064 155524 155679 155749 155832 155982
155983 24 152779 153016 153106 153313 153603 153623 153855 154013 154163 154184 154205 154481 154583 154803 154885 154970 155065 155525 155680 155759 155837 155981 155982 155984
154707 22 152825 153097 153131 153455 153611 153632 153895 154020 154171 154192 154213 154434 154499 154705 154839 154901 154977 155129 155532 155790 155909 156028
153017 25 152780 153015 153016 153018 153020 153107 153314 153604 153624 153856 154014 154164 154185 154206 154396 154584 154814 154889 154971 155066 155526 155681 155773 155840 155984
155981 25 152748 152974 153104 153269 153586 153621 153791 154011 154161 154204 154394 154479 154581 154801 154861 154954 155063 155523 155678 155748 155831 155979 155982 155983 155984
153016 24 152779 153015 153017 153018 153106 153313 153603 153623 153855 154013 154163 154184 154205 154481 154583 154803 154885 154970 155065 155525 155680 155759 155837 155983
154705 22 152821 153035 153124 153454 153610 153630 153872 154019 154170 154191 154212 154433 154492 154707 154838 154900 154976 155115 155687 155789 155907 156015
155987 22 152781 153018 153108 153356 153605 153625 153857 154015 154165 154186 154207 154397 154482 154826 154892 154972 155068 155527 155682 155781 155855 155984
155984 25 152780 153017 153107 153314 153604 153624 153856 154014 154164 154185 154206 154396 154584 154814 154889 154971 155066 155526 155681 155773 155840 155981 155982 155983 155987
153020 24 152782 153017 153018 153021 153109 153430 153607 153627 153858 154016 154167 154188 154209 154399 154489 154683 154827 154974 155080 155529 155684 155783 155880 155992
153858 25 152782 153020 153109 153430 153607 153627 153855 153856 153857 154016 154019 154167 154188 154209 154399 154489 154683 154827 154974 155080 155529 155684 155783 155880 155992
155129 21 152825 153097 153131 153455 153611 153632 153895 154020 154171 154192 154213 154434 154499 154707 154839 154901 154977 155532 155790 155909 156028
153856 24 152780 153017 153107 153314 153604 153624 153855 153857 153858 154014 154164 154185 154206 154396 154584 154814 154889 154971 155066 155526 155681 155773 155840 155984
153857 24 152781 153018 153108 153356 153605 153625 153855 153856 153858 154015 154165 154186 154207 154397 154482 154826 154892 154972 155068 155527 155682 155781 155855 155987
153855 24 152779 153016 153106 153313 153603 153623 153856 153857 153858 154013 154163 154184 154205 154481 154583 154803 154885 154970 155065 155525 155680 155759 155837 155983
155992 22 152782 153020 153109 153430 153607 153627 153858 154016 154167 154188 154209 154399 154489 154683 154827 154974 155080 155529 155684 155783 155880 155995
155995 22 152812 153021 153113 153444 153608 153628 153870 154017 154168 154189 154210 154400 154490 154688 154830 154898 155094 155530 155685 155784 155889 155992
155068 23 152781 153018 153108 153356 153605 153625 153857 154015 154165 154186 154207 154397 154482 154826 154892 154972 155065 155066 155527 155682 155781 155855 155987
154827 23 152782 153020 153109 153430 153607 153627 153858 154016 154167 154188 154209 154399 154489 154683 154826 154830 154974 155080 155529 155684 155783 155880 155992
154826 22 152781 153018 153108 153356 153605 153625 153857 154015 154165 154186 154207 154397 154482 154827 154892 154972 155068 155527 155682 155781 155855 155987
155964 21 113211 152713 152945 153103 153203 153463 153755 154158 154179 154200 154294 154467 154572 154793 154857 154912 155059 155496 155591 155735 155824
155066 26 152780 153017 153107 153314 153604 153613 153624 153856 154014 154164 154185 154206 154396 154584 154814 154889 154971 155063 155064 155065 155068 155526 155681 155773 155840 155984
155065 27 152779 153016 153106 153113 153313 153603 153623 153855 154013 154163 154184 154205 154481 154583 154803 154885 154970 155062 155063 155064 155066 155068 155525 155680 155759 155837 155983
155064 25 152778 153015 153105 153306 153589 153622 153813 154012 154162 154183 154395 154480 154582 154802 154884 154969 155062 155063 155065 155066 155524 155679 155749 155832 155982
155063 25 152748 152974 153104 153269 153586 153621 153791 154011 154161 154204 154394 154479 154581 154801 154861 154954 155062 155064 155065 155066 155523 155678 155748 155831 155981
155062 26 104139 114490 114493 153268 153496 153620 153790 154182 154203 154368 154478 154580 154794 154860 154953 155059 155063 155064 155065 155522 155677 155746 155830 155979 155982 7524
155824 23 113211 152713 152945 153103 153203 153463 153755 154158 154179 154200 154294 154467 154572 154793 154857 154912 155059 155496 155591 155735 155821 155823 155964
155823 23 152683 152935 153102 153202 153617 153754 154009 154157 154178 154199 154278 154466 154567 154776 154856 154911 155044 155490 155554 155697 155821 155824 155959
155059 22 113211 152713 152945 153103 153203 153463 153755 154158 154179 154200 154294 154467 154572 154793 154857 154912 155062 155496 155591 155735 155824 155964
155821 23 152675 152914 153101 153461 153616 153739 154008 154156 154177 154198 154265 154465 154564 154759 154850 154910 155035 155184 155553 155696 155823 155824 155958
155165 24 152858 153098 153132 153456 153612 153633 153971 154098 154172 154193 154214 154459 154509 154718 154842 154902 154971 154978 155166 155168 155533 155690 155910 156029
256889 22 238553 249915 254071 254072 254074 256601 256630 256631 256633 256634 256708 256709 257123 257197 257210 257211 257310 257368 257485 257486 257498 257534
153971 22 152858 153098 153132 153456 153612 153628 153633 154098 154172 154193 154214 154459 154509 154718 154842 154902 154978 155165 155533 155690 155910 156029
155979 24 104139 114490 114493 153021 153268 153496 153620 153790 154182 154203 154368 154478 154580 154794 154860 154953 155062 155522 155677 155746 155830 155981 155982 7524
154814 21 152780 153017 153107 153314 153604 153624 153856 154014 154164 154185 154206 154396 154584 154889 154971 155066 155526 155681 155773 155840 155984
155837 22 152779 153016 153106 153313 153603 153623 153855 154013 154163 154184 154205 154481 154583 154803 154885 154970 155065 155525 155680 155759 155840 155983
155831 23 152748 152974 153104 153269 153586 153621 153791 154011 154161 154204 154394 154479 154581 154801 154861 154954 155063 155523 155678 155748 155830 155832 155981
155830 23 104139 114490 114493 153268 153496 153620 153790 154182 154203 154368 154478 154580 154794 154860 154953 155062 155522 155677 155746 155831 155832 155979 7524
155832 23 152778 153015 153105 153306 153589 153622 153813 154012 154162 154183 154395 154480 154582 154802 154884 154969 155064 155524 155679 155749 155830 155831 155982
155635 15 155628 155629 155630 155631 155632 155633 155636 155637 155638 155639 155640 155641 155643 155644 155645
17989 25 17980 17983 17986 17987 17988 17990 17991 17992 17995 18001 18004 18007 18010 18013 18016 18019 18022 18025 18028 18031 18034 18037 18040 18043 18046
155633 15 155628 155629 155630 155631 155632 155635 155636 155637 155638 155639 155640 155641 155643 155644 155645
257498 22 238553 249915 254071 254072 254074 256601 256630 256631 256633 256634 256708 256709 256889 257123 257197 257210 257211 257310 257368 257485 257486 257534
155632 15 155628 155629 155630 155631 155633 155635 155636 155637 155638 155639 155640 155641 155643 155644 155645
155631 15 155628 155629 155630 155632 155633 155635 155636 155637 155638 155639 155640 155641 155643 155644 155645
17986 25 17980 17983 17984 17985 17987 17988 17989 17992 17995 18001 18004 18007 18010 18013 18016 18019 18022 18025 18028 18031 18034 18037 18040 18043 18046
17985 25 17979 17982 17983 17984 17986 17987 17988 17991 17994 18000 18003 18006 18009 18012 18015 18018 18021 18024 18027 18030 18033 18036 18039 18042 18045
155630 15 155628 155629 155631 155632 155633 155635 155636 155637 155638 155639 155640 155641 155643 155644 155645
17988 25 17979 17982 17985 17986 17987 17989 17990 17991 17994 18000 18003 18006 18009 18012 18015 18018 18021 18024 18027 18030 18033 18036 18039 18042 18045
17987 25 17981 17984 17985 17986 17988 17989 17990 17993 17996 18002 18005 18008 18011 18014 18017 18020 18023 18026 18029 18032 18035 18038 18041 18044 18047
155639 15 155628 155629 155630 155631 155632 155633 155635 155636 155637 155638 155640 155641 155643 155644 155645
153461 23 152675 152914 153101 153458 153463 153616 153739 154008 154156 154177 154198 154265 154465 154564 154759 154850 154910 155035 155184 155553 155696 155821 155958
155638 15 155628 155629 155630 155631 155632 155633 155635 155636 155637 155639 155640 155641 155643 155644 155645
155637 15 155628 155629 155630 155631 155632 155633 155635 155636 155638 155639 155640 155641 155643 155644 155645
153463 22 113211 152713 152945 153103 153203 153461 153755 154158 154179 154200 154294 154467 154572 154793 154857 154912 155059 155496 155591 155735 155824 155964
155636 15 155628 155629 155630 155631 155632 155633 155635 155637 155638 155639 155640 155641 155643 155644 155645
153268 23 104139 114490 114493 153269 153496 153620 153790 154182 154203 154368 154478 154580 154794 154860 154953 155062 155522 155554 155677 155746 155830 155979 7524
152821 21 153035 153124 153454 153610 153630 153872 154019 154170 154191 154212 154433 154492 154705 154838 154900 154976 155115 155687 155789 155907 156015
153269 22 152748 152974 153104 153268 153586 153621 153791 154011 154161 154204 154394 154479 154581 154801 154861 154954 155063 155523 155678 155748 155831 155981
152825 21 153097 153131 153455 153611 153632 153895 154020 154171 154192 154213 154434 154499 154707 154839 154901 154977 155129 155532 155790 155909 156028
17981 25 17979 17980 17982 17983 17984 17987 17990 17993 17996 18002 18005 18008 18011 18014 18017 18020 18023 18026 18029 18032 18035 18038 18041 18044 18047
154718 22 152858 153098 153132 153456 153612 153633 153971 154098 154172 154193 154214 154459 154509 154719 154842 154902 154978 155165 155533 155690 155910 156029
153872 24 152821 153035 153124 153454 153610 153630 153870 153871 154019 154170 154191 154212 154433 154492 154705 154838 154900 154976 155115 155687 155784 155789 155907 156015
17982 25 17979 17980 17981 17983 17984 17985 17988 17991 17994 18000 18003 18006 18009 18012 18015 18018 18021 18024 18027 18030 18033 18036 18039 18042 18045
154719 22 152882 153099 153163 153457 153613 153735 154006 154102 154173 154194 154215 154460 154527 154718 154845 154903 154993 155166 155534 155691 155791 156030
17983 25 17980 17981 17982 17984 17985 17986 17989 17992 17995 18001 18004 18007 18010 18013 18016 18019 18022 18025 18028 18031 18034 18037 18040 18043 18046
17984 25 17981 17982 17983 17985 17986 17987 17990 17993 17996 18002 18005 18008 18011 18014 18017 18020 18023 18026 18029 18032 18035 18038 18041 18044 18047
153871 23 152814 153027 153117 153451 153609 153629 153870 153872 154018 154169 154190 154211 154401 154491 154697 154837 154899 154975 155531 155686 155787 155906 156000
153870 23 152812 153021 153113 153444 153608 153628 153871 153872 154017 154168 154189 154210 154400 154490 154688 154830 154898 155094 155530 155685 155784 155889 155995
17980 24 17979 17981 17982 17983 17986 17989 17992 17995 18001 18004 18007 18010 18013 18016 18019 18022 18025 18028 18031 18034 18037 18040 18043 18046
257486 22 238553 249915 254071 254072 254074 256601 256630 256631 256633 256634 256708 256709 256889 257123 257197 257210 257211 257310 257368 257485 257498 257534
257485 22 238553 249915 254071 254072 254074 256601 256630 256631 256633 256634 256708 256709 256889 257123 257197 257210 257211 257310 257368 257486 257498 257534
17996 23 17981 17984 17987 17990 17993 17994 17995 18002 18005 18008 18011 18014 18017 18020 18023 18026 18029 18032 18035 18038 18041 18044 18047
154527 21 152882 153099 153163 153457 153613 153735 154006 154102 154173 154194 154215 154460 154719 154845 154903 154993 155166 155534 155691 155791 156030
257211 22 238553 249915 254071 254072 254074 256601 256630 256631 256633 256634 256708 256709 256889 257123 257197 257210 257310 257368 257485 257486 257498 257534
155629 15 155628 155630 155631 155632 155633 155635 155636 155637 155638 155639 155640 155641 155643 155644 155645
257210 22 238553 249915 254071 254072 254074 256601 256630 256631 256633 256634 256708 256709 256889 257123 257197 257211 257310 257368 257485 257486 257498 257534
155628 15 155629 155630 155631 155632 155633 155635 155636 155637 155638 155639 155640 155641 155643 155644 155645
152812 22 152814 153021 153113 153444 153608 153628 153870 154017 154168 154189 154210 154400 154490 154688 154830 154898 155094 155530 155685 155784 155889 155995
152814 22 152812 153027 153117 153451 153609 153629 153871 154018 154169 154190 154211 154401 154491 154697 154837 154899 154975 155531 155686 155787 155906 156000
17994 25 17979 17982 17985 17988 17991 17992 17993 17995 17996 18000 18003 18006 18009 18012 18015 18018 18021 18024 18027 18030 18033 18036 18039 18042 18045
17995 24 17980 17983 17986 17989 17992 17993 17994 17996 18001 18004 18007 18010 18013 18016 18019 18022 18025 18028 18031 18034 18037 18040 18043 18046
17992 25 17980 17983 17986 17989 17990 17991 17993 17994 17995 18001 18004 18007 18010 18013 18016 18019 18022 18025 18028 18031 18034 18037 18040 18043 18046
17993 25 17981 17984 17987 17990 17991 17992 17994 17995 17996 18002 18005 18008 18011 18014 18017 18020 18023 18026 18029 18032 18035 18038 18041 18044 18047
17990 25 17981 17984 17987 17988 17989 17991 17992 17993 17996 18002 18005 18008 18011 18014 18017 18020 18023 18026 18029 18032 18035 18038 18041 18044 18047
17991 25 17979 17982 17985 17988 17989 17990 17992 17993 17994 18000 18003 18006 18009 18012 18015 18018 18021 18024 18027 18030 18033 18036 18039 18042 18045
152713 21 113211 152945 153103 153203 153463 153755 154158 154179 154200 154294 154467 154572 154793 154857 154912 155059 155496 155591 155735 155824 155964
155910 23 152858 153098 153132 153456 153612 153633 153971 154098 154172 154193 154214 154459 154509 154718 154842 154902 154978 155165 155533 155690 155907 155909 156029
154538 21 152901 153100 153200 153458 153614 153736 154007 154116 154174 154195 154216 154461 154735 154846 154904 154994 155168 155535 155692 155792 155920
153754 22 152683 152935 153102 153202 153617 153755 154009 154157 154178 154199 154278 154466 154567 154776 154856 154911 155044 155490 155554 155697 155823 155959
114490 21 104139 114493 153268 153496 153620 153790 154182 154203 154368 154478 154580 154794 154860 154953 155062 155522 155677 155746 155830 155979 7524
257368 21 238553 254071 254072 254074 256601 256630 256631 256633 256634 256708 256709 256889 257123 257197 257210 257211 257310 257485 257486 257498 257534
154735 21 152901 153100 153200 153458 153614 153736 154007 154116 154174 154195 154216 154461 154538 154846 154904 154994 155168 155535 155692 155792 155920
153895 21 152825 153097 153131 153455 153611 153632 154020 154171 154192 154213 154434 154499 154707 154839 154901 154977 155129 155532 155790 155909 156028
153755 22 113211 152713 152945 153103 153203 153463 153754 154158 154179 154200 154294 154467 154572 154793 154857 154912 155059 155496 155591 155735 155824 155964
114493 21 104139 114490 153268 153496 153620 153790 154182 154203 154368 154478 154580 154794 154860 154953 155062 155522 155677 155746 155830 155979 7524
152974 21 152748 153104 153269 153586 153621 153791 154011 154161 154204 154394 154479 154581 154801 154861 154954 155063 155523 155678 155748 155831 155981
154401 24 152814 153027 153117 153451 153609 153629 153871 154018 154169 154190 154211 154399 154400 154491 154697 154837 154899 154975 155094 155531 155686 155787 155906 156000
153163 22 152882 153015 153099 153457 153613 153735 154006 154102 154173 154194 154215 154460 154527 154719 154845 154903 154993 155166 155534 155691 155791 156030
154400 24 152812 153021 153113 153444 153608 153628 153870 154017 154168 154189 154210 154397 154399 154401 154490 154688 154830 154898 155094 155530 155685 155784 155889 155995
153356 21 152781 153018 153108 153605 153625 153857 154015 154165 154186 154207 154397 154482 154826 154892 154972 155068 155527 155682 155781 155855 155987
153496 21 104139 114490 114493 153268 153620 153790 154182 154203 154368 154478 154580 154794 154860 154953 155062 155522 155677 155746 155830 155979 7524
155906 23 152814 153027 153117 153451 153609 153629 153871 154018 154169 154190 154211 154401 154491 154697 154837 154899 154975 155531 155686 155787 155907 155909 156000
155907 24 152821 153035 153124 153454 153610 153630 153872 154019 154170 154191 154212 154433 154492 154705 154838 154900 154976 155115 155687 155789 155906 155909 155910 156015
155909 25 152825 153097 153131 153455 153611 153632 153895 154020 154171 154192 154213 154434 154499 154707 154839 154901 154977 155129 155532 155691 155790 155906 155907 155910 156028
155115 21 152821 153035 153124 153454 153610 153630 153872 154019 154170 154191 154212 154433 154492 154705 154838 154900 154976 155687 155789 155907 156015
153097 24 152825 153098 153099 153100 153131 153455 153611 153632 153895 154020 154171 154192 154213 154434 154499 154707 154839 154901 154977 155129 155532 155790 155909 156028
153630 26 152821 153035 153124 153454 153610 153627 153628 153629 153632 153633 153872 154019 154170 154191 154212 154433 154492 154705 154838 154900 154976 155115 155687 155789 155907 156015
153633 23 152858 153098 153132 153456 153612 153630 153632 153971 154098 154172 154193 154214 154459 154509 154718 154842 154902 154978 155165 155533 155690 155910 156029
153632 24 152825 153097 153131 153455 153611 153629 153630 153633 153895 154020 154171 154192 154213 154434 154499 154707 154839 154901 154977 155129 155532 155790 155909 156028
249915 21 238553 254071 254072 254074 256601 256630 256631 256633 256634 256708 256709 256889 257123 257197 257210 257211 257310 257485 257486 257498 257534
153124 21 152821 153035 153454 153610 153630 153872 154019 154170 154191 154212 154433 154492 154705 154838 154900 154976 155115 155687 155789 155907 156015
154759 21 152675 152914 153101 153461 153616 153739 154008 154156 154177 154198 154265 154465 154564 154850 154910 155035 155184 155553 155696 155821 155958
153629 25 152814 153027 153117 153451 153609 153627 153628 153630 153632 153871 154018 154169 154190 154211 154401 154491 154697 154837 154899 154975 155531 155686 155787 155906 156000
153628 27 152812 153021 153113 153444 153608 153625 153627 153629 153630 153870 153971 154017 154168 154189 154210 154400 154490 154688 154830 154898 154972 155094 155530 155685 155784 155889 155995
153627 26 152782 153020 153109 153430 153607 153624 153625 153628 153629 153630 153858 154016 154167 154188 154209 154399 154489 154683 154827 154974 155080 155529 155684 155783 155880 155992
153625 26 152781 153018 153108 153356 153605 153622 153623 153624 153627 153628 153857 154015 154165 154186 154207 154397 154482 154826 154892 154972 155068 155527 155682 155781 155855 155987
153624 26 152780 153017 153107 153314 153604 153621 153622 153623 153625 153627 153856 154014 154164 154185 154206 154396 154584 154814 154889 154971 155066 155526 155681 155773 155840 155984
153623 26 152779 153016 153106 153313 153603 153620 153621 153622 153624 153625 153855 154013 154163 154184 154205 154481 154583 154803 154885 154970 155065 155525 155680 155759 155837 155983
153622 26 152778 153015 153105 153306 153589 153620 153621 153623 153624 153625 153813 154012 154162 154183 154395 154480 154582 154802 154884 154969 155064 155524 155679 155749 155832 155982
153621 26 152748 152974 153104 153269 153586 153620 153622 153623 153624 153791 154011 154015 154161 154204 154394 154479 154581 154801 154861 154954 155063 155523 155678 155748 155831 155981
153620 25 104139 114490 114493 153268 153496 153617 153621 153622 153623 153790 154182 154203 154368 154478 154580 154794 154860 154953 155062 155522 155677 155746 155830 155979 7524
153131 22 152825 153097 153132 153455 153611 153632 153895 154020 154171 154192 154213 154434 154499 154707 154839 154901 154977 155129 155532 155790 155909 156028
153132 22 152858 153098 153131 153456 153612 153633 153971 154098 154172 154193 154214 154459 154509 154718 154842 154902 154978 155165 155533 155690 155910 156029
153099 26 152882 153097 153098 153100 153101 153102 153163 153457 153613 153735 154006 154102 154173 154194 154215 154460 154527 154719 154845 154903 154993 155166 155534 155691 155791 156030
153098 25 152858 153097 153099 153100 153101 153132 153456 153612 153633 153971 154098 154172 154193 154214 154459 154509 154718 154842 154902 154978 155165 155533 155690 155910 156029
152858 21 153098 153132 153456 153612 153633 153971 154098 154172 154193 154214 154459 154509 154718 154842 154902 154978 155165 155533 155690 155910 156029
152945 21 113211 152713 153103 153203 153463 153755 154158 154179 154200 154294 154467 154572 154793 154857 154912 155059 155496 155591 155735 155824 155964
153102 27 152683 152935 153099 153100 153101 153103 153104 153105 153202 153617 153754 154009 154157 154178 154199 154278 154466 154567 154776 154856 154911 155044 155490 155554 155697 155823 155959
18039 25 17979 17982 17985 17988 17991 17994 18000 18003 18006 18009 18012 18015 18018 18021 18024 18027 18030 18033 18036 18037 18038 18040 18041 18042 18045
153103 27 113211 152713 152945 153100 153101 153102 153104 153105 153106 153203 153463 153755 154158 154179 154200 154294 154467 154572 154793 154857 154912 155059 155496 155591 155735 155824 155964
18038 25 17981 17984 17987 17990 17993 17996 18002 18005 18008 18011 18014 18017 18020 18023 18026 18029 18032 18035 18036 18037 18039 18040 18041 18044 18047
153104 27 152748 152974 153101 153102 153103 153105 153106 153107 153269 153586 153621 153791 154011 154161 154204 154394 154479 154581 154801 154861 154954 155063 155523 155678 155748 155831 155981
18037 25 17980 17983 17986 17989 17992 17995 18001 18004 18007 18010 18013 18016 18019 18022 18025 18028 18031 18034 18035 18036 18038 18039 18040 18043 18046
152882 21 153099 153163 153457 153613 153735 154006 154102 154173 154194 154215 154460 154527 154719 154845 154903 154993 155166 155534 155691 155791 156030
153105 27 152778 153015 153102 153103 153104 153106 153107 153108 153306 153589 153622 153813 154012 154162 154183 154395 154480 154582 154802 154884 154969 155064 155524 155679 155749 155832 155982
18036 25 17979 17982 17985 17988 17991 17994 18000 18003 18006 18009 18012 18015 18018 18021 18024 18027 18030 18033 18034 18035 18037 18038 18039 18042 18045
18035 25 17981 17984 17987 17990 17993 17996 18002 18005 18008 18011 18014 18017 18020 18023 18026 18029 18032 18033 18034 18036 18037 18038 18041 18044 18047
18034 25 17980 17983 17986 17989 17992 17995 18001 18004 18007 18010 18013 18016 18019 18022 18025 18028 18031 18032 18033 18035 18036 18037 18040 18043 18046
153100 27 152901 153097 153098 153099 153101 153102 153103 153200 153458 153614 153736 154007 154116 154174 154195 154216 154461 154538 154735 154846 154904 154994 155168 155535 155692 155792 155920
18033 25 17979 17982 17985 17988 17991 17994 18000 18003 18006 18009 18012 18015 18018 18021 18024 18027 18030 18031 18032 18034 18035 18036 18039 18042 18045
153101 27 152675 152914 153098 153099 153100 153102 153103 153104 153461 153616 153739 154008 154156 154177 154198 154265 154465 154564 154759 154850 154910 155035 155184 155553 155696 155821 155958
18032 25 17981 17984 17987 17990 17993 17996 18002 18005 18008 18011 18014 18017 18020 18023 18026 18029 18030 18031 18033 18034 18035 18038 18041 18044 18047
152748 21 152974 153104 153269 153586 153621 153791 154011 154161 154204 154394 154479 154581 154801 154861 154954 155063 155523 155678 155748 155831 155981
18031 25 17980 17983 17986 17989 17992 17995 18001 18004 18007 18010 18013 18016 18019 18022 18025 18028 18029 18030 18032 18033 18034 18037 18040 18043 18046
18030 25 17979 17982 17985 17988 17991 17994 18000 18003 18006 18009 18012 18015 18018 18021 18024 18027 18028 18029 18031 18032 18033 18036 18039 18042 18045
153791 22 152748 152974 153104 153269 153586 153621 153790 154011 154161 154204 154394 154479 154581 154801 154861 154954 155063 155523 155678 155748 155831 155981
153106 27 152779 153016 153103 153104 153105 153107 153108 153109 153313 153603 153623 153855 154013 154163 154184 154205 154481 154583 154803 154885 154970 155065 155525 155680 155759 155837 155983
153107 26 152780 153017 153104 153105 153106 153108 153109 153314 153604 153624 153856 154014 154164 154185 154206 154396 154584 154814 154889 154971 155066 155526 155681 155773 155840 155984
154776 21 152683 152935 153102 153202 153617 153754 154009 154157 154178 154199 154278 154466 154567 154856 154911 155044 155490 155554 155697 155823 155959
153108 25 152781 153018 153105 153106 153107 153109 153356 153605 153625 153857 154015 154165 154186 154207 154397 154482 154826 154892 154972 155068 155527 155682 155781 155855 155987
153109 24 152782 153020 153106 153107 153108 153430 153607 153627 153858 154016 154167 154188 154209 154399 154489 154683 154827 154974 155080 155529 155684 155783 155880 155992
153790 23 104139 114490 114493 153268 153496 153620 153791 154182 154203 154368 154478 154580 154794 154860 154903 154953 155062 155522 155677 155746 155830 155979 7524
152935 21 152683 153102 153202 153617 153754 154009 154157 154178 154199 154278 154466 154567 154776 154856 154911 155044 155490 155554 155697 155823 155959
154509 21 152858 153098 153132 153456 153612 153633 153971 154098 154172 154193 154214 154459 154718 154842 154902 154978 155165 155533 155690 155910 156029
18047 23 17981 17984 17987 17990 17993 17996 18002 18005 18008 18011 18014 18017 18020 18023 18026 18029 18032 18035 18038 18041 18044 18045 18046
153113 22 152812 153021 153444 153608 153628 153870 154017 154168 154189 154210 154400 154490 154688 154830 154898 155065 155094 155530 155685 155784 155889 155995
18044 25 17981 17984 17987 17990 17993 17996 18002 18005 18008 18011 18014 18017 18020 18023 18026 18029 18032 18035 18038 18041 18042 18043 18045 18046 18047
18043 25 17980 17983 17986 17989 17992 17995 18001 18004 18007 18010 18013 18016 18019 18022 18025 18028 18031 18034 18037 18040 18041 18042 18044 18045 18046
18046 24 17980 17983 17986 17989 17992 17995 18001 18004 18007 18010 18013 18016 18019 18022 18025 18028 18031 18034 18037 18040 18043 18044 18045 18047
18045 25 17979 17982 17985 17988 17991 17994 18000 18003 18006 18009 18012 18015 18018 18021 18024 18027 18030 18033 18036 18039 18042 18043 18044 18046 18047
18040 25 17980 17983 17986 17989 17992 17995 18001 18004 18007 18010 18013 18016 18019 18022 18025 18028 18031 18034 18037 18038 18039 18041 18042 18043 18046
18042 25 17979 17982 17985 17988 17991 17994 18000 18003 18006 18009 18012 18015 18018 18021 18024 18027 18030 18033 18036 18039 18040 18041 18043 18044 18045
18041 25 17981 17984 17987 17990 17993 17996 18002 18005 18008 18011 18014 18017 18020 18023 18026 18029 18032 18035 18038 18039 18040 18042 18043 18044 18047
153117 21 152814 153027 153451 153609 153629 153871 154018 154169 154190 154211 154401 154491 154697 154837 154899 154975 155531 155686 155787 155906 156000
154177 24 152675 152914 153101 153461 153616 153739 154008 154156 154174 154178 154179 154198 154265 154465 154564 154759 154850 154910 155035 155184 155553 155696 155821 155958
154179 24 113211 152713 152945 153103 153203 153463 153755 154158 154177 154178 154182 154200 154294 154467 154572 154793 154857 154912 155059 155496 155591 155735 155824 155964
154178 23 152683 152935 153102 153202 153617 153754 154009 154157 154177 154179 154199 154278 154466 154567 154776 154856 154911 155044 155490 155554 155697 155823 155959
154793 22 113211 152713 152945 153103 153203 153463 153755 154158 154179 154200 154294 154467 154572 154794 154857 154912 155059 155496 155591 155735 155824 155964
154794 22 104139 114490 114493 153268 153496 153620 153790 154182 154203 154368 154478 154580 154793 154860 154953 155062 155522 155677 155746 155830 155979 7524
18010 25 17980 17983 17986 17989 17992 17995 18001 18004 18007 18008 18009 18011 18012 18013 18016 18019 18022 18025 18028 18031 18034 18037 18040 18043 18046
18011 25 17981 17984 17987 17990 17993 17996 18002 18005 18008 18009 18010 18012 18013 18014 18017 18020 18023 18026 18029 18032 18035 18038 18041 18044 18047
18012 25 17979 17982 17985 17988 17991 17994 18000 18003 18006 18009 18010 18011 18013 18014 18015 18018 18021 18024 18027 18030 18033 18036 18039 18042 18045
18013 25 17980 17983 17986 17989 17992 17995 18001 18004 18007 18010 18011 18012 18014 18015 18016 18019 18022 18025 18028 18031 18034 18037 18040 18043 18046
18014 25 17981 17984 17987 17990 17993 17996 18002 18005 18008 18011 18012 18013 18015 18016 18017 18020 18023 18026 18029 18032 18035 18038 18041 18044 18047
154697 21 152814 153027 153117 153451 153609 153629 153871 154018 154169 154190 154211 154401 154491 154837 154899 154975 155531 155686 155787 155906 156000
18015 25 17979 17982 17985 17988 17991 17994 18000 18003 18006 18009 18012 18013 18014 18016 18017 18018 18021 18024 18027 18030 18033 18036 18039 18042 18045
18016 25 17980 17983 17986 17989 17992 17995 18001 18004 18007 18010 18013 18014 18015 18017 18018 18019 18022 18025 18028 18031 18034 18037 18040 18043 18046
18017 25 17981 17984 17987 17990 17993 17996 18002 18005 18008 18011 18014 18015 18016 18018 18019 18020 18023 18026 18029 18032 18035 18038 18041 18044 18047
18019 25 17980 17983 17986 17989 17992 17995 18001 18004 18007 18010 18013 18016 18017 18018 18020 18021 18022 18025 18028 18031 18034 18037 18040 18043 18046
18018 25 17979 17982 17985 17988 17991 17994 18000 18003 18006 18009 18012 18015 18016 18017 18019 18020 18021 18024 18027 18030 18033 18036 18039 18042 18045
154499 21 152825 153097 153131 153455 153611 153632 153895 154020 154171 154192 154213 154434 154707 154839 154901 154977 155129 155532 155790 155909 156028
154182 25 104139 114490 114493 153268 153496 153620 153790 154179 154183 154184 154185 154203 154368 154478 154580 154794 154860 154953 155062 155522 155677 155746 155830 155979 7524
154183 26 152778 153015 153105 153306 153589 153622 153813 154012 154162 154182 154184 154185 154186 154395 154480 154582 154802 154884 154969 154976 155064 155524 155679 155749 155832 155982
154184 26 152779 153016 153106 153313 153603 153623 153855 154013 154163 154182 154183 154185 154186 154205 154481 154583 154803 154885 154970 154978 155065 155525 155680 155759 155837 155983
154185 26 152780 153017 153107 153314 153604 153624 153856 154014 154164 154182 154183 154184 154186 154188 154206 154396 154584 154814 154889 154971 155066 155526 155681 155773 155840 155984
154186 26 152781 153018 153108 153356 153605 153625 153857 154015 154165 154183 154184 154185 154188 154189 154207 154397 154482 154826 154892 154972 155068 155527 155682 155781 155855 155987
154189 29 152812 153021 153113 153444 153608 153628 153870 154017 154168 154186 154188 154190 154191 154192 154210 154212 154400 154459 154490 154688 154830 154898 155035 155094 155530 155685 155784 155889 155995
154188 26 152782 153020 153109 153430 153607 153627 153858 154016 154167 154185 154186 154189 154190 154191 154209 154399 154489 154683 154827 154974 155080 155529 155684 155783 155880 155992
154892 22 152781 153018 153108 153356 153605 153625 153857 154015 154165 154186 154207 154397 154482 154826 154889 154972 155068 155527 155682 155781 155855 155987
18020 25 17981 17984 17987 17990 17993 17996 18002 18005 18008 18011 18014 18017 18018 18019 18021 18022 18023 18026 18029 18032 18035 18038 18041 18044 18047
154898 24 152812 153021 153113 153444 153608 153628 153870 154017 154168 154189 154210 154400 154490 154688 154830 154899 154900 154901 155094 155530 155685 155784 155889 155995
18023 25 17981 17984 17987 17990 17993 17996 18002 18005 18008 18011 18014 18017 18020 18021 18022 18024 18025 18026 18029 18032 18035 18038 18041 18044 18047
18024 25 17979 17982 17985 17988 17991 17994 18000 18003 18006 18009 18012 18015 18018 18021 18022 18023 18025 18026 18027 18030 18033 18036 18039 18042 18045
18021 25 17979 17982 17985 17988 17991 17994 18000 18003 18006 18009 18012 18015 18018 18019 18020 18022 18023 18024 18027 18030 18033 18036 18039 18042 18045
154899 25 152814 153027 153117 153451 153609 153629 153871 154018 154169 154190 154211 154401 154491 154697 154837 154898 154900 154901 154902 154975 155531 155686 155787 155906 156000
154994 22 152901 153100 153200 153458 153614 153736 154007 154116 154174 154195 154216 154461 154538 154735 154846 154904 154993 155168 155535 155692 155792 155920
18022 25 17980 17983 17986 17989 17992 17995 18001 18004 18007 18010 18013 18016 18019 18020 18021 18023 18024 18025 18028 18031 18034 18037 18040 18043 18046
18027 25 17979 17982 17985 17988 17991 17994 18000 18003 18006 18009 18012 18015 18018 18021 18024 18025 18026 18028 18029 18030 18033 18036 18039 18042 18045
18028 25 17980 17983 17986 17989 17992 17995 18001 18004 18007 18010 18013 18016 18019 18022 18025 18026 18027 18029 18030 18031 18034 18037 18040 18043 18046
154993 22 152882 153099 153163 153457 153613 153735 154006 154102 154173 154194 154215 154460 154527 154719 154845 154903 154994 155166 155534 155691 155791 156030
18025 25 17980 17983 17986 17989 17992 17995 18001 18004 18007 18010 18013 18016 18019 18022 18023 18024 18026 18027 18028 18031 18034 18037 18040 18043 18046
18026 25 17981 17984 17987 17990 17993 17996 18002 18005 18008 18011 18014 18017 18020 18023 18024 18025 18027 18028 18029 18032 18035 18038 18041 18044 18047
152914 21 152675 153101 153461 153616 153739 154008 154156 154177 154198 154265 154465 154564 154759 154850 154910 155035 155184 155553 155696 155821 155958
18029 25 17981 17984 17987 17990 17993 17996 18002 18005 18008 18011 18014 18017 18020 18023 18026 18027 18028 18030 18031 18032 18035 18038 18041 18044 18047
154192 27 152825 153097 153131 153455 153611 153632 153895 154020 154171 154189 154190 154191 154193 154194 154195 154213 154434 154499 154707 154839 154901 154977 155129 155532 155790 155909 156028
154193 27 152858 153098 153132 153456 153612 153633 153971 154016 154098 154172 154190 154191 154192 154194 154195 154214 154459 154509 154718 154842 154902 154978 155165 155533 155690 155910 156029
257534 22 238553 249915 254071 254072 254074 256601 256630 256631 256633 256634 256708 256709 256889 257123 257197 257210 257211 257310 257368 257485 257486 257498
154190 26 152814 153027 153117 153451 153609 153629 153871 154018 154169 154188 154189 154191 154192 154193 154211 154401 154491 154697 154837 154899 154975 155531 155686 155787 155906 156000
154191 27 152821 153035 153124 153454 153610 153630 153872 154019 154170 154188 154189 154190 154192 154193 154194 154212 154433 154492 154705 154838 154900 154976 155115 155687 155789 155907 156015
154194 25 152882 153099 153163 153457 153613 153735 154006 154102 154173 154191 154192 154193 154195 154215 154460 154527 154719 154845 154903 154993 155166 155534 155691 155791 156030
154195 25 152901 153100 153200 153458 153614 153736 154007 154116 154174 154192 154193 154194 154198 154216 154461 154538 154735 154846 154904 154994 155168 155535 155692 155792 155920
153200 23 152901 153100 153202 153203 153458 153614 153736 154007 154116 154174 154195 154216 154461 154538 154735 154846 154904 154994 155168 155535 155692 155792 155920
154884 22 152778 153015 153105 153306 153589 153622 153813 154012 154162 154183 154395 154480 154582 154802 154885 154969 155064 155524 155679 155749 155832 155982
154158 24 113211 152713 152945 153103 153203 153463 153755 154156 154157 154161 154179 154200 154294 154467 154572 154793 154857 154912 155059 155496 155591 155735 155824 155964
154885 22 152779 153016 153106 153313 153603 153623 153855 154013 154163 154184 154205 154481 154583 154803 154884 154970 155065 155525 155680 155759 155837 155983
156015 22 152821 153035 153124 153454 153609 153610 153630 153872 154019 154170 154191 154212 154433 154492 154705 154838 154900 154976 155115 155687 155789 155907
153203 23 113211 152713 152945 153103 153200 153202 153463 153755 154158 154179 154200 154294 154467 154572 154793 154857 154912 155059 155496 155591 155735 155824 155964
153202 23 152683 152935 153102 153200 153203 153617 153754 154009 154157 154178 154199 154278 154466 154567 154776 154856 154911 155044 155490 155554 155697 155823 155959
154157 23 152683 152935 153102 153202 153617 153754 154009 154156 154158 154178 154199 154278 154466 154567 154776 154856 154911 155044 155490 155554 155697 155823 155959
154156 23 152675 152914 153101 153461 153616 153739 154008 154157 154158 154177 154198 154265 154465 154564 154759 154850 154910 155035 155184 155553 155696 155821 155958
154480 26 152778 153015 153105 153306 153589 153622 153735 153813 154012 154162 154183 154395 154478 154479 154481 154482 154582 154802 154884 154969 155064 155524 155679 155749 155832 155982
154481 25 152779 153016 153106 153313 153603 153623 153855 154013 154163 154184 154205 154478 154479 154480 154482 154583 154803 154885 154970 155065 155525 155680 155759 155837 155983
154482 25 152781 153018 153108 153356 153605 153625 153857 154015 154165 154186 154207 154397 154479 154480 154481 154826 154892 154972 155068 155527 155682 155781 155855 155958 155987
154889 22 152780 153017 153107 153314 153604 153624 153856 154014 154164 154185 154206 154396 154584 154814 154892 154971 155066 155526 155681 155773 155840 155984
154478 24 104139 114490 114493 153268 153496 153620 153790 154182 154203 154368 154479 154480 154481 154580 154794 154860 154953 155062 155522 155677 155746 155830 155979 7524
155697 22 152683 152935 153102 153202 153617 153754 154009 154157 154178 154199 154278 154466 154567 154776 154856 154911 155044 155490 155554 155696 155823 155959
155696 22 152675 152914 153101 153461 153616 153739 154008 154156 154177 154198 154265 154465 154564 154759 154850 154910 155035 155184 155553 155697 155821 155958
154479 25 152748 152974 153104 153269 153586 153621 153791 154011 154161 154204 154394 154478 154480 154481 154482 154581 154801 154861 154954 155063 155523 155678 155748 155831 155981
152901 21 153100 153200 153458 153614 153736 154007 154116 154174 154195 154216 154461 154538 154735 154846 154904 154994 155168 155535 155692 155792 155920
154161 25 152748 152974 153104 153269 153586 153621 153791 154011 154158 154162 154163 154164 154204 154394 154479 154581 154801 154861 154954 155063 155523 155678 155748 155831 155981
154162 25 152778 153015 153105 153306 153589 153622 153813 154012 154161 154163 154164 154165 154183 154395 154480 154582 154802 154884 154969 155064 155524 155679 155749 155832 155982
154163 26 152779 153016 153106 153313 153603 153623 153855 154013 154161 154162 154164 154165 154184 154205 154481 154582 154583 154803 154885 154970 155065 155525 155680 155759 155837 155983
154164 27 152780 153017 153107 153314 153604 153624 153856 154014 154161 154162 154163 154165 154167 154185 154206 154396 154584 154814 154846 154889 154971 155066 155526 155681 155773 155840 155984
256708 22 238553 249915 254071 254072 254074 256601 256630 256631 256633 256634 256709 256889 257123 257197 257210 257211 257310 257368 257485 257486 257498 257534
156029 23 152858 153098 153132 153456 153612 153633 153971 154098 154172 154193 154214 154459 154509 154718 154842 154902 154978 155165 155533 155690 155910 156028 156030
256709 22 238553 249915 254071 254072 254074 256601 256630 256631 256633 256634 256708 256889 257123 257197 257210 257211 257310 257368 257485 257486 257498 257534
156028 24 152825 153097 153131 153455 153611 153632 153895 154020 154171 154192 154213 154434 154499 154707 154839 154901 154977 155129 155532 155692 155790 155909 156029 156030
155591 21 113211 152713 152945 153103 153203 153463 153755 154158 154179 154200 154294 154467 154572 154793 154857 154912 155059 155496 155735 155824 155964
154169 26 152814 153027 153117 153451 153609 153629 153871 154018 154167 154168 154170 154171 154172 154190 154211 154401 154491 154697 154837 154899 154975 155531 155686 155787 155906 156000
154168 26 152812 153021 153113 153444 153608 153628 153870 154017 154165 154167 154169 154170 154171 154189 154210 154400 154490 154688 154830 154898 155094 155530 155685 155784 155889 155995
154167 26 152782 153020 153109 153430 153607 153627 153858 154016 154164 154165 154168 154169 154170 154188 154209 154399 154489 154683 154827 154974 155080 155529 155684 155783 155880 155992
7524 21 104139 114490 114493 153268 153496 153620 153790 154182 154203 154368 154478 154580 154794 154860 154953 155062 155522 155677 155746 155830 155979
154165 26 152781 153018 153108 153356 153605 153625 153857 154015 154162 154163 154164 154167 154168 154186 154207 154397 154482 154826 154892 154972 155068 155527 155682 155781 155855 155987
18005 25 17981 17984 17987 17990 17993 17996 18002 18003 18004 18006 18007 18008 18011 18014 18017 18020 18023 18026 18029 18032 18035 18038 18041 18044 18047
154688 21 152812 153021 153113 153444 153608 153628 153870 154017 154168 154189 154210 154400 154490 154830 154898 155094 155530 155685 155784 155889 155995
18006 25 17979 17982 17985 17988 17991 17994 18000 18003 18004 18005 18007 18008 18009 18012 18015 18018 18021 18024 18027 18030 18033 18036 18039 18042 18045
254074 22 238553 249915 254071 254072 256601 256630 256631 256633 256634 256708 256709 256889 257123 257197 257210 257211 257310 257368 257485 257486 257498 257534
18003 25 17979 17982 17985 17988 17991 17994 18000 18001 18002 18004 18005 18006 18009 18012 18015 18018 18021 18024 18027 18030 18033 18036 18039 18042 18045
154491 24 152814 153027 153117 153451 153609 153629 153871 154018 154169 154190 154211 154401 154489 154490 154492 154697 154837 154899 154975 155531 155686 155787 155906 156000
18004 25 17980 17983 17986 17989 17992 17995 18001 18002 18003 18005 18006 18007 18010 18013 18016 18019 18022 18025 18028 18031 18034 18037 18040 18043 18046
154492 25 152821 153035 153124 153454 153610 153630 153872 154019 154170 154191 154212 154433 154489 154490 154491 154705 154838 154900 154976 155115 155687 155789 155840 155907 156015
254072 22 238553 249915 254071 254074 256601 256630 256631 256633 256634 256708 256709 256889 257123 257197 257210 257211 257310 257368 257485 257486 257498 257534
155692 24 152901 153100 153200 153458 153614 153736 154007 154116 154174 154195 154216 154461 154538 154735 154846 154904 154994 155168 155535 155690 155691 155792 155920 156028
18001 24 17980 17983 17986 17989 17992 17995 18000 18002 18003 18004 18007 18010 18013 18016 18019 18022 18025 18028 18031 18034 18037 18040 18043 18046
18002 25 17981 17984 17987 17990 17993 17996 18000 18001 18003 18004 18005 18008 18011 18014 18017 18020 18023 18026 18029 18032 18035 18038 18041 18044 18047
154490 24 152812 153021 153113 153444 153608 153628 153870 154017 154168 154189 154210 154400 154489 154491 154492 154688 154830 154898 155094 155530 155685 155784 155889 155995
155690 24 152858 153098 153132 153456 153612 153633 153971 154098 154172 154193 154214 154459 154509 154718 154842 154902 154978 155165 155533 155687 155691 155692 155910 156029
254071 22 238553 249915 254072 254074 256601 256630 256631 256633 256634 256708 256709 256889 257123 257197 257210 257211 257310 257368 257485 257486 257498 257534
155691 24 152882 153099 153163 153457 153613 153735 154006 154102 154173 154194 154215 154460 154527 154719 154845 154903 154993 155166 155534 155690 155692 155791 155909 156030
18000 23 17979 17982 17985 17988 17991 17994 18001 18002 18003 18006 18009 18012 18015 18018 18021 18024 18027 18030 18033 18036 18039 18042 18045
154683 22 152782 153020 153109 153430 153607 153627 153858 154016 154167 154188 154209 154399 154489 154827 154974 155080 155529 155534 155684 155783 155880 155992
155686 24 152814 153027 153117 153451 153609 153629 153871 154018 154169 154190 154211 154401 154491 154697 154837 154899 154975 155531 155684 155685 155687 155787 155906 156000
155685 25 152812 153021 153113 153444 153608 153628 153870 154017 154168 154189 154210 154400 154490 154688 154830 154898 155094 155530 155682 155684 155686 155687 155784 155889 155995
155684 26 152782 153020 153109 153430 153607 153627 153858 154016 154167 154188 154209 154399 154489 154683 154827 154974 155080 155529 155681 155682 155685 155686 155687 155783 155880 155992
154489 24 152782 153020 153109 153430 153607 153627 153858 154016 154167 154188 154209 154399 154490 154491 154492 154683 154827 154974 155080 155529 155684 155783 155880 155992
18009 25 17979 17982 17985 17988 17991 17994 18000 18003 18006 18007 18008 18010 18011 18012 18015 18018 18021 18024 18027 18030 18033 18036 18039 18042 18045
18008 25 17981 17984 17987 17990 17993 17996 18002 18005 18006 18007 18009 18010 18011 18014 18017 18020 18023 18026 18029 18032 18035 18038 18041 18044 18047
155687 26 152821 153035 153124 153454 153610 153630 153872 154019 154170 154191 154212 154433 154492 154705 154838 154900 154976 155115 155532 155684 155685 155686 155690 155789 155907 156015
18007 25 17980 17983 17986 17989 17992 17995 18001 18004 18005 18006 18008 18009 18010 18013 18016 18019 18022 18025 18028 18031 18034 18037 18040 18043 18046
154174 25 152901 153100 153200 153458 153614 153736 154007 154116 154171 154172 154173 154177 154195 154216 154461 154538 154735 154846 154904 154994 155168 155535 155692 155792 155920
154172 26 152858 153098 153132 153456 153612 153633 153971 154098 154169 154170 154171 154173 154174 154193 154214 154459 154509 154718 154842 154902 154978 155165 155533 155690 155910 156029
154173 25 152882 153099 153163 153457 153613 153735 154006 154102 154170 154171 154172 154174 154194 154215 154460 154527 154719 154845 154903 154993 155166 155534 155691 155791 156030
154170 27 152821 153035 153124 153454 153610 153630 153872 154019 154167 154168 154169 154171 154172 154173 154191 154212 154433 154492 154705 154838 154900 154976 155115 155687 155789 155907 156015
154171 27 152825 153097 153131 153455 153611 153632 153895 154020 154168 154169 154170 154172 154173 154174 154192 154213 154434 154499 154707 154839 154901 154977 155129 155532 155790 155909 156028
156030 23 152882 153099 153163 153457 153613 153735 154006 154102 154173 154194 154215 154460 154527 154719 154845 154903 154993 155166 155534 155691 155791 156028 156029
155680 26 152779 153016 153106 153313 153603 153623 153855 154013 154163 154184 154205 154481 154583 154803 154885 154970 155065 155525 155677 155678 155679 155681 155682 155759 155837 155983
155682 26 152781 153018 153108 153356 153605 153625 153857 154015 154165 154186 154207 154397 154482 154826 154892 154972 155068 155527 155679 155680 155681 155684 155685 155781 155855 155987
155681 26 152780 153017 153107 153314 153604 153624 153856 154014 154164 154185 154206 154396 154584 154814 154889 154971 155066 155526 155678 155679 155680 155682 155684 155773 155840 155984
154461 23 152901 153100 153200 153458 153614 153736 154007 154116 154174 154195 154216 154459 154460 154538 154735 154846 154904 154994 155168 155535 155692 155792 155920
154460 23 152882 153099 153163 153457 153613 153735 154006 154102 154173 154194 154215 154459 154461 154527 154719 154845 154903 154993 155166 155534 155691 155791 156030
154969 24 152778 153015 153105 153306 153589 153622 153813 154012 154162 154183 154395 154480 154582 154802 154884 154970 154971 154972 155064 155524 155679 155749 155832 155982
154861 22 152748 152974 153104 153269 153586 153621 153791 154011 154161 154204 154394 154479 154581 154801 154860 154954 155063 155523 155678 155748 155831 155981
256634 22 238553 249915 254071 254072 254074 256601 256630 256631 256633 256708 256709 256889 257123 257197 257210 257211 257310 257368 257485 257486 257498 257534
154860 23 104139 114490 114493 153268 153496 153620 153790 154182 154203 154368 154478 154580 154794 154857 154861 154953 155062 155522 155677 155746 155830 155979 7524
256633 22 238553 249915 254071 254072 254074 256601 256630 256631 256634 256708 256709 256889 257123 257197 257210 257211 257310 257368 257485 257486 257498 257534
256631 22 238553 249915 254071 254072 254074 256601 256630 256633 256634 256708 256709 256889 257123 257197 257210 257211 257310 257368 257485 257486 257498 257534
256630 22 238553 249915 254071 254072 254074 256601 256631 256633 256634 256708 256709 256889 257123 257197 257210 257211 257310 257368 257485 257486 257498 257534
154459 26 152858 153098 153132 153456 153612 153633 153971 154098 154172 154189 154193 154212 154214 154460 154461 154509 154718 154842 154902 154978 155035 155165 155533 155690 155910 156029
155530 26 152812 153021 153113 153444 153608 153628 153870 154017 154168 154189 154210 154400 154490 154688 154830 154898 155094 155527 155529 155531 155532 155533 155685 155784 155889 155995
155531 26 152814 153027 153117 153451 153609 153629 153871 154018 154169 154190 154211 154401 154491 154697 154837 154899 154975 155529 155530 155532 155533 155534 155686 155787 155906 156000
155532 28 152825 153097 153131 153455 153611 153632 153895 154020 154171 154192 154213 154434 154499 154707 154839 154901 154977 155129 155529 155530 155531 155533 155534 155535 155687 155790 155909 156028
155533 26 152858 153098 153132 153456 153612 153633 153971 154098 154172 154193 154214 154459 154509 154718 154842 154902 154978 155165 155530 155531 155532 155534 155535 155690 155910 156029
257310 21 238553 249915 254071 254072 254074 256630 256631 256633 256634 256708 256709 256889 257123 257197 257210 257211 257368 257485 257486 257498 257534
156000 21 152814 153027 153117 153451 153609 153629 153871 154018 154169 154190 154211 154401 154491 154697 154837 154899 154975 155531 155686 155787 155906
155534 26 152882 153099 153163 153457 153613 153735 154006 154102 154173 154194 154215 154460 154527 154683 154719 154845 154903 154993 155166 155531 155532 155533 155535 155691 155791 156030
155535 24 152901 153100 153200 153458 153614 153736 154007 154116 154174 154195 154216 154461 154538 154735 154846 154904 154994 155168 155532 155533 155534 155692 155792 155920
155677 24 104139 114490 114493 153268 153496 153620 153790 154182 154203 154368 154478 154580 154794 154860 154953 155062 155522 155678 155679 155680 155746 155830 155979 7524
155678 25 152748 152974 153104 153269 153586 153621 153791 154011 154161 154204 154394 154479 154581 154801 154861 154954 155063 155523 155677 155679 155680 155681 155748 155831 155981
155679 26 152778 153015 153105 153306 153589 153622 153813 154012 154162 154183 154395 154480 154582 154802 154884 154969 155064 155524 155677 155678 155680 155681 155682 155749 155832 155982
154278 21 152683 152935 153102 153202 153617 153754 154009 154157 154178 154199 154466 154567 154776 154856 154911 155044 155490 155554 155697 155823 155959
154953 22 104139 114490 114493 153268 153496 153620 153790 154182 154203 154368 154478 154580 154794 154860 154954 155062 155522 155677 155746 155830 155979 7524
154857 23 113211 152713 152945 153103 153203 153463 153755 154158 154179 154200 154294 154467 154572 154793 154856 154860 154912 155059 155496 155591 155735 155824 155964
154856 22 152683 152935 153102 153202 153617 153754 154009 154157 154178 154199 154278 154466 154567 154776 154857 154911 155044 155490 155554 155697 155823 155959
154294 22 113211 152713 152945 153103 153203 153463 153755 154158 154179 154200 154467 154572 154793 154857 154912 155059 155496 155591 155735 155789 155824 155964
154850 22 152675 152914 153101 153461 153616 153739 154008 154017 154156 154177 154198 154265 154465 154564 154759 154910 155035 155184 155553 155696 155821 155958
154954 22 152748 152974 153104 153269 153586 153621 153791 154011 154161 154204 154394 154479 154581 154801 154861 154953 155063 155523 155678 155748 155831 155981
154567 22 152683 152935 153102 153202 153617 153754 154009 154157 154178 154199 154278 154466 154564 154776 154856 154911 155044 155490 155554 155697 155823 155959
155524 26 152778 153015 153105 153306 153589 153622 153813 154012 154162 154183 154395 154480 154582 154802 154884 154969 155064 155522 155523 155525 155526 155527 155679 155749 155832 155982
154564 22 152675 152914 153101 153461 153616 153739 154008 154156 154177 154198 154265 154465 154567 154759 154850 154910 155035 155184 155553 155696 155821 155958
155525 26 152779 153016 153106 153313 153603 153623 153855 154013 154163 154184 154205 154481 154583 154803 154885 154970 155065 155522 155523 155524 155526 155527 155680 155759 155837 155983
155522 24 104139 114490 114493 153268 153496 153620 153790 154182 154203 154368 154478 154580 154794 154860 154953 155062 155523 155524 155525 155677 155746 155830 155979 7524
153430 21 152782 153020 153109 153607 153627 153858 154016 154167 154188 154209 154399 154489 154683 154827 154974 155080 155529 155684 155783 155880 155992
155523 25 152748 152974 153104 153269 153586 153621 153791 154011 154161 154204 154394 154479 154581 154801 154861 154954 155063 155522 155524 155525 155526 155678 155748 155831 155981
154098 21 152858 153098 153132 153456 153612 153633 153971 154172 154193 154214 154459 154509 154718 154842 154902 154978 155165 155533 155690 155910 156029
154465 23 152675 152914 153101 153461 153616 153739 154008 154156 154177 154198 154265 154466 154467 154564 154759 154850 154910 155035 155184 155553 155696 155821 155958
155529 26 152782 153020 153109 153430 153607 153627 153858 154016 154167 154188 154209 154399 154489 154683 154827 154974 155080 155526 155527 155530 155531 155532 155684 155783 155880 155992
155526 26 152780 153017 153107 153314 153604 153624 153856 154014 154164 154185 154206 154396 154584 154814 154889 154971 155066 155523 155524 155525 155527 155529 155681 155773 155840 155984
155527 26 152781 153018 153108 153356 153605 153625 153857 154015 154165 154186 154207 154397 154482 154826 154892 154972 155068 155524 155525 155526 155529 155530 155682 155781 155855 155987
154466 23 152683 152935 153102 153202 153617 153754 154009 154157 154178 154199 154278 154465 154467 154567 154776 154856 154911 155044 155490 155554 155697 155823 155959
154467 23 113211 152713 152945 153103 153203 153463 153755 154158 154179 154200 154294 154465 154466 154572 154793 154857 154912 155059 155496 155591 155735 155824 155964
154845 24 152882 153099 153163 153457 153613 153735 154006 154012 154102 154173 154194 154215 154460 154527 154719 154842 154846 154903 154993 155166 155534 155691 155791 156030
238553 22 249915 254071 254072 254074 256601 256630 256631 256633 256634 256708 256709 256889 257123 257197 257210 257211 257310 257368 257485 257486 257498 257534
154846 23 152901 153100 153200 153458 153614 153736 154007 154116 154164 154174 154195 154216 154461 154538 154735 154845 154904 154994 155168 155535 155692 155792 155920
154842 23 152858 153098 153132 153456 153612 153633 153971 154098 154172 154193 154214 154459 154509 154718 154839 154845 154902 154978 155165 155533 155690 155910 156029
154198 24 152675 152914 153101 153461 153616 153739 154008 154156 154177 154195 154199 154200 154265 154465 154564 154759 154850 154910 155035 155184 155553 155696 155821 155958
154580 24 104139 114490 114493 153268 153496 153620 153790 154182 154203 154368 154478 154581 154582 154583 154794 154860 154953 155062 155522 155677 155746 155830 155979 7524
154199 23 152683 152935 153102 153202 153617 153754 154009 154157 154178 154198 154200 154278 154466 154567 154776 154856 154911 155044 155490 155554 155697 155823 155959
154582 26 152778 153015 153105 153306 153589 153622 153813 154012 154162 154163 154183 154395 154480 154580 154581 154583 154584 154802 154884 154969 155064 155524 155679 155749 155832 155982
154581 25 152748 152974 153104 153269 153586 153621 153791 154011 154161 154204 154394 154479 154580 154582 154583 154584 154801 154861 154954 155063 155523 155678 155748 155831 155981
154572 21 113211 152713 152945 153103 153203 153463 153755 154158 154179 154200 154294 154467 154793 154857 154912 155059 155496 155591 155735 155824 155964
154397 26 152781 153018 153108 153356 153605 153625 153857 154015 154165 154186 154207 154394 154395 154396 154399 154400 154482 154826 154892 154972 155068 155527 155682 155781 155855 155987
153306 21 152778 153015 153105 153589 153622 153813 154012 154162 154183 154395 154480 154582 154802 154884 154969 155064 155524 155679 155749 155832 155982
154396 25 152780 153017 153107 153314 153604 153624 153856 154014 154164 154185 154206 154394 154395 154397 154399 154584 154814 154889 154971 155066 155526 155681 155773 155840 155984
153444 21 152812 153021 153113 153608 153628 153870 154017 154168 154189 154210 154400 154490 154688 154830 154898 155094 155530 155685 155784 155889 155995
154399 25 152782 153020 153109 153430 153607 153627 153858 154016 154167 154188 154209 154396 154397 154400 154401 154489 154683 154827 154974 155080 155529 155684 155783 155880 155992
155553 23 152675 152914 153101 153461 153616 153739 154008 154156 154177 154198 154265 154465 154564 154759 154850 154904 154910 155035 155184 155554 155696 155821 155958
155554 23 152683 152935 153102 153202 153268 153617 153754 154009 154157 154178 154199 154278 154466 154567 154776 154856 154911 155044 155490 155553 155697 155823 155959
154433 22 152821 153035 153124 153454 153610 153630 153872 154019 154170 154191 154212 154434 154492 154705 154838 154900 154976 155115 155687 155789 155907 156015
257123 22 238553 249915 254071 254072 254074 256601 256630 256631 256633 256634 256708 256709 256889 257197 257210 257211 257310 257368 257485 257486 257498 257534
154434 22 152825 153097 153131 153455 153611 153632 153895 154020 154171 154192 154213 154433 154499 154707 154839 154901 154977 155129 155532 155790 155909 156028
154971 26 152780 153017 153107 153314 153604 153624 153856 154014 154164 154185 154206 154396 154584 154814 154889 154969 154970 154972 154974 155066 155165 155526 155681 155773 155840 155984
154839 24 152825 153097 153131 153455 153611 153632 153895 154020 154171 154192 154213 154434 154499 154707 154837 154838 154842 154901 154977 155129 155532 155790 155909 156028
154970 24 152779 153016 153106 153313 153603 153623 153855 154013 154163 154184 154205 154481 154583 154803 154885 154969 154971 154972 155065 155525 155680 155759 155837 155983
154838 23 152821 153035 153124 153454 153610 153630 153872 154019 154170 154191 154212 154433 154492 154705 154837 154839 154900 154976 155115 155687 155789 155907 156015
154837 24 152814 153027 153117 153451 153609 153629 153871 154018 154169 154190 154206 154211 154401 154491 154697 154838 154839 154899 154975 155531 155686 155787 155906 156000
154975 26 152814 153027 153117 153451 153609 153629 153871 154018 154169 154190 154211 154401 154491 154697 154837 154899 154972 154974 154976 154977 154978 155531 155686 155787 155906 156000
154974 26 152782 153020 153109 153430 153607 153627 153858 154016 154167 154188 154209 154399 154489 154683 154827 154971 154972 154975 154976 154977 155080 155529 155684 155783 155880 155992
154972 27 152781 153018 153108 153356 153605 153625 153628 153857 154015 154165 154186 154207 154397 154482 154826 154892 154969 154970 154971 154974 154975 155068 155527 155682 155781 155855 155987
154978 25 152858 153098 153132 153456 153612 153633 153971 154098 154172 154184 154193 154214 154459 154509 154718 154842 154902 154975 154976 154977 155165 155533 155690 155910 156029
154830 22 152812 153021 153113 153444 153608 153628 153870 154017 154168 154189 154210 154400 154490 154688 154827 154898 155094 155530 155685 155784 155889 155995
154977 25 152825 153097 153131 153455 153611 153632 153895 154020 154171 154192 154213 154434 154499 154707 154839 154901 154974 154975 154976 154978 155129 155532 155790 155909 156028
154976 26 152821 153035 153124 153454 153610 153630 153872 154019 154170 154183 154191 154212 154433 154492 154705 154838 154900 154974 154975 154977 154978 155115 155687 155789 155907 156015
256601 21 238553 249915 254071 254072 254074 256630 256631 256633 256634 256708 256709 256889 257123 257197 257210 257211 257368 257485 257486 257498 257534
153451 22 152814 153027 153117 153454 153609 153629 153871 154018 154169 154190 154211 154401 154491 154697 154837 154899 154975 155531 155686 155787 155906 156000
153586 22 152748 152974 153104 153269 153589 153621 153791 154011 154161 154204 154394 154479 154581 154801 154861 154954 155063 155523 155678 155748 155831 155981
153589 22 152778 153015 153105 153306 153586 153622 153813 154012 154162 154183 154395 154480 154582 154802 154884 154969 155064 155524 155679 155749 155832 155982
154583 25 152779 153016 153106 153313 153603 153623 153855 154013 154163 154184 154205 154481 154580 154581 154582 154584 154803 154885 154970 155065 155525 155680 155759 155837 155983
154584 24 152780 153017 153107 153314 153604 153624 153856 154014 154164 154185 154206 154396 154581 154582 154583 154814 154889 154971 155066 155526 155681 155773 155840 155984
153455 25 152825 153097 153131 153454 153456 153457 153458 153611 153632 153895 154020 154171 154192 154213 154434 154499 154707 154839 154901 154977 155129 155532 155790 155909 156028
153454 25 152821 153035 153124 153451 153455 153456 153457 153610 153630 153872 154019 154170 154191 154212 154433 154492 154705 154838 154900 154976 155115 155687 155789 155907 156015
153457 25 152882 153099 153163 153454 153455 153456 153458 153613 153735 154006 154102 154173 154194 154215 154460 154527 154719 154845 154903 154993 155166 155534 155691 155791 156030
153456 25 152858 153098 153132 153454 153455 153457 153458 153612 153633 153971 154098 154172 154193 154214 154459 154509 154718 154842 154902 154978 155165 155533 155690 155910 156029
155641 15 155628 155629 155630 155631 155632 155633 155635 155636 155637 155638 155639 155640 155643 155644 155645
153458 25 152901 153100 153200 153455 153456 153457 153461 153614 153736 154007 154116 154174 154195 154216 154461 154538 154735 154846 154904 154994 155168 155535 155692 155792 155920
153314 22 152780 153017 153107 153313 153604 153624 153856 154014 154164 154185 154206 154396 154584 154814 154889 154971 155066 155526 155681 155773 155840 155984
155640 15 155628 155629 155630 155631 155632 155633 155635 155636 155637 155638 155639 155641 155643 155644 155645
153313 22 152779 153016 153106 153314 153603 153623 153855 154013 154163 154184 154205 154481 154583 154803 154885 154970 155065 155525 155680 155759 155837 155983
155645 15 155628 155629 155630 155631 155632 155633 155635 155636 155637 155638 155639 155640 155641 155643 155644
17979 23 17980 17981 17982 17985 17988 17991 17994 18000 18003 18006 18009 18012 18015 18018 18021 18024 18027 18030 18033 18036 18039 18042 18045
155643 15 155628 155629 155630 155631 155632 155633 155635 155636 155637 155638 155639 155640 155641 155644 155645
155644 15 155628 155629 155630 155631 155632 155633 155635 155636 155637 155638 155639 155640 155641 155643 155645
