root 6
128405 0
126762 0
rep155635 16
155640 0
155629 0
155635 0
155643 0
155628 0
155630 0
155644 0
155641 0
155632 0
155645 0
155637 0
155631 0
155639 0
155636 0
155633 0
155638 0
rep18040 66
18015 0
18017 0
18024 0
18010 0
17988 0
18033 0
17991 0
18047 0
17995 0
18046 0
18002 0
17992 0
18016 0
18023 0
18039 0
18018 0
18020 0
17980 0
18027 0
17986 0
18045 0
18008 0
18038 0
18043 0
18032 0
18005 0
17984 0
18026 0
18009 0
18011 0
17985 0
18001 0
18028 0
17987 0
18014 0
18007 0
18034 0
18044 0
18035 0
17996 0
17982 0
17993 0
18042 0
18037 0
18021 0
18030 0
18000 0
18013 0
17989 0
18022 0
17994 0
18036 0
18040 0
18031 0
18003 0
17990 0
18041 0
17983 0
18025 0
18012 0
17981 0
18029 0
18019 0
18004 0
17979 0
18006 0
rep256634 23
254071 0
257498 0
256634 0
256631 0
256630 0
238553 0
256633 0
257534 0
257211 0
256709 0
257123 0
257197 0
256889 0
257368 0
257486 0
254074 0
257485 0
256601 0
257310 0
249915 0
256708 0
254072 0
257210 0
rep153107 374
154190 0
154465 0
154904 0
153630 0
154265 0
155687 0
155064 0
154846 0
155832 0
155958 0
153735 0
153612 0
154161 0
155696 0
154490 0
152935 0
153015 0
155496 0
152812 0
155531 0
155907 0
155080 0
156000 0
153356 0
153617 0
155984 0
154207 0
155062 0
153607 0
155783 0
153613 0
154910 0
154759 0
154969 0
154278 0
154199 0
154006 0
156015 0
154011 0
154169 0
154170 0
154212 0
153035 0
153163 0
154209 0
155684 0
155781 0
155129 0
153456 0
153895 0
155529 0
154020 0
154581 0
153736 0
153754 0
154860 0
154970 0
153628 0
155787 0
153604 0
153131 0
153124 0
154972 0
155791 0
155691 0
153454 0
154466 0
154168 0
154974 0
154211 0
155824 0
155065 0
154182 0
153017 0
155690 0
154186 0
154193 0
154954 0
154019 0
153790 0
154850 0
154009 0
154400 0
153813 0
154163 0
153268 0
155682 0
152858 0
153611 0
154856 0
154857 0
154861 0
155165 0
153855 0
155554 0
155995 0
155063 0
154116 0
155909 0
155790 0
155746 0
153103 0
153458 0
154499 0
154567 0
154976 0
154580 0
153605 0
155068 0
153203 0
154977 0
156029 0
153457 0
155686 0
154172 0
154839 0
154179 0
154204 0
152778 0
152974 0
154460 0
153021 0
154165 0
153614 0
152713 0
153858 0
155677 0
154213 0
154195 0
155692 0
154294 0
155530 0
153104 0
154902 0
155524 0
114493 0
153856 0
153629 0
155094 0
154842 0
155184 0
155533 0
154395 0
152683 0
153106 0
154492 0
154584 0
153791 0
154978 0
154527 0
152675 0
154434 0
154971 0
155983 0
155831 0
154461 0
155680 0
153109 0
155553 0
152782 0
155992 0
154016 0
153102 0
153430 0
154158 0
154368 0
154898 0
154102 0
154478 0
153269 0
154183 0
152780 0
153627 0
154900 0
155535 0
154206 0
155981 0
154482 0
154157 0
153624 0
153625 0
153098 0
153632 0
113211 0
154401 0
153739 0
153108 0
153610 0
153099 0
155987 0
154214 0
153018 0
154509 0
154802 0
155735 0
153755 0
155522 0
154794 0
155166 0
155115 0
152821 0
155979 0
153616 0
152825 0
155920 0
155784 0
155678 0
154162 0
154189 0
154901 0
153633 0
154205 0
153020 0
154479 0
152779 0
156028 0
153603 0
153620 0
153589 0
154827 0
154899 0
154481 0
154993 0
153202 0
154198 0
153313 0
155525 0
154489 0
155789 0
154017 0
153463 0
154911 0
153586 0
154177 0
154185 0
154192 0
153100 0
154491 0
154814 0
154210 0
155792 0
156030 0
154830 0
153117 0
155840 0
155059 0
154203 0
154582 0
154394 0
155906 0
154184 0
153451 0
154015 0
154467 0
154098 0
154719 0
153027 0
154433 0
155681 0
154994 0
153872 0
153101 0
155523 0
154188 0
155035 0
154572 0
154838 0
155837 0
153971 0
155066 0
154975 0
153608 0
155168 0
154845 0
153623 0
155697 0
155821 0
154173 0
154564 0
155532 0
155830 0
154683 0
155855 0
154953 0
152945 0
7524 0
104139 0
154167 0
155490 0
154826 0
154012 0
154801 0
155534 0
154583 0
153132 0
154014 0
153306 0
153870 0
155679 0
153621 0
154459 0
153496 0
154007 0
154018 0
154776 0
155759 0
155889 0
155685 0
154013 0
154735 0
152814 0
153609 0
154538 0
154194 0
153200 0
154885 0
154705 0
154688 0
155982 0
154397 0
155591 0
154178 0
154174 0
155748 0
152748 0
153097 0
153107 0
154892 0
154215 0
153314 0
152781 0
154156 0
155527 0
154903 0
155959 0
155749 0
154396 0
153016 0
154697 0
154837 0
155823 0
154480 0
154399 0
154216 0
152914 0
154718 0
114490 0
154008 0
152901 0
154912 0
154191 0
153857 0
153455 0
155526 0
155044 0
155964 0
154707 0
154200 0
154793 0
154171 0
155880 0
154889 0
153105 0
153871 0
155773 0
155910 0
152882 0
153622 0
154803 0
153461 0
154164 0
153444 0
154884 0
153113 0
