230036 15 126659 126856 185240 229145 229524 231604 231865 235683 236167 236530 237052 7658 84741 84742 978
107353 12 107802 107803 107804 107805 107806 107807 107808 107809 107810 107811 107812 107813
120071 17 132760 132761 132763 132764 132765 132766 132767 132768 132769 132770 132771 132772 132773 28347 28552 98603 98849
237590 1 24916
162527 16 147861 161344 161345 161424 161835 162526 162528 162529 162530 162531 162532 163100 163280 163990 33676 8578
162526 16 147861 161344 161345 161424 161835 162527 162528 162529 162530 162531 162532 163100 163280 163990 33676 8578
162529 16 147861 161344 161345 161424 161835 162526 162527 162528 162530 162531 162532 163100 163280 163990 33676 8578
162528 16 147861 161344 161345 161424 161835 162526 162527 162529 162530 162531 162532 163100 163280 163990 33676 8578
256777 14 10051 243451 2496 256775 256776 256834 256835 256836 256837 256838 256839 256840 256841 28916
256775 14 10051 243451 2496 256776 256777 256834 256835 256836 256837 256838 256839 256840 256841 28916
256776 14 10051 243451 2496 256775 256777 256834 256835 256836 256837 256838 256839 256840 256841 28916
194448 4 138879 194436 194439 194449
235470 1 235469
194449 4 138879 194436 194439 194448
213 4 214828 214829 214831 45
28916 13 243451 2496 256775 256776 256777 256834 256835 256836 256837 256838 256839 256840 256841
235469 2 235466 235470
235466 3 235463 235464 235469
194439 4 194436 194448 194449 207779
132772 17 120071 132760 132761 132763 132764 132765 132766 132767 132768 132769 132770 132771 132773 28347 28552 98603 98849
33676 14 161344 161345 161424 161835 162526 162527 162528 162529 162530 162531 162532 163280 163990 8578
235463 2 235464 235466
132773 17 120071 132760 132761 132763 132764 132765 132766 132767 132768 132769 132770 132771 132772 28347 28552 98603 98849
235464 2 235463 235466
132770 17 120071 132760 132761 132763 132764 132765 132766 132767 132768 132769 132771 132772 132773 28347 28552 98603 98849
132771 17 120071 132760 132761 132763 132764 132765 132766 132767 132768 132769 132770 132772 132773 28347 28552 98603 98849
194436 5 194439 194448 194449 207779 6128
49029 26 223168 223169 223170 223171 223172 223511 223512 223513 223514 223515 223516 223517 223518 223519 223520 223521 223522 223527 223528 223529 223530 223531 223532 35342 35469 8277
231865 16 126659 126856 185240 229145 229524 229663 230036 231604 235683 236167 236530 237052 7658 84741 84742 978
200731 14 192415 198888 198951 198953 198957 199874 200074 200075 200716 200717 200718 200719 200725 36765
52382 0
225598 2 207779 225599
86180 14 118452 181906 181907 181909 181910 181911 181912 181913 181915 181916 181917 181918 181919 86178
112804 14 112545 112681 112686 112731 112789 112794 112795 112796 112847 112859 113155 113156 113157 113158
978 13 10051 126856 185240 229145 229524 229663 230036 231604 231865 235683 236167 236530 237052
49314 14 182603 182604 182605 182606 182607 182608 182609 182610 182611 182612 49315 49316 6951 6952
118452 14 181906 181907 181909 181910 181911 181912 181913 181915 181916 181917 181918 181919 86178 86180
200725 14 192415 198888 198951 198953 198957 199874 200074 200075 200716 200717 200718 200719 200731 36765
49316 14 182603 182604 182605 182606 182607 182608 182609 182610 182611 182612 49314 49315 6951 6952
231604 16 126659 126856 185240 229145 229524 229663 230036 231865 235683 236167 236530 237052 7658 84741 84742 978
86178 14 118452 181906 181907 181909 181910 181911 181912 181913 181915 181916 181917 181918 181919 86180
49315 14 182603 182604 182605 182606 182607 182608 182609 182610 182611 182612 49314 49316 6951 6952
129 15 1333 15519 189800 247584 2532 2533 2605 26150 45 46717 63727 83098 83099 83100 84057
60489 1 60488
60488 1 60489
135190 17 135186 135187 135188 135189 135191 135192 135193 135194 135195 135196 135197 135198 135199 135200 135201 135202 195860
135192 16 135186 135188 135189 135190 135191 135193 135194 135195 135196 135197 135198 135199 135200 135201 135202 195860
257957 15 255306 255888 256066 256165 256166 256167 256609 256610 256611 256612 256614 256615 256616 257958 257959
135191 16 135186 135188 135189 135190 135192 135193 135194 135195 135196 135197 135198 135199 135200 135201 135202 195860
185240 16 126659 126856 229145 229524 229663 230036 231604 231865 235683 236167 236530 237052 7658 84741 84742 978
135198 17 135186 135187 135188 135189 135190 135191 135192 135193 135194 135195 135196 135197 135199 135200 135201 135202 195860
135197 17 135186 135187 135188 135189 135190 135191 135192 135193 135194 135195 135196 135198 135199 135200 135201 135202 195860
147861 14 161345 161424 161835 162526 162527 162528 162529 162530 162531 162532 163100 163280 163990 8578
128049 1 128033
135199 17 135186 135187 135188 135189 135190 135191 135192 135193 135194 135195 135196 135197 135198 135200 135201 135202 195860
257958 15 255306 255888 256066 256165 256166 256167 256609 256610 256611 256612 256614 256615 256616 257957 257959
135194 17 135186 135187 135188 135189 135190 135191 135192 135193 135195 135196 135197 135198 135199 135200 135201 135202 195860
257959 15 255306 255888 256066 256165 256166 256167 256609 256610 256611 256612 256614 256615 256616 257957 257958
135193 17 135186 135187 135188 135189 135190 135191 135192 135194 135195 135196 135197 135198 135199 135200 135201 135202 195860
135196 17 135186 135187 135188 135189 135190 135191 135192 135193 135194 135195 135197 135198 135199 135200 135201 135202 195860
10051 15 243451 2496 256775 256776 256777 256834 256835 256836 256837 256838 256839 256840 256841 7522 978
135195 17 135186 135187 135188 135189 135190 135191 135192 135193 135194 135196 135197 135198 135199 135200 135201 135202 195860
123595 0
200717 14 192415 198888 198951 198953 198957 199874 200074 200075 200716 200718 200719 200725 200731 36765
200716 14 192415 198888 198951 198953 198957 199874 200074 200075 200717 200718 200719 200725 200731 36765
200719 14 192415 198888 198951 198953 198957 199874 200074 200075 200716 200717 200718 200725 200731 36765
200718 14 192415 198888 198951 198953 198957 199874 200074 200075 200716 200717 200719 200725 200731 36765
162531 16 147861 161344 161345 161424 161835 162526 162527 162528 162529 162530 162532 163100 163280 163990 33676 8578
162532 16 147861 161344 161345 161424 161835 162526 162527 162528 162529 162530 162531 163100 163280 163990 33676 8578
136681 14 1008 103345 136675 136676 136677 136682 136683 136684 136685 136686 7406 7408 7410 99828
162530 16 147861 161344 161345 161424 161835 162526 162527 162528 162529 162531 162532 163100 163280 163990 33676 8578
136683 14 1008 103345 136675 136676 136677 136681 136682 136684 136685 136686 7406 7408 7410 99828
136682 14 1008 103345 136675 136676 136677 136681 136683 136684 136685 136686 7406 7408 7410 99828
136685 14 1008 103345 136675 136676 136677 136681 136682 136683 136684 136686 7406 7408 7410 99828
136684 14 1008 103345 136675 136676 136677 136681 136682 136683 136685 136686 7406 7408 7410 99828
69303 9 69295 69296 69297 69298 69299 69300 69301 69302 69304
136675 14 1008 103345 136676 136677 136681 136682 136683 136684 136685 136686 7406 7408 7410 99828
69302 9 69295 69296 69297 69298 69299 69300 69301 69303 69304
136676 14 1008 103345 136675 136677 136681 136682 136683 136684 136685 136686 7406 7408 7410 99828
69301 9 69295 69296 69297 69298 69299 69300 69302 69303 69304
136677 14 1008 103345 136675 136676 136681 136682 136683 136684 136685 136686 7406 7408 7410 99828
69300 9 69295 69296 69297 69298 69299 69301 69302 69303 69304
84057 13 129 1333 15519 247584 2532 2533 2605 26150 46717 63727 83098 83099 83100
69304 9 69295 69296 69297 69298 69299 69300 69301 69302 69303
238443 2 244579 79
200074 14 192415 198888 198951 198953 198957 199874 200075 200716 200717 200718 200719 200725 200731 36765
112545 14 112681 112686 112731 112789 112794 112795 112796 112804 112847 112859 113155 113156 113157 113158
135189 17 135186 135187 135188 135190 135191 135192 135193 135194 135195 135196 135197 135198 135199 135200 135201 135202 195860
135188 17 135186 135187 135189 135190 135191 135192 135193 135194 135195 135196 135197 135198 135199 135200 135201 135202 195860
135187 15 135186 135188 135189 135190 135193 135194 135195 135196 135197 135198 135199 135200 135201 135202 195860
200075 14 192415 198888 198951 198953 198957 199874 200074 200716 200717 200718 200719 200725 200731 36765
135186 17 135187 135188 135189 135190 135191 135192 135193 135194 135195 135196 135197 135198 135199 135200 135201 135202 195860
220212 1 2415
63727 16 103435 129 1333 15519 189800 247584 2532 2533 2605 26150 46717 6952 83098 83099 83100 84057
136686 14 1008 103345 136675 136676 136677 136681 136682 136683 136684 136685 7406 7408 7410 99828
74606 0
112847 14 112545 112681 112686 112731 112789 112794 112795 112796 112804 112859 113155 113156 113157 113158
101104 2 101095 2415
155177 14 155171 155173 155174 155175 155176 155178 155180 155185 155186 155187 20882 20883 20884 20886
155178 14 155171 155173 155174 155175 155176 155177 155180 155185 155186 155187 20882 20883 20884 20886
155187 14 155171 155173 155174 155175 155176 155177 155178 155180 155185 155186 20882 20883 20884 20886
155186 14 155171 155173 155174 155175 155176 155177 155178 155180 155185 155187 20882 20883 20884 20886
155185 14 155171 155173 155174 155175 155176 155177 155178 155180 155186 155187 20882 20883 20884 20886
155180 14 155171 155173 155174 155175 155176 155177 155178 155185 155186 155187 20882 20883 20884 20886
80040 14 189732 189734 189736 189737 189741 189742 189743 189744 189745 189746 189747 189748 189749 2605
46717 13 129 1333 15519 247584 2532 2533 2605 26150 63727 83098 83099 83100 84057
236167 16 126659 126856 185240 229145 229524 229663 230036 231604 231865 235683 236530 237052 7658 84741 84742 978
83098 13 129 1333 15519 247584 2532 2533 2605 26150 46717 63727 83099 83100 84057
83099 14 129 1333 15519 189800 247584 2532 2533 2605 26150 46717 63727 83098 83100 84057
103345 14 1008 136675 136676 136677 136681 136682 136683 136684 136685 136686 7406 7408 7410 99828
48099 2 51695 57740
155174 14 155171 155173 155175 155176 155177 155178 155180 155185 155186 155187 20882 20883 20884 20886
139250 1 79
155173 14 155171 155174 155175 155176 155177 155178 155180 155185 155186 155187 20882 20883 20884 20886
155176 14 155171 155173 155174 155175 155177 155178 155180 155185 155186 155187 20882 20883 20884 20886
155175 14 155171 155173 155174 155176 155177 155178 155180 155185 155186 155187 20882 20883 20884 20886
198957 14 192415 198888 198951 198953 199874 200074 200075 200716 200717 200718 200719 200725 200731 36765
155171 14 155173 155174 155175 155176 155177 155178 155180 155185 155186 155187 20882 20883 20884 20886
112731 14 112545 112681 112686 112789 112794 112795 112796 112804 112847 112859 113155 113156 113157 113158
198953 14 192415 198888 198951 198957 199874 200074 200075 200716 200717 200718 200719 200725 200731 36765
198951 14 192415 198888 198953 198957 199874 200074 200075 200716 200717 200718 200719 200725 200731 36765
223532 31 132056 19538 223168 223169 223170 223171 223172 223511 223512 223513 223514 223515 223516 223517 223518 223519 223520 223521 223522 223523 223527 223528 223529 223530 223531 35342 35469 49029 49385 8277 92082
223531 17 132056 19538 223168 223172 223511 223522 223523 223528 223529 223530 223532 35342 35469 49029 49385 8277 92082
128033 1 128049
132056 24 223168 223169 223170 223171 223172 223511 223512 223513 223514 223515 223516 223517 223518 223519 223520 223521 223522 223527 223528 223529 223530 223531 223532 92082
6951 14 182603 182604 182605 182606 182607 182608 182609 182610 182611 182612 49314 49315 49316 6952
135200 17 135186 135187 135188 135189 135190 135191 135192 135193 135194 135195 135196 135197 135198 135199 135201 135202 195860
199874 14 192415 198888 198951 198953 198957 200074 200075 200716 200717 200718 200719 200725 200731 36765
132199 3 116533 163961 163963
19538 24 223168 223169 223170 223171 223172 223511 223512 223513 223514 223515 223516 223517 223518 223519 223520 223521 223522 223527 223528 223529 223530 223531 223532 8277
6952 15 182603 182604 182605 182606 182607 182608 182609 182610 182611 182612 49314 49315 49316 63727 6951
2605 15 129 1333 15519 189800 247584 2532 2533 26150 46717 63727 80040 83098 83099 83100 84057
135664 14 135660 135661 135662 135663 135665 135668 135671 135672 135673 135674 135675 135676 135677 135678
135663 14 135660 135661 135662 135664 135665 135668 135671 135672 135673 135674 135675 135676 135677 135678
213310 7 213307 213308 213309 213311 213312 213313 79307
135665 14 135660 135661 135662 135663 135664 135668 135671 135672 135673 135674 135675 135676 135677 135678
213311 7 213308 213309 213310 213312 213313 213314 79307
135668 14 135660 135661 135662 135663 135664 135665 135671 135672 135673 135674 135675 135676 135677 135678
113156 14 112545 112681 112686 112731 112789 112794 112795 112796 112804 112847 112859 113155 113157 113158
113155 14 112545 112681 112686 112731 112789 112794 112795 112796 112804 112847 112859 113156 113157 113158
49385 23 223168 223169 223170 223171 223172 223511 223512 223513 223514 223515 223516 223517 223518 223519 223520 223521 223522 223527 223528 223529 223530 223531 223532
213306 7 213303 213304 213305 213307 213308 213309 79307
132769 17 120071 132760 132761 132763 132764 132765 132766 132767 132768 132770 132771 132772 132773 28347 28552 98603 98849
161424 16 147861 161344 161345 161835 162526 162527 162528 162529 162530 162531 162532 163100 163280 163990 33676 8578
213305 7 213302 213303 213304 213306 213307 213308 79307
132768 17 120071 132760 132761 132763 132764 132765 132766 132767 132769 132770 132771 132772 132773 28347 28552 98603 98849
213308 7 213305 213306 213307 213309 213310 213311 79307
248899 1 248889
132767 17 120071 132760 132761 132763 132764 132765 132766 132768 132769 132770 132771 132772 132773 28347 28552 98603 98849
213307 7 213304 213305 213306 213308 213309 213310 79307
213302 5 213301 213303 213304 213305 79307
135671 14 135660 135661 135662 135663 135664 135665 135668 135672 135673 135674 135675 135676 135677 135678
173174 0
213301 4 213302 213303 213304 79307
135672 14 135660 135661 135662 135663 135664 135665 135668 135671 135673 135674 135675 135676 135677 135678
213304 7 213301 213302 213303 213305 213306 213307 79307
126659 14 126856 185240 229145 229524 229663 230036 231604 231865 235683 236167 236530 237052 84741 84742
135673 14 135660 135661 135662 135663 135664 135665 135668 135671 135672 135674 135675 135676 135677 135678
213303 6 213301 213302 213304 213305 213306 79307
132761 14 120071 132760 132763 132764 132765 132766 132767 132768 132769 132770 132771 132772 132773 98849
132760 14 120071 132761 132763 132764 132765 132766 132767 132768 132769 132770 132771 132772 132773 98849
132766 17 120071 132760 132761 132763 132764 132765 132767 132768 132769 132770 132771 132772 132773 28347 28552 98603 98849
132765 17 120071 132760 132761 132763 132764 132766 132767 132768 132769 132770 132771 132772 132773 28347 28552 98603 98849
213309 7 213306 213307 213308 213310 213311 213312 79307
132764 17 120071 132760 132761 132763 132765 132766 132767 132768 132769 132770 132771 132772 132773 28347 28552 98603 98849
132763 17 120071 132760 132761 132764 132765 132766 132767 132768 132769 132770 132771 132772 132773 28347 28552 98603 98849
182612 14 182603 182604 182605 182606 182607 182608 182609 182610 182611 49314 49315 49316 6951 6952
182611 14 182603 182604 182605 182606 182607 182608 182609 182610 182612 49314 49315 49316 6951 6952
182610 14 182603 182604 182605 182606 182607 182608 182609 182611 182612 49314 49315 49316 6951 6952
135677 14 135660 135661 135662 135663 135664 135665 135668 135671 135672 135673 135674 135675 135676 135678
135676 14 135660 135661 135662 135663 135664 135665 135668 135671 135672 135673 135674 135675 135677 135678
135675 14 135660 135661 135662 135663 135664 135665 135668 135671 135672 135673 135674 135676 135677 135678
135674 14 135660 135661 135662 135663 135664 135665 135668 135671 135672 135673 135675 135676 135677 135678
135678 14 135660 135661 135662 135663 135664 135665 135668 135671 135672 135673 135674 135675 135676 135677
248889 1 248899
113157 14 112545 112681 112686 112731 112789 112794 112795 112796 112804 112847 112859 113155 113156 113158
113158 14 112545 112681 112686 112731 112789 112794 112795 112796 112804 112847 112859 113155 113156 113157
2415 4 101095 101104 1079 220212
192415 14 198888 198951 198953 198957 199874 200074 200075 200716 200717 200718 200719 200725 200731 36765
229663 15 126659 126856 185240 229145 229524 231604 231865 235683 236167 236530 237052 7658 84741 84742 978
135201 17 135186 135187 135188 135189 135190 135191 135192 135193 135194 135195 135196 135197 135198 135199 135200 135202 195860
135202 17 135186 135187 135188 135189 135190 135191 135192 135193 135194 135195 135196 135197 135198 135199 135200 135201 195860
126856 16 126659 185240 229145 229524 229663 230036 231604 231865 235683 236167 236530 237052 7658 84741 84742 978
161345 16 147861 161344 161424 161835 162526 162527 162528 162529 162530 162531 162532 163100 163280 163990 33676 8578
99828 14 1008 103345 136675 136676 136677 136681 136682 136683 136684 136685 136686 7406 7408 7410
103435 14 189732 189734 189736 189737 189741 189742 189743 189744 189745 189746 189747 189748 189749 63727
223530 19 132056 19538 223168 223171 223172 223511 223522 223523 223527 223528 223529 223531 223532 35342 35469 49029 49385 8277 92082
161344 14 161345 161424 161835 162526 162527 162528 162529 162530 162531 162532 163280 163990 33676 8578
223522 31 132056 19538 223168 223169 223170 223171 223172 223511 223512 223513 223514 223515 223516 223517 223518 223519 223520 223521 223523 223527 223528 223529 223530 223531 223532 35342 35469 49029 49385 8277 92082
223523 23 223168 223169 223170 223171 223172 223511 223512 223513 223514 223515 223516 223517 223518 223519 223520 223521 223522 223527 223528 223529 223530 223531 223532
223520 18 132056 19538 223168 223172 223511 223517 223518 223519 223521 223522 223523 223532 35342 35469 49029 49385 8277 92082
243451 14 10051 2496 256775 256776 256777 256834 256835 256836 256837 256838 256839 256840 256841 28916
223521 17 132056 19538 223168 223172 223511 223518 223519 223520 223522 223523 223532 35342 35469 49029 49385 8277 92082
223527 19 132056 189748 19538 223168 223170 223172 223511 223522 223523 223528 223529 223530 223532 35342 35469 49029 49385 8277 92082
138879 3 194448 194449 230440
181909 14 118452 181906 181907 181910 181911 181912 181913 181915 181916 181917 181918 181919 86178 86180
181907 14 118452 181906 181909 181910 181911 181912 181913 181915 181916 181917 181918 181919 86178 86180
223528 20 132056 189744 19538 223168 223170 223172 223511 223522 223523 223527 223529 223530 223531 223532 35342 35469 49029 49385 8277 92082
181906 14 118452 181907 181909 181910 181911 181912 181913 181915 181916 181917 181918 181919 86178 86180
223529 19 132056 19538 223168 223171 223172 223511 223522 223523 223527 223528 223530 223531 223532 35342 35469 49029 49385 8277 92082
181910 14 118452 181906 181907 181909 181911 181912 181913 181915 181916 181917 181918 181919 86178 86180
181911 14 118452 181906 181907 181909 181910 181912 181913 181915 181916 181917 181918 181919 86178 86180
112859 14 112545 112681 112686 112731 112789 112794 112795 112796 112804 112847 113155 113156 113157 113158
213320 4 213317 213318 213319 79307
135661 14 135660 135662 135663 135664 135665 135668 135671 135672 135673 135674 135675 135676 135677 135678
213315 7 213312 213313 213314 213316 213317 213318 79307
135662 14 135660 135661 135663 135664 135665 135668 135671 135672 135673 135674 135675 135676 135677 135678
213314 7 213311 213312 213313 213315 213316 213317 79307
223511 31 132056 19538 223168 223169 223170 223171 223172 223512 223513 223514 223515 223516 223517 223518 223519 223520 223521 223522 223523 223527 223528 223529 223530 223531 223532 35342 35469 49029 49385 8277 92082
213313 7 213310 213311 213312 213314 213315 213316 79307
223512 17 132056 19538 223168 223172 223511 223513 223514 223515 223522 223523 223532 35342 35469 49029 49385 8277 92082
135660 14 135661 135662 135663 135664 135665 135668 135671 135672 135673 135674 135675 135676 135677 135678
213312 7 213309 213310 213311 213313 213314 213315 79307
223513 18 132056 19538 223168 223172 223511 223512 223514 223515 223516 223522 223523 223532 35342 35469 49029 49385 8277 92082
213319 5 213316 213317 213318 213320 79307
223514 19 132056 19538 223168 223172 223511 223512 223513 223515 223516 223517 223522 223523 223532 35342 35469 49029 49385 8277 92082
213318 6 213315 213316 213317 213319 213320 79307
223515 20 132056 19538 223168 223172 223511 223512 223513 223514 223516 223517 223518 223522 223523 223532 35342 35469 49029 49385 8277 92082
213317 7 213314 213315 213316 213318 213319 213320 79307
223516 20 132056 19538 223168 223172 223511 223513 223514 223515 223517 223518 223519 223522 223523 223532 35342 35469 49029 49385 8277 92082
213316 7 213313 213314 213315 213317 213318 213319 79307
223517 20 132056 19538 223168 223172 223511 223514 223515 223516 223518 223519 223520 223522 223523 223532 35342 35469 49029 49385 8277 92082
181917 14 118452 181906 181907 181909 181910 181911 181912 181913 181915 181916 181918 181919 86178 86180
223518 20 132056 19538 223168 223172 223511 223515 223516 223517 223519 223520 223521 223522 223523 223532 35342 35469 49029 49385 8277 92082
181916 14 118452 181906 181907 181909 181910 181911 181912 181913 181915 181917 181918 181919 86178 86180
223519 19 132056 19538 223168 223172 223511 223516 223517 223518 223520 223521 223522 223523 223532 35342 35469 49029 49385 8277 92082
8277 27 19538 223168 223169 223170 223171 223172 223511 223512 223513 223514 223515 223516 223517 223518 223519 223520 223521 223522 223527 223528 223529 223530 223531 223532 35342 35469 49029
181919 14 118452 181906 181907 181909 181910 181911 181912 181913 181915 181916 181917 181918 86178 86180
181918 14 118452 181906 181907 181909 181910 181911 181912 181913 181915 181916 181917 181919 86178 86180
181913 14 118452 181906 181907 181909 181910 181911 181912 181915 181916 181917 181918 181919 86178 86180
181912 15 110778 118452 181906 181907 181909 181910 181911 181913 181915 181916 181917 181918 181919 86178 86180
2533 13 129 1333 15519 247584 2532 2605 26150 46717 63727 83098 83099 83100 84057
6128 2 194436 225599
181915 14 118452 181906 181907 181909 181910 181911 181912 181913 181916 181917 181918 181919 86178 86180
2532 14 129 1333 15519 189800 247584 2533 2605 26150 46717 63727 83098 83099 83100 84057
69295 9 69296 69297 69298 69299 69300 69301 69302 69303 69304
69297 9 69295 69296 69298 69299 69300 69301 69302 69303 69304
189747 16 103435 189732 189734 189736 189737 189741 189742 189743 189744 189745 189746 189748 189749 45 79 80040
69296 9 69295 69297 69298 69299 69300 69301 69302 69303 69304
189748 17 103435 189732 189734 189736 189737 189741 189742 189743 189744 189745 189746 189747 189749 223527 45 79 80040
69299 9 69295 69296 69297 69298 69300 69301 69302 69303 69304
189749 16 103435 189732 189734 189736 189737 189741 189742 189743 189744 189745 189746 189747 189748 45 79 80040
69298 9 69295 69296 69297 69299 69300 69301 69302 69303 69304
189743 16 103435 189732 189734 189736 189737 189741 189742 189744 189745 189746 189747 189748 189749 45 79 80040
189744 17 103435 189732 189734 189736 189737 189741 189742 189743 189745 189746 189747 189748 189749 223528 45 79 80040
189745 16 103435 189732 189734 189736 189737 189741 189742 189743 189744 189746 189747 189748 189749 45 79 80040
189746 16 103435 189732 189734 189736 189737 189741 189742 189743 189744 189745 189747 189748 189749 45 79 80040
98849 14 120071 132760 132761 132763 132764 132765 132766 132767 132768 132769 132770 132771 132772 132773
189741 16 103435 189732 189734 189736 189737 189742 189743 189744 189745 189746 189747 189748 189749 45 79 80040
189742 16 103435 189732 189734 189736 189737 189741 189743 189744 189745 189746 189747 189748 189749 45 79 80040
133636 14 133620 133621 133622 133623 133625 133630 133634 133635 133872 133880 133890 133900 133910 38509
163100 14 147861 161345 161424 161835 162526 162527 162528 162529 162530 162531 162532 163280 163990 8578
133630 18 133620 133621 133622 133623 133625 133634 133635 133636 133872 133880 133890 133900 133910 133911 134330 134331 134332 38509
134376 14 133620 133621 133880 133890 133900 133910 133911 134330 134331 134332 134333 134334 134344 78177
116533 4 132199 163961 163963 167168
133634 14 133620 133621 133622 133623 133625 133630 133635 133636 133872 133880 133890 133900 133910 38509
133635 14 133620 133625 133630 133634 133636 133880 133890 133900 133910 133911 134330 134331 134332 38509
155621 4 155616 155617 155618 155619
55851 0
133625 14 133620 133621 133622 133623 133630 133634 133635 133636 133872 133880 133890 133900 133910 38509
1079 1 2415
133620 27 133617 133618 133619 133621 133622 133623 133625 133630 133634 133635 133636 133872 133880 133890 133900 133910 133911 134330 134331 134332 134333 134334 134335 134344 134376 38509 78177
133621 24 133618 133619 133620 133622 133623 133625 133630 133634 133636 133880 133890 133900 133910 133911 134330 134331 134332 134333 134334 134335 134344 134376 38509 78177
133622 14 133619 133620 133621 133623 133625 133630 133634 133636 133872 133880 133890 133900 133910 38509
229145 16 126659 126856 185240 229524 229663 230036 231604 231865 235683 236167 236530 237052 7658 84741 84742 978
133623 16 133620 133621 133622 133625 133630 133634 133636 133880 133890 133900 133910 133911 134330 134331 134332 38509
155617 4 155616 155618 155619 155621
110780 14 110774 110775 110776 110777 110778 110781 110782 110783 110788 110789 110790 110791 110792 110793
155616 4 155617 155618 155619 155621
161835 16 147861 161344 161345 161424 162526 162527 162528 162529 162530 162531 162532 163100 163280 163990 33676 8578
51695 2 48099 57740
133900 24 133620 133621 133622 133623 133625 133630 133634 133635 133636 133872 133880 133890 133910 133911 134330 134331 134332 134333 134334 134335 134344 134376 38509 78177
229524 16 126659 126856 185240 229145 229663 230036 231604 231865 235683 236167 236530 237052 7658 84741 84742 978
155619 4 155616 155617 155618 155621
28347 12 120071 132763 132764 132765 132766 132767 132768 132769 132770 132771 132772 132773
155618 4 155616 155617 155619 155621
110777 14 110774 110775 110776 110778 110780 110781 110782 110783 110788 110789 110790 110791 110792 110793
110776 14 110774 110775 110777 110778 110780 110781 110782 110783 110788 110789 110790 110791 110792 110793
110775 14 110774 110776 110777 110778 110780 110781 110782 110783 110788 110789 110790 110791 110792 110793
110774 14 110775 110776 110777 110778 110780 110781 110782 110783 110788 110789 110790 110791 110792 110793
256840 14 10051 243451 2496 256775 256776 256777 256834 256835 256836 256837 256838 256839 256841 28916
256841 14 10051 243451 2496 256775 256776 256777 256834 256835 256836 256837 256838 256839 256840 28916
57740 2 48099 51695
110778 15 110774 110775 110776 110777 110780 110781 110782 110783 110788 110789 110790 110791 110792 110793 181912
240060 1 24916
98140 3 98230 98923 98924
182609 14 182603 182604 182605 182606 182607 182608 182610 182611 182612 49314 49315 49316 6951 6952
189736 16 103435 189732 189734 189737 189741 189742 189743 189744 189745 189746 189747 189748 189749 45 79 80040
189737 16 103435 189732 189734 189736 189741 189742 189743 189744 189745 189746 189747 189748 189749 45 79 80040
55872 0
182606 14 182603 182604 182605 182607 182608 182609 182610 182611 182612 49314 49315 49316 6951 6952
182605 14 182603 182604 182606 182607 182608 182609 182610 182611 182612 49314 49315 49316 6951 6952
133910 24 133620 133621 133622 133623 133625 133630 133634 133635 133636 133872 133880 133890 133900 133911 134330 134331 134332 134333 134334 134335 134344 134376 38509 78177
182608 14 182603 182604 182605 182606 182607 182609 182610 182611 182612 49314 49315 49316 6951 6952
179637 0
182607 14 182603 182604 182605 182606 182608 182609 182610 182611 182612 49314 49315 49316 6951 6952
133911 19 133620 133621 133623 133630 133635 133872 133880 133890 133900 133910 134330 134331 134332 134333 134334 134335 134344 134376 78177
110790 14 110774 110775 110776 110777 110778 110780 110781 110782 110783 110788 110789 110791 110792 110793
110791 14 110774 110775 110776 110777 110778 110780 110781 110782 110783 110788 110789 110790 110792 110793
167168 2 116533 163963
189734 16 103435 189732 189736 189737 189741 189742 189743 189744 189745 189746 189747 189748 189749 45 79 80040
213109 5 213108 213110 213111 213112 213113
189732 16 103435 189734 189736 189737 189741 189742 189743 189744 189745 189746 189747 189748 189749 45 79 80040
213108 5 213109 213110 213111 213112 213113
110788 14 110774 110775 110776 110777 110778 110780 110781 110782 110783 110789 110790 110791 110792 110793
110782 14 110774 110775 110776 110777 110778 110780 110781 110783 110788 110789 110790 110791 110792 110793
213112 5 213108 213109 213110 213111 213113
110781 14 110774 110775 110776 110777 110778 110780 110782 110783 110788 110789 110790 110791 110792 110793
213113 5 213108 213109 213110 213111 213112
213110 5 213108 213109 213111 213112 213113
110783 14 110774 110775 110776 110777 110778 110780 110781 110782 110788 110789 110790 110791 110792 110793
213111 5 213108 213109 213110 213112 213113
22168 2 22169 22170
247584 13 129 1333 15519 2532 2533 2605 26150 46717 63727 83098 83099 83100 84057
182603 14 182604 182605 182606 182607 182608 182609 182610 182611 182612 49314 49315 49316 6951 6952
182604 14 182603 182605 182606 182607 182608 182609 182610 182611 182612 49314 49315 49316 6951 6952
110789 14 110774 110775 110776 110777 110778 110780 110781 110782 110783 110788 110790 110791 110792 110793
22169 3 22168 22170 22172
230440 1 138879
255306 15 255888 256066 256165 256166 256167 256609 256610 256611 256612 256614 256615 256616 257957 257958 257959
79 15 139250 189732 189734 189736 189737 189741 189742 189743 189744 189745 189746 189747 189748 189749 238443
22172 4 22169 22170 22173 22174
38509 14 133620 133621 133622 133623 133625 133630 133634 133635 133636 133872 133880 133890 133900 133910
133872 15 133620 133622 133625 133630 133634 133636 133880 133890 133900 133910 133911 134330 134331 134332 38509
22173 4 22170 22172 22174 22176
22174 4 22172 22173 22176 22177
22170 4 22168 22169 22172 22173
189800 7 129 15519 2532 2605 45 63727 83099
134332 19 133620 133621 133623 133630 133635 133872 133880 133890 133900 133910 133911 134330 134331 134333 134334 134335 134344 134376 78177
134333 15 133620 133621 133880 133890 133900 133910 133911 134330 134331 134332 134334 134335 134344 134376 78177
134334 15 133620 133621 133880 133890 133900 133910 133911 134330 134331 134332 134333 134335 134344 134376 78177
134335 12 133620 133621 133880 133890 133900 133910 133911 134330 134331 134332 134333 134334
22177 5 22174 22176 22178 22179 22180
133880 24 133620 133621 133622 133623 133625 133630 133634 133635 133636 133872 133890 133900 133910 133911 134330 134331 134332 134333 134334 134335 134344 134376 38509 78177
112681 14 112545 112686 112731 112789 112794 112795 112796 112804 112847 112859 113155 113156 113157 113158
22176 5 22173 22174 22177 22178 22179
22179 6 22176 22177 22178 22180 22181 22182
22178 5 22176 22177 22179 22180 22181
98603 12 120071 132763 132764 132765 132766 132767 132768 132769 132770 132771 132772 132773
110792 14 110774 110775 110776 110777 110778 110780 110781 110782 110783 110788 110789 110790 110791 110793
110793 14 110774 110775 110776 110777 110778 110780 110781 110782 110783 110788 110789 110790 110791 110792
144539 14 133612 133613 133614 133615 133616 133617 133618 133619 144540 144541 144542 144543 144544 206636
35469 26 223168 223169 223170 223171 223172 223511 223512 223513 223514 223515 223516 223517 223518 223519 223520 223521 223522 223527 223528 223529 223530 223531 223532 35342 49029 8277
112789 14 112545 112681 112686 112731 112794 112795 112796 112804 112847 112859 113155 113156 113157 113158
28552 12 120071 132763 132764 132765 132766 132767 132768 132769 132770 132771 132772 132773
22185 6 22182 22183 22184 22186 22187 22188
112686 14 112545 112681 112731 112789 112794 112795 112796 112804 112847 112859 113155 113156 113157 113158
22186 5 22183 22184 22185 22187 22188
22183 6 22180 22181 22182 22184 22185 22186
22184 6 22181 22182 22183 22185 22186 22187
198888 14 192415 198951 198953 198957 199874 200074 200075 200716 200717 200718 200719 200725 200731 36765
22181 6 22178 22179 22180 22182 22183 22184
22182 6 22179 22180 22181 22183 22184 22185
22180 6 22177 22178 22179 22181 22182 22183
256835 14 10051 243451 2496 256775 256776 256777 256834 256836 256837 256838 256839 256840 256841 28916
144543 14 133612 133613 133614 133615 133616 133617 133618 133619 144539 144540 144541 144542 144544 206636
256834 14 10051 243451 2496 256775 256776 256777 256835 256836 256837 256838 256839 256840 256841 28916
144542 14 133612 133613 133614 133615 133616 133617 133618 133619 144539 144540 144541 144543 144544 206636
144541 14 133612 133613 133614 133615 133616 133617 133618 133619 144539 144540 144542 144543 144544 206636
134344 14 133620 133621 133880 133890 133900 133910 133911 134330 134331 134332 134333 134334 134376 78177
144540 14 133612 133613 133614 133615 133616 133617 133618 133619 144539 144541 144542 144543 144544 206636
22188 3 22185 22186 22187
22187 4 22184 22185 22186 22188
144544 14 133612 133613 133614 133615 133616 133617 133618 133619 144539 144540 144541 144542 144543 206636
256839 14 10051 243451 2496 256775 256776 256777 256834 256835 256836 256837 256838 256840 256841 28916
256838 14 10051 243451 2496 256775 256776 256777 256834 256835 256836 256837 256839 256840 256841 28916
256837 14 10051 243451 2496 256775 256776 256777 256834 256835 256836 256838 256839 256840 256841 28916
256836 14 10051 243451 2496 256775 256776 256777 256834 256835 256837 256838 256839 256840 256841 28916
112795 14 112545 112681 112686 112731 112789 112794 112796 112804 112847 112859 113155 113156 113157 113158
112794 14 112545 112681 112686 112731 112789 112795 112796 112804 112847 112859 113155 113156 113157 113158
112796 14 112545 112681 112686 112731 112789 112794 112795 112804 112847 112859 113155 113156 113157 113158
206636 14 133612 133613 133614 133615 133616 133617 133618 133619 144539 144540 144541 144542 144543 144544
45 16 129 189732 189734 189736 189737 189741 189742 189743 189744 189745 189746 189747 189748 189749 189800 213
24916 2 237590 240060
134331 19 133620 133621 133623 133630 133635 133872 133880 133890 133900 133910 133911 134330 134332 134333 134334 134335 134344 134376 78177
134330 19 133620 133621 133623 133630 133635 133872 133880 133890 133900 133910 133911 134331 134332 134333 134334 134335 134344 134376 78177
133890 24 133620 133621 133622 133623 133625 133630 133634 133635 133636 133872 133880 133900 133910 133911 134330 134331 134332 134333 134334 134335 134344 134376 38509 78177
79307 20 213301 213302 213303 213304 213305 213306 213307 213308 213309 213310 213311 213312 213313 213314 213315 213316 213317 213318 213319 213320
2496 14 10051 243451 256775 256776 256777 256834 256835 256836 256837 256838 256839 256840 256841 28916
7658 12 126856 185240 229145 229524 229663 230036 231604 231865 235683 236167 236530 237052
15519 14 129 1333 189800 247584 2532 2533 2605 26150 46717 63727 83098 83099 83100 84057
207779 3 194436 194439 225598
1008 14 103345 136675 136676 136677 136681 136682 136683 136684 136685 136686 7406 7408 7410 99828
195860 17 135186 135187 135188 135189 135190 135191 135192 135193 135194 135195 135196 135197 135198 135199 135200 135201 135202
256165 15 255306 255888 256066 256166 256167 256609 256610 256611 256612 256614 256615 256616 257957 257958 257959
256166 15 255306 255888 256066 256165 256167 256609 256610 256611 256612 256614 256615 256616 257957 257958 257959
36765 14 192415 198888 198951 198953 198957 199874 200074 200075 200716 200717 200718 200719 200725 200731
256167 15 255306 255888 256066 256165 256166 256609 256610 256611 256612 256614 256615 256616 257957 257958 257959
225599 2 225598 6128
104938 0
26150 13 129 1333 15519 247584 2532 2533 2605 46717 63727 83098 83099 83100 84057
84742 14 126659 126856 185240 229145 229524 229663 230036 231604 231865 235683 236167 236530 237052 84741
84741 14 126659 126856 185240 229145 229524 229663 230036 231604 231865 235683 236167 236530 237052 84742
223168 31 132056 19538 223169 223170 223171 223172 223511 223512 223513 223514 223515 223516 223517 223518 223519 223520 223521 223522 223523 223527 223528 223529 223530 223531 223532 35342 35469 49029 49385 8277 92082
98317 0
223169 16 132056 19538 223168 223170 223171 223172 223511 223522 223523 223532 35342 35469 49029 49385 8277 92082
7408 14 1008 103345 136675 136676 136677 136681 136682 136683 136684 136685 136686 7406 7410 99828
7406 14 1008 103345 136675 136676 136677 136681 136682 136683 136684 136685 136686 7408 7410 99828
223172 31 132056 19538 223168 223169 223170 223171 223511 223512 223513 223514 223515 223516 223517 223518 223519 223520 223521 223522 223523 223527 223528 223529 223530 223531 223532 35342 35469 49029 49385 8277 92082
223171 18 132056 19538 223168 223169 223170 223172 223511 223522 223523 223529 223530 223532 35342 35469 49029 49385 8277 92082
7410 14 1008 103345 136675 136676 136677 136681 136682 136683 136684 136685 136686 7406 7408 99828
223170 18 132056 19538 223168 223169 223171 223172 223511 223522 223523 223527 223528 223532 35342 35469 49029 49385 8277 92082
107808 12 107353 107802 107803 107804 107805 107806 107807 107809 107810 107811 107812 107813
107809 12 107353 107802 107803 107804 107805 107806 107807 107808 107810 107811 107812 107813
20883 14 155171 155173 155174 155175 155176 155177 155178 155180 155185 155186 155187 20882 20884 20886
20882 14 155171 155173 155174 155175 155176 155177 155178 155180 155185 155186 155187 20883 20884 20886
7514 0
20884 14 155171 155173 155174 155175 155176 155177 155178 155180 155185 155186 155187 20882 20883 20886
20886 14 155171 155173 155174 155175 155176 155177 155178 155180 155185 155186 155187 20882 20883 20884
107802 12 107353 107803 107804 107805 107806 107807 107808 107809 107810 107811 107812 107813
107803 12 107353 107802 107804 107805 107806 107807 107808 107809 107810 107811 107812 107813
107804 12 107353 107802 107803 107805 107806 107807 107808 107809 107810 107811 107812 107813
107805 12 107353 107802 107803 107804 107806 107807 107808 107809 107810 107811 107812 107813
107806 12 107353 107802 107803 107804 107805 107807 107808 107809 107810 107811 107812 107813
237052 16 126659 126856 185240 229145 229524 229663 230036 231604 231865 235683 236167 236530 7658 84741 84742 978
107807 12 107353 107802 107803 107804 107805 107806 107808 107809 107810 107811 107812 107813
107810 12 107353 107802 107803 107804 107805 107806 107807 107808 107809 107811 107812 107813
7522 1 10051
107813 12 107353 107802 107803 107804 107805 107806 107807 107808 107809 107810 107811 107812
107811 12 107353 107802 107803 107804 107805 107806 107807 107808 107809 107810 107812 107813
107812 12 107353 107802 107803 107804 107805 107806 107807 107808 107809 107810 107811 107813
163961 3 116533 132199 163963
163963 4 116533 132199 163961 167168
35342 26 223168 223169 223170 223171 223172 223511 223512 223513 223514 223515 223516 223517 223518 223519 223520 223521 223522 223527 223528 223529 223530 223531 223532 35469 49029 8277
51875 3 51872 51873 51874
51874 4 51871 51872 51873 51875
51873 4 51871 51872 51874 51875
214831 3 213 214828 214829
236530 16 126659 126856 185240 229145 229524 229663 230036 231604 231865 235683 236167 237052 7658 84741 84742 978
256066 15 255306 255888 256165 256166 256167 256609 256610 256611 256612 256614 256615 256616 257957 257958 257959
51872 4 51871 51873 51874 51875
83100 13 129 1333 15519 247584 2532 2533 2605 26150 46717 63727 83098 83099 84057
51871 3 51872 51873 51874
8578 16 147861 161344 161345 161424 161835 162526 162527 162528 162529 162530 162531 162532 163100 163280 163990 33676
243982 1 244579
163990 16 147861 161344 161345 161424 161835 162526 162527 162528 162529 162530 162531 162532 163100 163280 33676 8578
255888 15 255306 256066 256165 256166 256167 256609 256610 256611 256612 256614 256615 256616 257957 257958 257959
214828 3 213 214829 214831
214829 3 213 214828 214831
78177 14 133620 133621 133880 133890 133900 133910 133911 134330 134331 134332 134333 134334 134344 134376
1333 13 129 15519 247584 2532 2533 2605 26150 46717 63727 83098 83099 83100 84057
133613 14 133612 133614 133615 133616 133617 133618 133619 144539 144540 144541 144542 144543 144544 206636
92082 24 132056 223168 223169 223170 223171 223172 223511 223512 223513 223514 223515 223516 223517 223518 223519 223520 223521 223522 223527 223528 223529 223530 223531 223532
256616 15 255306 255888 256066 256165 256166 256167 256609 256610 256611 256612 256614 256615 257957 257958 257959
133612 14 133613 133614 133615 133616 133617 133618 133619 144539 144540 144541 144542 144543 144544 206636
256611 15 255306 255888 256066 256165 256166 256167 256609 256610 256612 256614 256615 256616 257957 257958 257959
133619 17 133612 133613 133614 133615 133616 133617 133618 133620 133621 133622 144539 144540 144541 144542 144543 144544 206636
256610 15 255306 255888 256066 256165 256166 256167 256609 256611 256612 256614 256615 256616 257957 257958 257959
133618 16 133612 133613 133614 133615 133616 133617 133619 133620 133621 144539 144540 144541 144542 144543 144544 206636
256615 15 255306 255888 256066 256165 256166 256167 256609 256610 256611 256612 256614 256616 257957 257958 257959
133615 14 133612 133613 133614 133616 133617 133618 133619 144539 144540 144541 144542 144543 144544 206636
256614 15 255306 255888 256066 256165 256166 256167 256609 256610 256611 256612 256615 256616 257957 257958 257959
133614 14 133612 133613 133615 133616 133617 133618 133619 144539 144540 144541 144542 144543 144544 206636
133617 15 133612 133613 133614 133615 133616 133618 133619 133620 144539 144540 144541 144542 144543 144544 206636
256612 15 255306 255888 256066 256165 256166 256167 256609 256610 256611 256614 256615 256616 257957 257958 257959
133616 14 133612 133613 133614 133615 133617 133618 133619 144539 144540 144541 144542 144543 144544 206636
235683 16 126659 126856 185240 229145 229524 229663 230036 231604 231865 236167 236530 237052 7658 84741 84742 978
98923 3 98140 98230 98924
98924 3 98140 98230 98923
98230 3 98140 98923 98924
256609 15 255306 255888 256066 256165 256166 256167 256610 256611 256612 256614 256615 256616 257957 257958 257959
244579 2 238443 243982
230017 0
163280 16 147861 161344 161345 161424 161835 162526 162527 162528 162529 162530 162531 162532 163100 163990 33676 8578
101095 2 101104 2415
