root 41
rep101095 5
101104 0
2415 0
220212 0
101095 0
1079 0
98317 0
rep98140 4
98923 0
98924 0
98230 0
98140 0
rep128033 2
128033 0
128049 0
55872 0
rep213110 6
213109 0
213108 0
213110 0
213112 0
213111 0
213113 0
230017 0
rep181919 30
110782 0
110788 0
110774 0
181918 0
181915 0
181910 0
181906 0
181913 0
86178 0
110792 0
110789 0
110778 0
110775 0
181917 0
110781 0
110790 0
110791 0
181911 0
110780 0
110777 0
118452 0
86180 0
110793 0
110783 0
181912 0
181909 0
181919 0
110776 0
181916 0
181907 0
rep51871 5
51871 0
51874 0
51873 0
51872 0
51875 0
rep22168 19
22177 0
22173 0
22176 0
22168 0
22186 0
22183 0
22170 0
22182 0
22185 0
22187 0
22179 0
22180 0
22188 0
22181 0
22174 0
22184 0
22169 0
22172 0
22178 0
rep235469 5
235463 0
235470 0
235469 0
235466 0
235464 0
rep213305 21
79307 0
213315 0
213304 0
213316 0
213314 0
213311 0
213308 0
213318 0
213306 0
213313 0
213317 0
213312 0
213303 0
213305 0
213301 0
213310 0
213307 0
213302 0
213309 0
213320 0
213319 0
rep161835 17
162528 0
163100 0
162532 0
163280 0
162530 0
161345 0
163990 0
162529 0
8578 0
147861 0
33676 0
161835 0
162527 0
161424 0
162526 0
162531 0
161344 0
rep199874 15
200716 0
198888 0
36765 0
200074 0
198957 0
200717 0
192415 0
200719 0
200075 0
199874 0
200718 0
200725 0
198951 0
200731 0
198953 0
rep194448 10
194436 0
207779 0
194449 0
6128 0
225599 0
194448 0
194439 0
138879 0
230440 0
225598 0
rep248889 2
248889 0
248899 0
rep132760 18
98849 0
132771 0
132769 0
132770 0
132768 0
132773 0
120071 0
132766 0
132763 0
132767 0
132772 0
132765 0
28347 0
132761 0
132764 0
28552 0
98603 0
132760 0
7514 0
rep256835 33
256836 0
2496 0
236530 0
230036 0
978 0
229524 0
7522 0
84742 0
243451 0
256837 0
10051 0
237052 0
256777 0
256776 0
256835 0
126659 0
231865 0
231604 0
185240 0
256841 0
235683 0
84741 0
229663 0
236167 0
256839 0
256834 0
256775 0
256840 0
256838 0
28916 0
7658 0
126856 0
229145 0
179637 0
rep135661 15
135665 0
135674 0
135675 0
135664 0
135677 0
135676 0
135660 0
135671 0
135661 0
135668 0
135662 0
135678 0
135673 0
135672 0
135663 0
74606 0
rep107805 13
107805 0
107803 0
107812 0
107811 0
107804 0
107807 0
107813 0
107802 0
107809 0
107353 0
107808 0
107806 0
107810 0
rep255888 16
256066 0
255306 0
257959 0
256167 0
256165 0
256612 0
256610 0
256615 0
256166 0
256611 0
257958 0
257957 0
256614 0
256609 0
255888 0
256616 0
123595 0
rep135199 18
135195 0
135188 0
195860 0
135197 0
135187 0
135186 0
135202 0
135201 0
135191 0
135198 0
135200 0
135193 0
135192 0
135199 0
135189 0
135194 0
135190 0
135196 0
52382 0
104938 0
rep116533 5
132199 0
163963 0
116533 0
167168 0
163961 0
rep136684 15
136686 0
7410 0
136675 0
136681 0
103345 0
7408 0
7406 0
136676 0
136677 0
136684 0
99828 0
136683 0
1008 0
136682 0
136685 0
rep223511 87
182604 0
103435 0
223513 0
182612 0
6951 0
189745 0
189743 0
182607 0
223519 0
83100 0
223515 0
139250 0
223521 0
247584 0
189744 0
2605 0
35342 0
79 0
223532 0
49315 0
2533 0
189737 0
189800 0
84057 0
213 0
244579 0
45 0
223518 0
214829 0
223512 0
223516 0
129 0
15519 0
223171 0
189742 0
223170 0
182603 0
189732 0
223517 0
26150 0
49316 0
83099 0
223529 0
132056 0
182611 0
223523 0
223527 0
182608 0
189747 0
49385 0
80040 0
189749 0
46717 0
49314 0
2532 0
35469 0
182610 0
223511 0
223530 0
238443 0
243982 0
6952 0
182606 0
223514 0
63727 0
189734 0
1333 0
49029 0
8277 0
223168 0
223169 0
189746 0
214828 0
189741 0
83098 0
223522 0
214831 0
223531 0
182609 0
223528 0
223172 0
19538 0
92082 0
189748 0
189736 0
223520 0
182605 0
55851 0
rep240060 3
237590 0
240060 0
24916 0
rep48099 3
57740 0
51695 0
48099 0
rep133613 40
38509 0
134334 0
134376 0
144543 0
134344 0
134335 0
133617 0
133613 0
144541 0
133615 0
206636 0
134330 0
144544 0
133614 0
144540 0
133616 0
134331 0
133619 0
133890 0
133635 0
133910 0
133634 0
133625 0
133618 0
133612 0
133620 0
144542 0
133622 0
133621 0
78177 0
133880 0
133630 0
133623 0
133872 0
144539 0
133911 0
133636 0
133900 0
134332 0
134333 0
rep155171 15
155175 0
155178 0
155174 0
155187 0
155186 0
155176 0
20882 0
155185 0
155173 0
155177 0
20884 0
20883 0
155171 0
20886 0
155180 0
rep155617 5
155616 0
155617 0
155619 0
155618 0
155621 0
173174 0
rep112686 15
112731 0
113155 0
112804 0
112796 0
112859 0
112681 0
112686 0
113157 0
112545 0
112795 0
112847 0
113158 0
112789 0
112794 0
113156 0
rep69298 10
69303 0
69297 0
69302 0
69298 0
69304 0
69296 0
69300 0
69295 0
69301 0
69299 0
rep60488 2
60489 0
60488 0
