238550 30 225812 226048 226290 228022 228165 228166 228167 228168 228169 231145 231473 231568 232440 238009 238189 238190 238551 238552 238555 238556 238557 238558 238559 238581 238582 238583 238586 238592 257523 34851
238552 30 225812 226048 226290 228022 228165 228166 228167 228168 228169 231145 231473 231568 232440 238009 238189 238190 238550 238551 238555 238556 238557 238558 238559 238581 238582 238583 238586 238592 257523 34851
238551 30 225812 226048 226290 228022 228165 228166 228167 228168 228169 231145 231473 231568 232440 238009 238189 238190 238550 238552 238555 238556 238557 238558 238559 238581 238582 238583 238586 238592 257523 34851
27569 2 213601 27570
232440 30 225812 226048 226290 228022 228165 228166 228167 228168 228169 231145 231473 231568 238009 238189 238190 238550 238551 238552 238555 238556 238557 238558 238559 238581 238582 238583 238586 238592 257523 34851
238556 30 225812 226048 226290 228022 228165 228166 228167 228168 228169 231145 231473 231568 232440 238009 238189 238190 238550 238551 238552 238555 238557 238558 238559 238581 238582 238583 238586 238592 257523 34851
238592 30 225812 226048 226290 228022 228165 228166 228167 228168 228169 231145 231473 231568 232440 238009 238189 238190 238550 238551 238552 238555 238556 238557 238558 238559 238581 238582 238583 238586 257523 34851
238555 30 225812 226048 226290 228022 228165 228166 228167 228168 228169 231145 231473 231568 232440 238009 238189 238190 238550 238551 238552 238556 238557 238558 238559 238581 238582 238583 238586 238592 257523 34851
238009 30 225812 226048 226290 228022 228165 228166 228167 228168 228169 231145 231473 231568 232440 238189 238190 238550 238551 238552 238555 238556 238557 238558 238559 238581 238582 238583 238586 238592 257523 34851
225812 29 226048 228022 228165 228166 228167 228168 228169 231145 231473 231568 232440 238009 238189 238190 238550 238551 238552 238555 238556 238557 238558 238559 238581 238582 238583 238586 238592 257523 34851
34851 30 225812 226048 226290 228022 228165 228166 228167 228168 228169 231145 231473 231568 232440 238009 238189 238190 238550 238551 238552 238555 238556 238557 238558 238559 238581 238582 238583 238586 238592 257523
238189 30 225812 226048 226290 228022 228165 228166 228167 228168 228169 231145 231473 231568 232440 238009 238190 238550 238551 238552 238555 238556 238557 238558 238559 238581 238582 238583 238586 238592 257523 34851
213645 4 22545 22546 22547 22548
226048 30 225812 226290 228022 228165 228166 228167 228168 228169 231145 231473 231568 232440 238009 238189 238190 238550 238551 238552 238555 238556 238557 238558 238559 238581 238582 238583 238586 238592 257523 34851
226290 29 226048 228022 228165 228166 228167 228168 228169 231145 231473 231568 232440 238009 238189 238190 238550 238551 238552 238555 238556 238557 238558 238559 238581 238582 238583 238586 238592 257523 34851
231473 30 225812 226048 226290 228022 228165 228166 228167 228168 228169 231145 231568 232440 238009 238189 238190 238550 238551 238552 238555 238556 238557 238558 238559 238581 238582 238583 238586 238592 257523 34851
257523 30 225812 226048 226290 228022 228165 228166 228167 228168 228169 231145 231473 231568 232440 238009 238189 238190 238550 238551 238552 238555 238556 238557 238558 238559 238581 238582 238583 238586 238592 34851
22545 4 213645 22546 22547 22548
22546 4 213645 22545 22547 22548
213601 2 27569 27570
22547 4 213645 22545 22546 22548
22548 4 213645 22545 22546 22547
238586 30 225812 226048 226290 228022 228165 228166 228167 228168 228169 231145 231473 231568 232440 238009 238189 238190 238550 238551 238552 238555 238556 238557 238558 238559 238581 238582 238583 238592 257523 34851
238583 30 225812 226048 226290 228022 228165 228166 228167 228168 228169 231145 231473 231568 232440 238009 238189 238190 238550 238551 238552 238555 238556 238557 238558 238559 238581 238582 238586 238592 257523 34851
238582 29 225812 226048 226290 228022 228165 228166 228167 228168 228169 231145 231473 231568 232440 238009 238189 238190 238550 238551 238552 238555 238556 238557 238559 238581 238583 238586 238592 257523 34851
238581 30 225812 226048 226290 228022 228165 228166 228167 228168 228169 231145 231473 231568 232440 238009 238189 238190 238550 238551 238552 238555 238556 238557 238558 238559 238582 238583 238586 238592 257523 34851
228022 30 225812 226048 226290 228165 228166 228167 228168 228169 231145 231473 231568 232440 238009 238189 238190 238550 238551 238552 238555 238556 238557 238558 238559 238581 238582 238583 238586 238592 257523 34851
231145 30 225812 226048 226290 228022 228165 228166 228167 228168 228169 231473 231568 232440 238009 238189 238190 238550 238551 238552 238555 238556 238557 238558 238559 238581 238582 238583 238586 238592 257523 34851
231568 30 225812 226048 226290 228022 228165 228166 228167 228168 228169 231145 231473 232440 238009 238189 238190 238550 238551 238552 238555 238556 238557 238558 238559 238581 238582 238583 238586 238592 257523 34851
22007 1 22008
238190 30 225812 226048 226290 228022 228165 228166 228167 228168 228169 231145 231473 231568 232440 238009 238189 238550 238551 238552 238555 238556 238557 238558 238559 238581 238582 238583 238586 238592 257523 34851
238559 30 225812 226048 226290 228022 228165 228166 228167 228168 228169 231145 231473 231568 232440 238009 238189 238190 238550 238551 238552 238555 238556 238557 238558 238581 238582 238583 238586 238592 257523 34851
228165 30 225812 226048 226290 228022 228166 228167 228168 228169 231145 231473 231568 232440 238009 238189 238190 238550 238551 238552 238555 238556 238557 238558 238559 238581 238582 238583 238586 238592 257523 34851
228166 30 225812 226048 226290 228022 228165 228167 228168 228169 231145 231473 231568 232440 238009 238189 238190 238550 238551 238552 238555 238556 238557 238558 238559 238581 238582 238583 238586 238592 257523 34851
238557 30 225812 226048 226290 228022 228165 228166 228167 228168 228169 231145 231473 231568 232440 238009 238189 238190 238550 238551 238552 238555 238556 238558 238559 238581 238582 238583 238586 238592 257523 34851
228167 30 225812 226048 226290 228022 228165 228166 228168 228169 231145 231473 231568 232440 238009 238189 238190 238550 238551 238552 238555 238556 238557 238558 238559 238581 238582 238583 238586 238592 257523 34851
238558 29 225812 226048 226290 228022 228165 228166 228167 228168 228169 231145 231473 231568 232440 238009 238189 238190 238550 238551 238552 238555 238556 238557 238559 238581 238583 238586 238592 257523 34851
228168 30 225812 226048 226290 228022 228165 228166 228167 228169 231145 231473 231568 232440 238009 238189 238190 238550 238551 238552 238555 238556 238557 238558 238559 238581 238582 238583 238586 238592 257523 34851
22008 1 22007
228169 30 225812 226048 226290 228022 228165 228166 228167 228168 231145 231473 231568 232440 238009 238189 238190 238550 238551 238552 238555 238556 238557 238558 238559 238581 238582 238583 238586 238592 257523 34851
27570 2 213601 27569
