69294 16 69305 69306 69307 69308 69309 69310 69311 69312 69313 69314 69315 69316 69317 69318 69319 69320
180864 16 180853 182205 185590 217218 217729 223083 223084 223085 223086 223087 223088 28393 28394 28395 6368 6369
36952 15 231474 231476 231477 231478 231479 235471 235473 235474 235475 235476 235477 235478 235479 235480 235481
65721 15 231474 231476 231477 231478 231479 235471 235473 235474 235475 235476 235477 235478 235479 235480 235481
224691 2 210506 57468
217218 20 180853 180864 182205 185589 185590 217729 223083 223084 223085 223086 223087 223088 28393 28394 28395 28396 6368 6369 94328 94329
15521 16 1045 109499 109500 109501 115341 15518 15552 15565 15577 15585 15592 15609 54878 78008 93134 97073
1189 16 1470 1471 1473 52501 53496 61121 61128 61129 61132 61133 61135 61136 61137 61138 61139 61140
61140 19 1189 1470 1471 1472 1473 52501 53496 53505 61121 61128 61129 61132 61133 61135 61136 61137 61138 61139 85
180853 20 180864 182205 185589 185590 217218 217729 223083 223084 223085 223086 223087 223088 28393 28394 28395 28396 6368 6369 94328 94329
344 16 106566 108 130020 1392 2057 245 30237 33184 3517 3518 3519 47072 588 59365 9766 99039
182205 20 180853 180864 185589 185590 217218 217729 223083 223084 223085 223086 223087 223088 28393 28394 28395 28396 6368 6369 94328 94329
4603 16 102243 238897 4601 4602 4604 4605 4606 4608 62964 68436 68437 68438 68439 68440 6941 796
4602 16 102243 238897 4601 4603 4604 4605 4606 4608 62964 68436 68437 68438 68439 68440 6941 796
4605 16 102243 238897 4601 4602 4603 4604 4606 4608 62964 68436 68437 68438 68439 68440 6941 796
4604 16 102243 238897 4601 4602 4603 4605 4606 4608 62964 68436 68437 68438 68439 68440 6941 796
115341 16 1045 109499 109500 109501 15518 15521 15552 15565 15577 15585 15592 15609 54878 78008 93134 97073
4601 16 102243 238897 4602 4603 4604 4605 4606 4608 62964 68436 68437 68438 68439 68440 6941 796
6368 20 180853 180864 182205 185589 185590 217218 217729 223083 223084 223085 223086 223087 223088 28393 28394 28395 28396 6369 94328 94329
4606 16 102243 238897 4601 4602 4603 4604 4605 4608 62964 68436 68437 68438 68439 68440 6941 796
177920 17 129211 129212 177243 177905 177906 177907 177908 177909 177911 177912 177913 177914 177915 177916 177917 177918 177919
4608 16 102243 238897 4601 4602 4603 4604 4605 4606 62964 68436 68437 68438 68439 68440 6941 796
235471 5 231478 235473 235474 36952 65721
15609 16 1045 109499 109500 109501 115341 15518 15521 15552 15565 15577 15585 15592 54878 78008 93134 97073
139601 16 1106 1107 139600 290 326 384 51624 51682 51865 51866 51867 51868 51869 51870 566 567
235475 8 235473 235474 235476 235477 235478 235479 36952 65721
155613 10 155602 155603 155604 155605 155606 155607 155608 155609 155610 155612
235476 8 235473 235474 235475 235477 235478 235479 36952 65721
155612 10 155602 155603 155604 155605 155606 155607 155608 155609 155610 155613
241921 2 210506 57468
235473 11 231474 231476 235471 235474 235475 235476 235479 235480 235481 36952 65721
235474 9 235471 235473 235475 235476 235477 235479 2981 36952 65721
155610 10 155602 155603 155604 155605 155606 155607 155608 155609 155612 155613
6369 20 180853 180864 182205 185589 185590 217218 217729 223083 223084 223085 223086 223087 223088 28393 28394 28395 28396 6368 94328 94329
177919 17 129211 129212 177243 177905 177906 177907 177908 177909 177911 177912 177913 177914 177915 177916 177917 177918 177920
177917 17 129211 129212 177243 177905 177906 177907 177908 177909 177911 177912 177913 177914 177915 177916 177918 177919 177920
177918 17 129211 129212 177243 177905 177906 177907 177908 177909 177911 177912 177913 177914 177915 177916 177917 177919 177920
177915 17 129211 129212 177243 177905 177906 177907 177908 177909 177911 177912 177913 177914 177916 177917 177918 177919 177920
177916 17 129211 129212 177243 177905 177906 177907 177908 177909 177911 177912 177913 177914 177915 177917 177918 177919 177920
61128 19 1189 1470 1471 1472 1473 52501 53496 53505 61121 61129 61132 61133 61135 61136 61137 61138 61139 61140 85
177913 17 129211 129212 177243 177905 177906 177907 177908 177909 177911 177912 177914 177915 177916 177917 177918 177919 177920
61129 19 1189 1470 1471 1472 1473 52501 53496 53505 61121 61128 61132 61133 61135 61136 61137 61138 61139 61140 85
177914 17 129211 129212 177243 177905 177906 177907 177908 177909 177911 177912 177913 177915 177916 177917 177918 177919 177920
177911 17 129211 129212 177243 177905 177906 177907 177908 177909 177912 177913 177914 177915 177916 177917 177918 177919 177920
177912 17 129211 129212 177243 177905 177906 177907 177908 177909 177911 177913 177914 177915 177916 177917 177918 177919 177920
130020 16 106566 108 1392 2057 245 30237 33184 344 3517 3518 3519 47072 588 59365 9766 99039
61121 19 1189 1470 1471 1472 1473 52501 53496 53505 61128 61129 61132 61133 61135 61136 61137 61138 61139 61140 85
15552 16 1045 109499 109500 109501 115341 15518 15521 15565 15577 15585 15592 15609 54878 78008 93134 97073
102243 16 238897 4601 4602 4603 4604 4605 4606 4608 62964 68436 68437 68438 68439 68440 6941 796
129212 16 129211 177905 177906 177907 177908 177909 177911 177912 177913 177914 177915 177916 177917 177918 177919 177920
129211 16 129212 177905 177906 177907 177908 177909 177911 177912 177913 177914 177915 177916 177917 177918 177919 177920
155602 14 155588 155590 155592 155594 155603 155604 155605 155606 155607 155608 155609 155610 155612 155613
155604 15 155588 155590 155592 155593 155594 155602 155603 155605 155606 155607 155608 155609 155610 155612 155613
155603 15 155588 155590 155592 155593 155594 155602 155604 155605 155606 155607 155608 155609 155610 155612 155613
54878 16 1045 109499 109500 109501 115341 15518 15521 15552 15565 15577 15585 15592 15609 78008 93134 97073
155606 15 155588 155590 155592 155593 155594 155602 155603 155604 155605 155607 155608 155609 155610 155612 155613
51682 18 1106 1107 139600 139601 255184 290 326 384 51624 51865 51866 51867 51868 51869 51870 51876 566 567
326 18 1106 1107 139600 139601 255184 290 384 51624 51682 51865 51866 51867 51868 51869 51870 51876 566 567
155605 15 155588 155590 155592 155593 155594 155602 155603 155604 155606 155607 155608 155609 155610 155612 155613
155608 10 155602 155603 155604 155605 155606 155607 155609 155610 155612 155613
177909 17 129211 129212 177243 177905 177906 177907 177908 177911 177912 177913 177914 177915 177916 177917 177918 177919 177920
155607 10 155602 155603 155604 155605 155606 155608 155609 155610 155612 155613
177908 17 129211 129212 177243 177905 177906 177907 177909 177911 177912 177913 177914 177915 177916 177917 177918 177919 177920
155609 10 155602 155603 155604 155605 155606 155607 155608 155610 155612 155613
61137 19 1189 1470 1471 1472 1473 52501 53496 53505 61121 61128 61129 61132 61133 61135 61136 61138 61139 61140 85
61138 19 1189 1470 1471 1472 1473 52501 53496 53505 61121 61128 61129 61132 61133 61135 61136 61137 61139 61140 85
177905 17 129211 129212 177243 177906 177907 177908 177909 177911 177912 177913 177914 177915 177916 177917 177918 177919 177920
61135 19 1189 1470 1471 1472 1473 52501 53496 53505 61121 61128 61129 61132 61133 61136 61137 61138 61139 61140 85
177906 17 129211 129212 177243 177905 177907 177908 177909 177911 177912 177913 177914 177915 177916 177917 177918 177919 177920
61136 19 1189 1470 1471 1472 1473 52501 53496 53505 61121 61128 61129 61132 61133 61135 61137 61138 61139 61140 85
177907 17 129211 129212 177243 177905 177906 177908 177909 177911 177912 177913 177914 177915 177916 177917 177918 177919 177920
61139 19 1189 1470 1471 1472 1473 52501 53496 53505 61121 61128 61129 61132 61133 61135 61136 61137 61138 61140 85
1472 18 1470 1471 1473 52501 53496 53505 61121 61128 61129 61132 61133 61135 61136 61137 61138 61139 61140 85
109499 16 1045 109500 109501 115341 15518 15521 15552 15565 15577 15585 15592 15609 54878 78008 93134 97073
1473 20 109501 1189 1470 1471 1472 52501 53496 53505 61121 61128 61129 61132 61133 61135 61136 61137 61138 61139 61140 85
1470 19 1189 1471 1472 1473 52501 53496 53505 61121 61128 61129 61132 61133 61135 61136 61137 61138 61139 61140 85
1471 19 1189 1470 1472 1473 52501 53496 53505 61121 61128 61129 61132 61133 61135 61136 61137 61138 61139 61140 85
61133 19 1189 1470 1471 1472 1473 52501 53496 53505 61121 61128 61129 61132 61135 61136 61137 61138 61139 61140 85
61132 19 1189 1470 1471 1472 1473 52501 53496 53505 61121 61128 61129 61133 61135 61136 61137 61138 61139 61140 85
255184 16 1106 1107 290 326 384 51624 51682 51865 51866 51867 51868 51869 51870 51876 566 567
68440 16 102243 238897 4601 4602 4603 4604 4605 4606 4608 62964 68436 68437 68438 68439 6941 796
33184 16 106566 108 130020 1392 2057 245 30237 344 3517 3518 3519 47072 588 59365 9766 99039
161712 0
235619 2 235481 235621
229302 16 229300 229301 229303 229304 229305 229306 229307 229308 229309 229310 229311 229312 230311 230313 231562 31971
229303 16 229300 229301 229302 229304 229305 229306 229307 229308 229309 229310 229311 229312 230311 230313 231562 31971
229304 16 229300 229301 229302 229303 229305 229306 229307 229308 229309 229310 229311 229312 230311 230313 231562 31971
229305 16 229300 229301 229302 229303 229304 229306 229307 229308 229309 229310 229311 229312 230311 230313 231562 31971
229300 16 229301 229302 229303 229304 229305 229306 229307 229308 229309 229310 229311 229312 230311 230313 231562 31971
229301 16 229300 229302 229303 229304 229305 229306 229307 229308 229309 229310 229311 229312 230311 230313 231562 31971
85 18 1470 1471 1472 1473 52501 53496 53505 61121 61128 61129 61132 61133 61135 61136 61137 61138 61139 61140
229309 16 229300 229301 229302 229303 229304 229305 229306 229307 229308 229310 229311 229312 230311 230313 231562 31971
229308 16 229300 229301 229302 229303 229304 229305 229306 229307 229309 229310 229311 229312 230311 230313 231562 31971
229307 16 229300 229301 229302 229303 229304 229305 229306 229308 229309 229310 229311 229312 230311 230313 231562 31971
229306 16 229300 229301 229302 229303 229304 229305 229307 229308 229309 229310 229311 229312 230311 230313 231562 31971
223087 20 180853 180864 182205 185589 185590 217218 217729 223083 223084 223085 223086 223088 28393 28394 28395 28396 6368 6369 94328 94329
223088 20 180853 180864 182205 185589 185590 217218 217729 223083 223084 223085 223086 223087 28393 28394 28395 28396 6368 6369 94328 94329
235481 7 235473 235478 235479 235480 235619 36952 65721
223085 20 180853 180864 182205 185589 185590 217218 217729 223083 223084 223086 223087 223088 28393 28394 28395 28396 6368 6369 94328 94329
238897 16 102243 4601 4602 4603 4604 4605 4606 4608 62964 68436 68437 68438 68439 68440 6941 796
235480 7 235473 235477 235478 235479 235481 36952 65721
223086 20 180853 180864 182205 185589 185590 217218 217729 223083 223084 223085 223087 223088 28393 28394 28395 28396 6368 6369 94328 94329
223083 20 180853 180864 182205 185589 185590 217218 217729 223084 223085 223086 223087 223088 28393 28394 28395 28396 6368 6369 94328 94329
223084 20 180853 180864 182205 185589 185590 217218 217729 223083 223085 223086 223087 223088 28393 28394 28395 28396 6368 6369 94328 94329
161390 16 247750 247751 247752 247753 247754 247755 247756 247757 247758 247759 247760 247761 247762 247764 247813 53432
235629 0
235477 8 235474 235475 235476 235478 235479 235480 36952 65721
235478 8 235475 235476 235477 235479 235480 235481 36952 65721
235479 10 235473 235474 235475 235476 235477 235478 235480 235481 36952 65721
68439 16 102243 238897 4601 4602 4603 4604 4605 4606 4608 62964 68436 68437 68438 68440 6941 796
68437 16 102243 238897 4601 4602 4603 4604 4605 4606 4608 62964 68436 68438 68439 68440 6941 796
68438 16 102243 238897 4601 4602 4603 4604 4605 4606 4608 62964 68436 68437 68439 68440 6941 796
109501 17 1045 109499 109500 115341 1473 15518 15521 15552 15565 15577 15585 15592 15609 54878 78008 93134 97073
2981 12 139058 139199 139200 139201 139202 139203 139204 139205 151913 235474 2982 82671
235621 2 231479 235619
68436 16 102243 238897 4601 4602 4603 4604 4605 4606 4608 62964 68437 68438 68439 68440 6941 796
2982 11 139058 139199 139200 139201 139202 139203 139204 139205 151913 2981 82671
229311 16 229300 229301 229302 229303 229304 229305 229306 229307 229308 229309 229310 229312 230311 230313 231562 31971
229312 16 229300 229301 229302 229303 229304 229305 229306 229307 229308 229309 229310 229311 230311 230313 231562 31971
588 16 106566 108 130020 1392 2057 245 30237 33184 344 3517 3518 3519 47072 59365 9766 99039
109500 16 1045 109499 109501 115341 15518 15521 15552 15565 15577 15585 15592 15609 54878 78008 93134 97073
229310 16 229300 229301 229302 229303 229304 229305 229306 229307 229308 229309 229311 229312 230311 230313 231562 31971
185590 20 180853 180864 182205 185589 217218 217729 223083 223084 223085 223086 223087 223088 28393 28394 28395 28396 6368 6369 94328 94329
230311 16 229300 229301 229302 229303 229304 229305 229306 229307 229308 229309 229310 229311 229312 230313 231562 31971
230313 16 229300 229301 229302 229303 229304 229305 229306 229307 229308 229309 229310 229311 229312 230311 231562 31971
53505 18 1470 1471 1472 1473 52501 53496 61121 61128 61129 61132 61133 61135 61136 61137 61138 61139 61140 85
69307 16 69294 69305 69306 69308 69309 69310 69311 69312 69313 69314 69315 69316 69317 69318 69319 69320
152749 0
69306 16 69294 69305 69307 69308 69309 69310 69311 69312 69313 69314 69315 69316 69317 69318 69319 69320
69305 16 69294 69306 69307 69308 69309 69310 69311 69312 69313 69314 69315 69316 69317 69318 69319 69320
185589 18 180853 182205 185590 217218 217729 223083 223084 223085 223086 223087 223088 28393 28394 28396 6368 6369 94328 94329
52501 18 1189 1470 1471 1472 1473 53505 61121 61128 61129 61132 61133 61135 61136 61137 61138 61139 61140 85
57468 5 210506 216181 224691 230139 241921
69309 16 69294 69305 69306 69307 69308 69310 69311 69312 69313 69314 69315 69316 69317 69318 69319 69320
69308 16 69294 69305 69306 69307 69309 69310 69311 69312 69313 69314 69315 69316 69317 69318 69319 69320
69310 16 69294 69305 69306 69307 69308 69309 69311 69312 69313 69314 69315 69316 69317 69318 69319 69320
69312 16 69294 69305 69306 69307 69308 69309 69310 69311 69313 69314 69315 69316 69317 69318 69319 69320
247809 16 247759 247800 247801 247802 247803 247804 247805 247806 247807 247808 247810 247811 247812 247813 247814 53433
69311 16 69294 69305 69306 69307 69308 69309 69310 69312 69313 69314 69315 69316 69317 69318 69319 69320
69314 16 69294 69305 69306 69307 69308 69309 69310 69311 69312 69313 69315 69316 69317 69318 69319 69320
69313 16 69294 69305 69306 69307 69308 69309 69310 69311 69312 69314 69315 69316 69317 69318 69319 69320
247806 16 247756 247800 247801 247802 247803 247804 247805 247807 247808 247809 247810 247811 247812 247813 247814 53433
30237 16 106566 108 130020 1392 2057 245 33184 344 3517 3518 3519 47072 588 59365 9766 99039
69316 16 69294 69305 69306 69307 69308 69309 69310 69311 69312 69313 69314 69315 69317 69318 69319 69320
247805 16 247755 247800 247801 247802 247803 247804 247806 247807 247808 247809 247810 247811 247812 247813 247814 53433
69315 16 69294 69305 69306 69307 69308 69309 69310 69311 69312 69313 69314 69316 69317 69318 69319 69320
210506 5 216181 224691 230139 241921 57468
247808 16 247758 247800 247801 247802 247803 247804 247805 247806 247807 247809 247810 247811 247812 247813 247814 53433
4523 0
69318 16 69294 69305 69306 69307 69308 69309 69310 69311 69312 69313 69314 69315 69316 69317 69319 69320
247807 16 247757 247800 247801 247802 247803 247804 247805 247806 247808 247809 247810 247811 247812 247813 247814 53433
69317 16 69294 69305 69306 69307 69308 69309 69310 69311 69312 69313 69314 69315 69316 69318 69319 69320
247802 16 247752 247800 247801 247803 247804 247805 247806 247807 247808 247809 247810 247811 247812 247813 247814 53433
93134 16 1045 109499 109500 109501 115341 15518 15521 15552 15565 15577 15585 15592 15609 54878 78008 97073
247801 16 247751 247800 247802 247803 247804 247805 247806 247807 247808 247809 247810 247811 247812 247813 247814 53433
566 18 1106 1107 139600 139601 255184 290 326 384 51624 51682 51865 51866 51867 51868 51869 51870 51876 567
69319 16 69294 69305 69306 69307 69308 69309 69310 69311 69312 69313 69314 69315 69316 69317 69318 69320
247804 16 247754 247800 247801 247802 247803 247805 247806 247807 247808 247809 247810 247811 247812 247813 247814 53433
567 18 1106 1107 139600 139601 255184 290 326 384 51624 51682 51865 51866 51867 51868 51869 51870 51876 566
247803 16 247753 247800 247801 247802 247804 247805 247806 247807 247808 247809 247810 247811 247812 247813 247814 53433
15518 16 1045 109499 109500 109501 115341 15521 15552 15565 15577 15585 15592 15609 54878 78008 93134 97073
247800 16 247750 247801 247802 247803 247804 247805 247806 247807 247808 247809 247810 247811 247812 247813 247814 53433
28396 19 180853 182205 185589 185590 217218 217729 223083 223084 223085 223086 223087 223088 28393 28394 28395 6368 6369 94328 94329
242325 0
28394 20 180853 180864 182205 185589 185590 217218 217729 223083 223084 223085 223086 223087 223088 28393 28395 28396 6368 6369 94328 94329
28395 17 180853 180864 182205 185590 217218 217729 223083 223084 223085 223086 223087 223088 28393 28394 28396 6368 6369
1106 18 1107 139600 139601 255184 290 326 384 51624 51682 51865 51866 51867 51868 51869 51870 51876 566 567
1107 18 1106 139600 139601 255184 290 326 384 51624 51682 51865 51866 51867 51868 51869 51870 51876 566 567
28393 20 180853 180864 182205 185589 185590 217218 217729 223083 223084 223085 223086 223087 223088 28394 28395 28396 6368 6369 94328 94329
1392 16 106566 108 130020 2057 245 30237 33184 344 3517 3518 3519 47072 588 59365 9766 99039
139190 16 139189 139191 139192 139193 139194 139195 139196 139197 139198 139199 139200 139201 139202 139203 139204 139205
139058 12 139057 139199 139200 139201 139202 139203 139204 139205 151913 2981 2982 82671
139192 16 139189 139190 139191 139193 139194 139195 139196 139197 139198 139199 139200 139201 139202 139203 139204 139205
139191 16 139189 139190 139192 139193 139194 139195 139196 139197 139198 139199 139200 139201 139202 139203 139204 139205
139194 16 139189 139190 139191 139192 139193 139195 139196 139197 139198 139199 139200 139201 139202 139203 139204 139205
139193 16 139189 139190 139191 139192 139194 139195 139196 139197 139198 139199 139200 139201 139202 139203 139204 139205
97073 16 1045 109499 109500 109501 115341 15518 15521 15552 15565 15577 15585 15592 15609 54878 78008 93134
139057 2 139058 151913
139196 16 139189 139190 139191 139192 139193 139194 139195 139197 139198 139199 139200 139201 139202 139203 139204 139205
139195 16 139189 139190 139191 139192 139193 139194 139196 139197 139198 139199 139200 139201 139202 139203 139204 139205
139198 16 139189 139190 139191 139192 139193 139194 139195 139196 139197 139199 139200 139201 139202 139203 139204 139205
139197 16 139189 139190 139191 139192 139193 139194 139195 139196 139198 139199 139200 139201 139202 139203 139204 139205
139199 21 139058 139189 139190 139191 139192 139193 139194 139195 139196 139197 139198 139200 139201 139202 139203 139204 139205 151913 2981 2982 82671
1622 0
78008 16 1045 109499 109500 109501 115341 15518 15521 15552 15565 15577 15585 15592 15609 54878 93134 97073
247812 16 247762 247800 247801 247802 247803 247804 247805 247806 247807 247808 247809 247810 247811 247813 247814 53433
247813 16 161390 247800 247801 247802 247803 247804 247805 247806 247807 247808 247809 247810 247811 247812 247814 53433
247814 16 247764 247800 247801 247802 247803 247804 247805 247806 247807 247808 247809 247810 247811 247812 247813 53433
247810 16 247760 247800 247801 247802 247803 247804 247805 247806 247807 247808 247809 247811 247812 247813 247814 53433
247811 16 247761 247800 247801 247802 247803 247804 247805 247806 247807 247808 247809 247810 247812 247813 247814 53433
51624 18 1106 1107 139600 139601 255184 290 326 384 51682 51865 51866 51867 51868 51869 51870 51876 566 567
216181 2 210506 57468
195985 0
53496 18 1189 1470 1471 1472 1473 53505 61121 61128 61129 61132 61133 61135 61136 61137 61138 61139 61140 85
6941 16 102243 238897 4601 4602 4603 4604 4605 4606 4608 62964 68436 68437 68438 68439 68440 796
108 16 106566 130020 1392 2057 245 30237 33184 344 3517 3518 3519 47072 588 59365 9766 99039
3519 16 106566 108 130020 1392 2057 245 30237 33184 344 3517 3518 47072 588 59365 9766 99039
3518 16 106566 108 130020 1392 2057 245 30237 33184 344 3517 3519 47072 588 59365 9766 99039
3517 16 106566 108 130020 1392 2057 245 30237 33184 344 3518 3519 47072 588 59365 9766 99039
47072 16 106566 108 130020 1392 2057 245 30237 33184 344 3517 3518 3519 588 59365 9766 99039
155593 8 155588 155590 155592 155594 155603 155604 155605 155606
155594 9 155588 155590 155592 155593 155602 155603 155604 155605 155606
155592 9 155588 155590 155593 155594 155602 155603 155604 155605 155606
155590 9 155588 155592 155593 155594 155602 155603 155604 155605 155606
94328 18 180853 182205 185589 185590 217218 217729 223083 223084 223085 223086 223087 223088 28393 28394 28396 6368 6369 94329
151913 12 139057 139058 139199 139200 139201 139202 139203 139204 139205 2981 2982 82671
796 16 102243 238897 4601 4602 4603 4604 4605 4606 4608 62964 68436 68437 68438 68439 68440 6941
94329 18 180853 182205 185589 185590 217218 217729 223083 223084 223085 223086 223087 223088 28393 28394 28396 6368 6369 94328
290 18 1106 1107 139600 139601 255184 326 384 51624 51682 51865 51866 51867 51868 51869 51870 51876 566 567
9766 16 106566 108 130020 1392 2057 245 30237 33184 344 3517 3518 3519 47072 588 59365 99039
155588 9 155590 155592 155593 155594 155602 155603 155604 155605 155606
139189 16 139190 139191 139192 139193 139194 139195 139196 139197 139198 139199 139200 139201 139202 139203 139204 139205
69320 16 69294 69305 69306 69307 69308 69309 69310 69311 69312 69313 69314 69315 69316 69317 69318 69319
51876 16 1106 1107 255184 290 326 384 51624 51682 51865 51866 51867 51868 51869 51870 566 567
82671 11 139058 139199 139200 139201 139202 139203 139204 139205 151913 2981 2982
15565 16 1045 109499 109500 109501 115341 15518 15521 15552 15577 15585 15592 15609 54878 78008 93134 97073
247764 16 161390 247750 247751 247752 247753 247754 247755 247756 247757 247758 247759 247760 247761 247762 247814 53432
53433 16 247800 247801 247802 247803 247804 247805 247806 247807 247808 247809 247810 247811 247812 247813 247814 53432
53432 16 161390 247750 247751 247752 247753 247754 247755 247756 247757 247758 247759 247760 247761 247762 247764 53433
99039 16 106566 108 130020 1392 2057 245 30237 33184 344 3517 3518 3519 47072 588 59365 9766
384 18 1106 1107 139600 139601 255184 290 326 51624 51682 51865 51866 51867 51868 51869 51870 51876 566 567
1045 16 109499 109500 109501 115341 15518 15521 15552 15565 15577 15585 15592 15609 54878 78008 93134 97073
51870 17 1106 1107 139600 139601 255184 290 326 384 51624 51682 51865 51867 51868 51869 51876 566 567
231481 2 231478 231479
231476 7 231474 231477 231478 231479 235473 36952 65721
139203 21 139058 139189 139190 139191 139192 139193 139194 139195 139196 139197 139198 139199 139200 139201 139202 139204 139205 151913 2981 2982 82671
139204 20 139058 139189 139190 139191 139192 139193 139194 139195 139196 139197 139198 139199 139201 139202 139203 139205 151913 2981 2982 82671
231474 5 231476 231477 235473 36952 65721
139201 21 139058 139189 139190 139191 139192 139193 139194 139195 139196 139197 139198 139199 139200 139202 139203 139204 139205 151913 2981 2982 82671
139202 21 139058 139189 139190 139191 139192 139193 139194 139195 139196 139197 139198 139199 139200 139201 139203 139204 139205 151913 2981 2982 82671
231479 7 231476 231477 231478 231481 235621 36952 65721
139200 20 139058 139189 139190 139191 139192 139193 139194 139195 139196 139197 139198 139199 139201 139202 139203 139205 151913 2981 2982 82671
231478 7 231476 231477 231479 231481 235471 36952 65721
231477 6 231474 231476 231478 231479 36952 65721
245 16 106566 108 130020 1392 2057 30237 33184 344 3517 3518 3519 47072 588 59365 9766 99039
247754 16 161390 247750 247751 247752 247753 247755 247756 247757 247758 247759 247760 247761 247762 247764 247804 53432
247753 16 161390 247750 247751 247752 247754 247755 247756 247757 247758 247759 247760 247761 247762 247764 247803 53432
247756 16 161390 247750 247751 247752 247753 247754 247755 247757 247758 247759 247760 247761 247762 247764 247806 53432
51865 18 1106 1107 139600 139601 255184 290 326 384 51624 51682 51866 51867 51868 51869 51870 51876 566 567
15577 16 1045 109499 109500 109501 115341 15518 15521 15552 15565 15585 15592 15609 54878 78008 93134 97073
139600 16 1106 1107 139601 290 326 384 51624 51682 51865 51866 51867 51868 51869 51870 566 567
247755 16 161390 247750 247751 247752 247753 247754 247756 247757 247758 247759 247760 247761 247762 247764 247805 53432
247758 16 161390 247750 247751 247752 247753 247754 247755 247756 247757 247759 247760 247761 247762 247764 247808 53432
51867 18 1106 1107 139600 139601 255184 290 326 384 51624 51682 51865 51866 51868 51869 51870 51876 566 567
247757 16 161390 247750 247751 247752 247753 247754 247755 247756 247758 247759 247760 247761 247762 247764 247807 53432
51866 17 1106 1107 139600 139601 255184 290 326 384 51624 51682 51865 51867 51868 51869 51876 566 567
51869 18 1106 1107 139600 139601 255184 290 326 384 51624 51682 51865 51866 51867 51868 51870 51876 566 567
247759 16 161390 247750 247751 247752 247753 247754 247755 247756 247757 247758 247760 247761 247762 247764 247809 53432
51868 18 1106 1107 139600 139601 255184 290 326 384 51624 51682 51865 51866 51867 51869 51870 51876 566 567
177243 15 177905 177906 177907 177908 177909 177911 177912 177913 177914 177915 177916 177917 177918 177919 177920
139205 21 139058 139189 139190 139191 139192 139193 139194 139195 139196 139197 139198 139199 139200 139201 139202 139203 139204 151913 2981 2982 82671
106566 16 108 130020 1392 2057 245 30237 33184 344 3517 3518 3519 47072 588 59365 9766 99039
230139 2 210506 57468
217729 20 180853 180864 182205 185589 185590 217218 223083 223084 223085 223086 223087 223088 28393 28394 28395 28396 6368 6369 94328 94329
247760 16 161390 247750 247751 247752 247753 247754 247755 247756 247757 247758 247759 247761 247762 247764 247810 53432
247761 16 161390 247750 247751 247752 247753 247754 247755 247756 247757 247758 247759 247760 247762 247764 247811 53432
247762 16 161390 247750 247751 247752 247753 247754 247755 247756 247757 247758 247759 247760 247761 247764 247812 53432
2057 16 106566 108 130020 1392 245 30237 33184 344 3517 3518 3519 47072 588 59365 9766 99039
31971 16 229300 229301 229302 229303 229304 229305 229306 229307 229308 229309 229310 229311 229312 230311 230313 231562
59365 16 106566 108 130020 1392 2057 245 30237 33184 344 3517 3518 3519 47072 588 9766 99039
247751 16 161390 247750 247752 247753 247754 247755 247756 247757 247758 247759 247760 247761 247762 247764 247801 53432
217303 3 217304 217305 217306
247752 16 161390 247750 247751 247753 247754 247755 247756 247757 247758 247759 247760 247761 247762 247764 247802 53432
217304 4 217303 217305 217306 217307
15585 16 1045 109499 109500 109501 115341 15518 15521 15552 15565 15577 15592 15609 54878 78008 93134 97073
247750 16 161390 247751 247752 247753 247754 247755 247756 247757 247758 247759 247760 247761 247762 247764 247800 53432
217306 5 217303 217304 217305 217307 217308
217305 5 217303 217304 217306 217307 217308
217308 3 217305 217306 217307
217307 4 217304 217305 217306 217308
62964 16 102243 238897 4601 4602 4603 4604 4605 4606 4608 68436 68437 68438 68439 68440 6941 796
231562 16 229300 229301 229302 229303 229304 229305 229306 229307 229308 229309 229310 229311 229312 230311 230313 31971
15592 16 1045 109499 109500 109501 115341 15518 15521 15552 15565 15577 15585 15609 54878 78008 93134 97073
