peel_16 20
4523 0
rep1392 17
588 0
99039 0
3518 0
59365 0
9766 0
33184 0
245 0
108 0
344 0
30237 0
3519 0
3517 0
106566 0
1392 0
2057 0
47072 0
130020 0
rep217303 6
217303 0
217306 0
217307 0
217308 0
217304 0
217305 0
rep326 19
255184 0
139600 0
384 0
139601 0
566 0
51624 0
1107 0
290 0
51870 0
51869 0
51867 0
51868 0
326 0
51876 0
51866 0
51682 0
1106 0
51865 0
567 0
rep155604 16
155590 0
155604 0
155592 0
155610 0
155602 0
155605 0
155613 0
155594 0
155593 0
155588 0
155609 0
155603 0
155606 0
155608 0
155612 0
155607 0
rep4603 17
4604 0
68439 0
62964 0
68437 0
4601 0
4605 0
68440 0
4606 0
4602 0
238897 0
102243 0
4603 0
796 0
68438 0
68436 0
6941 0
4608 0
1622 0
rep69305 17
69306 0
69308 0
69311 0
69307 0
69315 0
69305 0
69314 0
69319 0
69317 0
69312 0
69320 0
69316 0
69313 0
69310 0
69294 0
69309 0
69318 0
235629 0
rep180853 21
223083 0
185590 0
28396 0
217218 0
28393 0
182205 0
223084 0
180853 0
6368 0
185589 0
94328 0
28394 0
180864 0
28395 0
223088 0
223087 0
94329 0
217729 0
223086 0
223085 0
6369 0
rep229300 17
229301 0
229303 0
229307 0
229305 0
230311 0
31971 0
229306 0
229304 0
229309 0
231562 0
229311 0
229300 0
229302 0
230313 0
229310 0
229312 0
229308 0
152749 0
rep161390 32
247811 0
161390 0
247759 0
247752 0
247761 0
247750 0
53432 0
247758 0
247807 0
247753 0
247806 0
247814 0
247805 0
247804 0
247813 0
247802 0
247800 0
247751 0
247810 0
247764 0
247754 0
247812 0
247760 0
247756 0
247755 0
53433 0
247803 0
247801 0
247808 0
247809 0
247757 0
247762 0
161712 0
242325 0
rep53496 37
61133 0
54878 0
52501 0
15585 0
109500 0
61132 0
15592 0
61138 0
61129 0
1473 0
15609 0
85 0
61137 0
1470 0
61121 0
15577 0
109501 0
53505 0
109499 0
97073 0
115341 0
15565 0
61136 0
1189 0
1045 0
93134 0
1472 0
78008 0
53496 0
61135 0
61140 0
61139 0
1471 0
15521 0
15552 0
15518 0
61128 0
rep210506 6
57468 0
210506 0
224691 0
241921 0
230139 0
216181 0
rep139199 43
65721 0
231478 0
235473 0
235619 0
2982 0
235621 0
139196 0
139201 0
235477 0
139205 0
139058 0
235481 0
82671 0
139057 0
235480 0
139202 0
2981 0
139190 0
36952 0
235471 0
139191 0
235479 0
139192 0
139193 0
231474 0
231481 0
139199 0
139203 0
139197 0
235478 0
235474 0
235475 0
139195 0
231479 0
231477 0
151913 0
139204 0
139189 0
139198 0
139200 0
231476 0
235476 0
139194 0
195985 0
rep177905 18
177906 0
177912 0
177905 0
129211 0
177916 0
177908 0
177920 0
177918 0
177243 0
177909 0
177913 0
129212 0
177914 0
177907 0
177915 0
177919 0
177917 0
177911 0
