peel_8 224
rep138255 9
138258 0
138257 0
138260 0
138261 0
138259 0
138255 0
138263 0
138256 0
138262 0
92499 0
166469 0
rep102735 4
102735 0
102639 0
5001 0
94262 0
242091 0
220086 0
57102 0
138957 0
rep244068 9
244069 0
244078 0
240894 0
241503 0
244077 0
241207 0
241502 0
240903 0
244068 0
64761 0
182718 0
33478 0
114538 0
rep235942 29
214822 0
68185 0
78628 0
68186 0
68189 0
90371 0
214821 0
214823 0
68183 0
235941 0
214820 0
78673 0
68184 0
67734 0
215017 0
68191 0
235942 0
235939 0
235937 0
235938 0
235943 0
215018 0
68187 0
165964 0
214819 0
118094 0
165962 0
235940 0
165961 0
rep204519 2
204519 0
204521 0
rep165052 8
151950 0
165033 0
165013 0
164994 0
165072 0
165111 0
165091 0
165052 0
rep155841 10
155848 0
155845 0
155844 0
155846 0
155843 0
155849 0
155847 0
57664 0
155841 0
155842 0
rep256824 36
178896 0
164004 0
164006 0
246163 0
257219 0
48724 0
178734 0
178729 0
178890 0
178897 0
178732 0
246158 0
256824 0
178893 0
178895 0
178894 0
164005 0
257222 0
257226 0
178735 0
257221 0
163617 0
178891 0
164000 0
246164 0
164007 0
178892 0
178733 0
257223 0
48720 0
178736 0
257225 0
257220 0
257224 0
178731 0
48725 0
72871 0
rep133031 2
133031 0
138882 0
10766 0
103195 0
9112 0
153881 0
rep248122 16
252696 0
252703 0
248122 0
252701 0
249643 0
252699 0
249639 0
252702 0
249640 0
249642 0
252700 0
252698 0
249629 0
249638 0
252697 0
249641 0
127052 0
8722 0
156914 0
rep90833 8
90832 0
90833 0
90834 0
90835 0
90836 0
90837 0
90839 0
90838 0
130250 0
rep53270 9
53274 0
53273 0
53272 0
153252 0
53269 0
53271 0
53268 0
53270 0
153251 0
220091 0
rep182392 5
182391 0
182392 0
194217 0
194184 0
182366 0
59530 0
127553 0
65814 0
rep100040 2
100041 0
100040 0
rep132021 5
132025 0
132022 0
132023 0
132021 0
132024 0
rep112460 7
112463 0
112464 0
914 0
112461 0
112462 0
112459 0
112460 0
rep82335 4
82350 0
82349 0
82336 0
82335 0
54552 0
135952 0
rep72142 9
73142 0
72718 0
72719 0
72142 0
72143 0
72137 0
73144 0
73143 0
72141 0
rep237183 2
237183 0
237184 0
62576 0
208476 0
130909 0
49450 0
142957 0
rep239658 2
239658 0
239659 0
rep114228 12
114262 0
114233 0
114230 0
114266 0
114235 0
114265 0
114231 0
114228 0
114227 0
73703 0
114236 0
114263 0
229945 0
rep3956 31
247821 0
247790 0
138050 0
89989 0
92299 0
92300 0
87885 0
92301 0
247954 0
87886 0
109076 0
247955 0
247957 0
90649 0
138051 0
90768 0
90770 0
3956 0
138048 0
247822 0
1309 0
247820 0
113480 0
138067 0
248547 0
247791 0
248546 0
90769 0
138049 0
247823 0
138066 0
125552 0
207063 0
253016 0
54582 0
31142 0
134914 0
rep205485 16
205486 0
205487 0
205484 0
205482 0
205476 0
205477 0
205489 0
205483 0
205479 0
205478 0
205488 0
205491 0
205481 0
205480 0
205485 0
205490 0
128453 0
rep245806 2
245806 0
245807 0
rep153666 6
153665 0
153666 0
2379 0
153667 0
153668 0
153673 0
rep179186 8
179186 0
1494 0
7015 0
179189 0
179187 0
179202 0
1274 0
179188 0
182740 0
rep214258 8
214246 0
214269 0
214249 0
214268 0
214257 0
214258 0
214248 0
214247 0
249813 0
rep84649 25
4434 0
6339 0
97101 0
4432 0
84648 0
84645 0
224983 0
9003 0
84646 0
97219 0
97103 0
97245 0
97282 0
9000 0
3995 0
224982 0
4431 0
83025 0
97238 0
97626 0
224981 0
84649 0
84647 0
4433 0
97102 0
rep228299 8
229276 0
229322 0
229274 0
229324 0
228299 0
229321 0
229323 0
228302 0
rep256135 2
256136 0
256135 0
rep257892 9
258469 0
257892 0
258449 0
257951 0
257762 0
62234 0
258383 0
258437 0
258432 0
rep14956 13
14946 0
177805 0
67945 0
128356 0
14957 0
128357 0
128360 0
177807 0
14956 0
128358 0
14945 0
14949 0
14951 0
rep38699 3
40081 0
38699 0
225721 0
135386 0
rep111796 2
111797 0
111796 0
rep142925 6
94407 0
76339 0
142925 0
208178 0
208177 0
133870 0
rep212593 2
212593 0
212594 0
rep75846 9
75784 0
76533 0
76531 0
76532 0
75565 0
76527 0
76525 0
75846 0
8472 0
99663 0
237769 0
rep136709 9
136711 0
136710 0
136708 0
136707 0
136709 0
136714 0
136712 0
136713 0
136706 0
rep225377 9
225387 0
225385 0
37257 0
225376 0
225386 0
225377 0
225378 0
5228 0
30124 0
8930 0
123036 0
101859 0
220482 0
119716 0
122942 0
rep228329 9
515 0
228333 0
894 0
228331 0
39598 0
24492 0
228330 0
228329 0
228332 0
224197 0
rep180516 15
106649 0
180516 0
115307 0
140576 0
115306 0
181288 0
181287 0
115309 0
51885 0
165804 0
115305 0
115303 0
115304 0
115308 0
181303 0
rep213651 2
213651 0
213652 0
182995 0
14565 0
91230 0
rep155589 2
155589 0
99393 0
rep228559 9
228561 0
228615 0
69191 0
228559 0
228574 0
228616 0
228591 0
228557 0
228552 0
rep27896 2
27897 0
27896 0
rep211129 14
211123 0
211132 0
211122 0
211130 0
211128 0
211124 0
211125 0
211129 0
211131 0
211127 0
211126 0
211121 0
211120 0
211119 0
39705 0
rep256290 9
255596 0
32834 0
256341 0
256291 0
256290 0
32810 0
256292 0
256339 0
256340 0
4128 0
116082 0
rep217915 9
222530 0
222529 0
222526 0
217915 0
222528 0
217913 0
7820 0
222527 0
217914 0
rep202941 13
53657 0
203484 0
178473 0
202369 0
202941 0
91745 0
202917 0
175669 0
91747 0
91744 0
202368 0
91746 0
202367 0
57206 0
179943 0
rep127758 9
127765 0
127758 0
127763 0
127764 0
127762 0
127761 0
127759 0
127766 0
127760 0
rep138372 3
138373 0
138372 0
138374 0
rep113433 3
111153 0
113434 0
113433 0
rep78585 8
78885 0
78585 0
7404 0
78886 0
78890 0
78888 0
78889 0
78887 0
rep133809 9
133810 0
133813 0
25487 0
133808 0
46523 0
87980 0
145108 0
133809 0
133811 0
186669 0
rep182002 37
258097 0
112510 0
246088 0
246089 0
171826 0
116461 0
112511 0
171827 0
116462 0
178715 0
156023 0
116460 0
171829 0
116459 0
156025 0
86878 0
258071 0
112509 0
156024 0
116463 0
193286 0
258069 0
156022 0
171828 0
117151 0
122953 0
182002 0
193457 0
193456 0
115016 0
258070 0
258068 0
3313 0
792 0
193455 0
246090 0
78822 0
133401 0
36561 0
rep213743 6
213743 0
111808 0
213745 0
213808 0
213742 0
213744 0
185018 0
rep104115 2
104118 0
104115 0
rep80361 4
80362 0
56169 0
80361 0
80360 0
rep184535 3
184535 0
7590 0
30511 0
175512 0
61290 0
104065 0
178212 0
rep215409 18
239209 0
59934 0
239207 0
59933 0
215409 0
238509 0
56004 0
56041 0
238457 0
238393 0
238516 0
238577 0
59935 0
59936 0
56193 0
57650 0
239232 0
239214 0
rep112970 2
112970 0
120562 0
125038 0
157975 0
81629 0
178194 0
134055 0
231346 0
rep256717 10
252799 0
87013 0
252850 0
87014 0
87015 0
87016 0
256717 0
252798 0
252851 0
87017 0
70155 0
107084 0
203140 0
rep94461 12
93777 0
51334 0
51614 0
94461 0
93778 0
94152 0
94462 0
94153 0
51616 0
94460 0
93782 0
94463 0
47920 0
rep180592 7
180599 0
180595 0
180594 0
180596 0
180597 0
180598 0
180592 0
rep96579 2
96580 0
96579 0
rep72124 9
72204 0
72177 0
72220 0
72200 0
72178 0
72163 0
72124 0
72208 0
72199 0
rep164735 3
164736 0
164734 0
164735 0
rep99878 10
99876 0
99878 0
105815 0
72449 0
99874 0
99877 0
99879 0
105816 0
105817 0
105818 0
244351 0
rep145299 11
145298 0
145297 0
145872 0
2313 0
59321 0
140633 0
2645 0
145873 0
145296 0
145871 0
145299 0
rep39713 5
39710 0
39713 0
39714 0
39712 0
39711 0
194700 0
rep255695 9
255703 0
255702 0
255699 0
255696 0
255697 0
255701 0
255695 0
255698 0
255700 0
rep6056 8
6056 0
1035 0
6058 0
6059 0
6057 0
798 0
1929 0
1927 0
rep254763 8
254765 0
254764 0
254929 0
254761 0
254762 0
254766 0
254760 0
254763 0
rep186415 8
186414 0
186416 0
888 0
186415 0
186419 0
186420 0
2897 0
186418 0
rep229656 8
229657 0
229654 0
229659 0
229660 0
229653 0
229658 0
229655 0
229656 0
171861 0
rep217257 3
216054 0
217315 0
217257 0
rep182806 3
182807 0
182806 0
182808 0
rep91168 8
91171 0
91170 0
91166 0
91169 0
91167 0
91168 0
91165 0
91172 0
116382 0
rep216503 9
216504 0
217956 0
216505 0
217834 0
216674 0
216673 0
217840 0
216503 0
216672 0
rep35615 18
78286 0
78290 0
78293 0
35617 0
65239 0
65241 0
65242 0
78292 0
35615 0
65237 0
78291 0
78287 0
65238 0
65240 0
65243 0
78288 0
78289 0
78285 0
158523 0
187535 0
rep6877 7
6878 0
6877 0
33492 0
6884 0
176673 0
6885 0
1168 0
3354 0
rep235356 2
235357 0
235356 0
154800 0
139282 0
110893 0
118469 0
rep106563 13
106547 0
106548 0
106574 0
106573 0
106544 0
106571 0
106545 0
106575 0
106564 0
106562 0
106577 0
106546 0
106563 0
173209 0
182562 0
104862 0
78998 0
3278 0
rep179917 38
145040 0
145230 0
145045 0
249298 0
139484 0
145022 0
179915 0
179919 0
145048 0
145049 0
179918 0
145023 0
179914 0
145281 0
179916 0
145050 0
179924 0
179922 0
145047 0
145041 0
33274 0
179912 0
92621 0
179910 0
179911 0
145042 0
145016 0
124477 0
145039 0
145215 0
145038 0
79066 0
179913 0
34844 0
145044 0
145236 0
179909 0
179917 0
157103 0
rep108873 7
110605 0
110606 0
110603 0
110604 0
108873 0
110602 0
110607 0
rep80486 18
80453 0
80448 0
80449 0
80494 0
80446 0
80490 0
80451 0
80493 0
80488 0
80445 0
80486 0
80487 0
80489 0
80447 0
80492 0
80491 0
80450 0
80452 0
rep179405 10
215694 0
5727 0
179230 0
215524 0
215643 0
215522 0
215691 0
215695 0
179405 0
211205 0
rep113311 8
171440 0
115291 0
113311 0
171418 0
171441 0
171442 0
171445 0
171443 0
102857 0
247489 0
rep69127 6
69178 0
69131 0
69132 0
69128 0
69127 0
69130 0
64553 0
rep185243 8
185257 0
185233 0
185129 0
185243 0
185223 0
185128 0
185258 0
185253 0
1672 0
rep212702 10
215702 0
212698 0
212702 0
212699 0
212697 0
212703 0
212700 0
212704 0
212701 0
215701 0
246956 0
rep5815 9
58833 0
58834 0
58835 0
58831 0
58837 0
5815 0
58832 0
58830 0
58836 0
rep236326 10
236327 0
236754 0
234902 0
236535 0
234904 0
236326 0
236755 0
235089 0
234903 0
235088 0
rep45763 8
83243 0
83251 0
83250 0
83252 0
45763 0
83253 0
73757 0
83249 0
29837 0
59891 0
175435 0
125940 0
rep243569 2
243569 0
243570 0
123250 0
rep215632 3
62611 0
215632 0
62609 0
161416 0
rep140113 2245
159792 0
112839 0
74379 0
140144 0
73190 0
124069 0
137898 0
78370 0
5237 0
242862 0
124781 0
56556 0
124570 0
211024 0
257801 0
249745 0
77718 0
32924 0
4760 0
74279 0
216165 0
146352 0
169967 0
255614 0
55017 0
124779 0
154417 0
201242 0
84958 0
5823 0
154421 0
137901 0
239416 0
87788 0
216787 0
74363 0
185680 0
87075 0
245609 0
78953 0
51270 0
213724 0
139001 0
2571 0
152939 0
68674 0
61472 0
93829 0
103706 0
141423 0
34 0
49053 0
8833 0
144800 0
5315 0
127881 0
244981 0
244984 0
178633 0
63386 0
144431 0
231557 0
233907 0
55014 0
78952 0
133521 0
34262 0
119286 0
172225 0
166063 0
146084 0
219333 0
8593 0
174916 0
216168 0
253064 0
55630 0
175804 0
87410 0
176585 0
37992 0
6130 0
8836 0
96928 0
99263 0
46386 0
75117 0
125801 0
134862 0
5811 0
133522 0
249344 0
89859 0
128658 0
127874 0
33887 0
47996 0
209659 0
256865 0
27642 0
146361 0
255071 0
77116 0
134502 0
253915 0
172226 0
246314 0
255653 0
6064 0
134153 0
89858 0
114411 0
146348 0
8591 0
83388 0
112836 0
69522 0
255612 0
25581 0
68025 0
101950 0
231088 0
54977 0
257619 0
231986 0
133429 0
256363 0
226970 0
63388 0
57705 0
153974 0
138816 0
73276 0
103438 0
195596 0
146353 0
257508 0
233738 0
127876 0
127981 0
60950 0
140147 0
97036 0
103693 0
111834 0
201511 0
77720 0
22264 0
235200 0
236840 0
124068 0
210952 0
230092 0
216788 0
182447 0
138832 0
160803 0
117347 0
127882 0
128661 0
13658 0
1065 0
257617 0
2997 0
169795 0
80512 0
7661 0
135332 0
107760 0
147562 0
32031 0
103694 0
228961 0
68677 0
88152 0
141497 0
186719 0
242419 0
159798 0
128660 0
50505 0
169708 0
77719 0
140151 0
75038 0
93101 0
33992 0
68232 0
167928 0
123900 0
146360 0
194435 0
212124 0
210765 0
2277 0
50447 0
74089 0
74982 0
108582 0
229974 0
124468 0
229034 0
57960 0
74352 0
66897 0
103705 0
111827 0
236482 0
132215 0
56061 0
152930 0
231094 0
225595 0
145978 0
229028 0
230303 0
249824 0
234463 0
134495 0
51690 0
228965 0
48691 0
103702 0
140667 0
51691 0
247905 0
117951 0
257731 0
5968 0
228962 0
146358 0
62050 0
33687 0
221529 0
46002 0
212456 0
195391 0
253071 0
160809 0
46085 0
220555 0
176580 0
203856 0
245610 0
72097 0
102654 0
72380 0
194809 0
28260 0
246730 0
1016 0
250050 0
194551 0
231089 0
134497 0
203853 0
147298 0
210764 0
239475 0
72090 0
74082 0
52464 0
55110 0
30059 0
61777 0
60154 0
114881 0
114678 0
538 0
116476 0
53722 0
246588 0
228433 0
182446 0
104257 0
185713 0
56560 0
252648 0
245607 0
114621 0
207974 0
233773 0
61879 0
140608 0
216703 0
5969 0
184963 0
256874 0
213363 0
231093 0
1160 0
159789 0
124460 0
68227 0
125582 0
195092 0
35513 0
174920 0
184221 0
78961 0
57329 0
16017 0
68021 0
87485 0
250038 0
160408 0
160427 0
108926 0
64812 0
113560 0
239703 0
211011 0
197127 0
231635 0
169964 0
57513 0
90388 0
78867 0
92209 0
124780 0
60149 0
185277 0
257730 0
28860 0
124557 0
89856 0
53122 0
92207 0
84956 0
91867 0
233669 0
255488 0
160419 0
146357 0
113563 0
171165 0
6918 0
138817 0
242758 0
26118 0
78536 0
182841 0
10815 0
78963 0
236467 0
72272 0
256882 0
127325 0
60206 0
1950 0
35792 0
96972 0
124550 0
47053 0
138146 0
128696 0
236468 0
164864 0
31 0
234464 0
112287 0
212458 0
60687 0
96931 0
99220 0
253623 0
127877 0
88153 0
7581 0
161144 0
182467 0
81094 0
257734 0
201240 0
14602 0
6203 0
5234 0
239417 0
249942 0
60953 0
238841 0
62710 0
110059 0
1593 0
124420 0
231628 0
127880 0
151920 0
19685 0
161831 0
66099 0
101096 0
123484 0
54897 0
134158 0
255610 0
229021 0
134498 0
141443 0
257625 0
198792 0
255126 0
8546 0
114660 0
137903 0
49382 0
186733 0
540 0
175723 0
204093 0
112841 0
60887 0
122616 0
246539 0
97195 0
103695 0
55229 0
60748 0
74355 0
53725 0
233835 0
182465 0
178630 0
176256 0
122796 0
160406 0
195581 0
78950 0
201236 0
221530 0
185710 0
138820 0
257620 0
183240 0
143700 0
114670 0
52562 0
236457 0
153271 0
195599 0
235671 0
255650 0
53698 0
208154 0
174915 0
212011 0
210945 0
228083 0
61876 0
2276 0
8617 0
8548 0
138786 0
90488 0
182633 0
139428 0
202059 0
257611 0
255553 0
228087 0
171176 0
214674 0
253065 0
35794 0
194795 0
114448 0
60885 0
76314 0
243580 0
210838 0
195090 0
257729 0
68679 0
230037 0
61880 0
5820 0
256250 0
55106 0
112835 0
50446 0
228963 0
96926 0
127351 0
160164 0
249746 0
35178 0
236097 0
253625 0
114684 0
7696 0
249744 0
239930 0
147582 0
143547 0
119285 0
144827 0
176655 0
103708 0
242411 0
46004 0
119617 0
46060 0
58187 0
2193 0
139425 0
117705 0
112837 0
8610 0
82919 0
144912 0
143629 0
50950 0
111831 0
88012 0
187813 0
141711 0
236456 0
237112 0
68023 0
60982 0
250036 0
114413 0
160426 0
124552 0
177329 0
249246 0
160124 0
256362 0
82771 0
220499 0
161147 0
210951 0
256365 0
90550 0
144739 0
539 0
51689 0
212461 0
246538 0
123901 0
1014 0
73270 0
77374 0
2281 0
112838 0
132216 0
187058 0
113556 0
62109 0
146078 0
254667 0
257293 0
87245 0
183236 0
256868 0
34723 0
242881 0
68234 0
145976 0
182422 0
244992 0
5383 0
179019 0
195140 0
212455 0
127985 0
184981 0
257621 0
256260 0
230091 0
35793 0
256258 0
216167 0
137418 0
239707 0
210984 0
197171 0
250041 0
255063 0
254683 0
98533 0
233834 0
4756 0
153978 0
53445 0
219334 0
134499 0
257608 0
90656 0
61775 0
247692 0
99221 0
227349 0
235486 0
231623 0
85167 0
110505 0
138825 0
161145 0
89863 0
169793 0
178817 0
26814 0
134264 0
4994 0
254105 0
142150 0
63392 0
46951 0
114657 0
142462 0
38208 0
152987 0
245452 0
203858 0
207381 0
244982 0
2280 0
73201 0
46061 0
61323 0
247976 0
203805 0
186716 0
26813 0
243577 0
122794 0
191457 0
82140 0
236460 0
34689 0
249826 0
56648 0
114406 0
22998 0
33762 0
51688 0
26424 0
246660 0
185677 0
124464 0
151710 0
207815 0
184955 0
216704 0
46698 0
82245 0
250046 0
62585 0
111826 0
55573 0
176586 0
130565 0
49052 0
161206 0
186715 0
112608 0
176581 0
182839 0
185707 0
134494 0
257612 0
111819 0
211021 0
255422 0
60187 0
159764 0
67885 0
61875 0
58396 0
30519 0
71655 0
33052 0
111836 0
135099 0
2995 0
182730 0
130564 0
55378 0
246661 0
205295 0
78954 0
84034 0
141464 0
68229 0
96925 0
152928 0
122797 0
88154 0
88912 0
82313 0
6046 0
147307 0
153272 0
191456 0
57327 0
2279 0
10062 0
211019 0
162796 0
146362 0
257733 0
145934 0
235493 0
8544 0
188051 0
72093 0
182662 0
176262 0
162797 0
183235 0
1159 0
96927 0
255613 0
114672 0
133517 0
203854 0
2151 0
124467 0
24430 0
114404 0
111833 0
246725 0
231624 0
64871 0
84960 0
113564 0
256878 0
101100 0
79017 0
102833 0
82314 0
82141 0
34962 0
84954 0
114408 0
102771 0
160171 0
171164 0
147640 0
78125 0
77717 0
178409 0
50992 0
231630 0
184729 0
16969 0
138721 0
32741 0
172000 0
26298 0
3754 0
226224 0
2262 0
140149 0
195088 0
96347 0
178809 0
8545 0
127323 0
7949 0
237283 0
125666 0
124558 0
163097 0
111839 0
139424 0
124465 0
8279 0
123330 0
249508 0
34965 0
135101 0
91967 0
4758 0
55012 0
184220 0
114418 0
75416 0
255554 0
160126 0
195151 0
236968 0
127984 0
977 0
119712 0
138537 0
160125 0
212459 0
242767 0
114405 0
152931 0
256890 0
127976 0
143628 0
60978 0
198401 0
96929 0
66829 0
73371 0
4757 0
46016 0
3945 0
99222 0
231555 0
77723 0
176541 0
138819 0
117619 0
144798 0
143631 0
124461 0
114683 0
82315 0
213723 0
201238 0
152998 0
133520 0
140155 0
256595 0
138814 0
254101 0
132240 0
68024 0
51188 0
103782 0
5101 0
2153 0
119283 0
2282 0
176258 0
7691 0
101092 0
144064 0
106853 0
140160 0
92127 0
214897 0
173451 0
250048 0
124418 0
56060 0
159788 0
182630 0
18239 0
5043 0
98532 0
236481 0
5238 0
233864 0
59848 0
67692 0
87408 0
231633 0
113562 0
92125 0
257709 0
163283 0
171174 0
109927 0
207823 0
197115 0
61874 0
124424 0
177333 0
161213 0
60975 0
60936 0
153803 0
211018 0
4745 0
112604 0
212462 0
114669 0
256249 0
64870 0
173033 0
255747 0
96924 0
80934 0
204271 0
138144 0
92290 0
111828 0
88011 0
83751 0
48925 0
194433 0
15445 0
171177 0
58395 0
78948 0
114661 0
72024 0
137608 0
141491 0
138815 0
1585 0
112609 0
56059 0
55013 0
152978 0
14545 0
7954 0
60148 0
236480 0
233832 0
63393 0
245816 0
140143 0
236770 0
28399 0
111870 0
73269 0
13954 0
211016 0
127341 0
138095 0
4755 0
91666 0
246685 0
167875 0
5260 0
197172 0
60838 0
87167 0
81095 0
53644 0
50502 0
249949 0
208158 0
69528 0
141386 0
237121 0
160715 0
61471 0
78971 0
58027 0
74357 0
211012 0
134860 0
134489 0
89864 0
239413 0
87641 0
213364 0
4743 0
3714 0
233772 0
152929 0
139427 0
103697 0
211023 0
114949 0
191410 0
203809 0
103134 0
32191 0
154364 0
117348 0
201237 0
78122 0
95992 0
234840 0
54893 0
123563 0
158104 0
40117 0
104956 0
134864 0
182462 0
233829 0
97256 0
231086 0
231983 0
214896 0
60066 0
63919 0
256261 0
68020 0
154290 0
254443 0
254871 0
147759 0
140156 0
2148 0
113557 0
84957 0
250047 0
712 0
103700 0
143546 0
239705 0
45754 0
46125 0
254471 0
233743 0
32192 0
256360 0
127340 0
152933 0
6558 0
30532 0
50504 0
64872 0
54900 0
247282 0
161141 0
255366 0
161207 0
127875 0
55653 0
32197 0
228082 0
69529 0
77800 0
234462 0
134501 0
61741 0
246037 0
5382 0
231201 0
75158 0
56649 0
184219 0
134859 0
254644 0
57328 0
244983 0
203800 0
128662 0
245099 0
255408 0
8788 0
152934 0
231982 0
226062 0
167930 0
195390 0
257618 0
245095 0
1126 0
197170 0
160891 0
114414 0
247620 0
17293 0
61576 0
112605 0
255066 0
27687 0
140161 0
236966 0
245093 0
51687 0
117706 0
153801 0
135301 0
86874 0
87247 0
246716 0
50997 0
97010 0
208155 0
246423 0
4759 0
204274 0
17329 0
74358 0
137902 0
203803 0
959 0
210842 0
172227 0
56272 0
226657 0
957 0
211008 0
230867 0
111835 0
210950 0
114665 0
147638 0
177069 0
147642 0
7662 0
7317 0
239706 0
127345 0
63114 0
78124 0
35791 0
132261 0
68235 0
177334 0
28859 0
255651 0
213361 0
53103 0
163284 0
124556 0
55015 0
185716 0
8588 0
55652 0
197128 0
87406 0
6931 0
140148 0
53645 0
56057 0
103698 0
7539 0
140159 0
160172 0
140113 0
137319 0
211017 0
26812 0
90623 0
82316 0
114681 0
147639 0
104562 0
34323 0
122799 0
136259 0
78866 0
112432 0
169966 0
153003 0
61878 0
105067 0
255649 0
230390 0
195598 0
216166 0
134863 0
8641 0
6601 0
124292 0
221528 0
194796 0
80929 0
245451 0
247966 0
194366 0
66898 0
161139 0
3309 0
134659 0
59908 0
123884 0
138539 0
140163 0
104682 0
201547 0
80542 0
111823 0
160161 0
245454 0
257707 0
204270 0
236542 0
195394 0
112428 0
114685 0
111814 0
132214 0
117950 0
211022 0
97030 0
121361 0
46132 0
14603 0
143818 0
182745 0
233736 0
167884 0
242415 0
124423 0
111816 0
249734 0
187060 0
174605 0
210941 0
138833 0
68022 0
63012 0
62392 0
194548 0
184971 0
15440 0
212009 0
257512 0
10050 0
47058 0
246729 0
3796 0
229033 0
144051 0
183610 0
184991 0
247694 0
50969 0
246595 0
32193 0
231981 0
127348 0
139249 0
127978 0
160160 0
68233 0
228088 0
114673 0
130889 0
119284 0
111829 0
255407 0
111821 0
207382 0
195093 0
139245 0
78946 0
68026 0
114674 0
246724 0
72094 0
46012 0
59911 0
114667 0
96930 0
99100 0
50993 0
178634 0
51162 0
124462 0
195069 0
1589 0
203804 0
212014 0
104876 0
159787 0
79016 0
147641 0
112843 0
7290 0
194711 0
195597 0
49310 0
143815 0
250045 0
169707 0
184974 0
229969 0
105312 0
46008 0
246596 0
30525 0
122859 0
125662 0
127321 0
184218 0
60111 0
216705 0
257623 0
257710 0
182731 0
50376 0
141463 0
242878 0
115627 0
63991 0
97024 0
161870 0
61873 0
63387 0
140157 0
49051 0
137832 0
211000 0
247618 0
255069 0
248206 0
182461 0
146326 0
78962 0
246728 0
255668 0
245929 0
60198 0
236464 0
45755 0
92129 0
1683 0
236472 0
176257 0
227920 0
214551 0
257727 0
243503 0
54271 0
34301 0
182421 0
139570 0
216702 0
255645 0
255056 0
36038 0
79901 0
143630 0
138145 0
257265 0
133151 0
139426 0
249094 0
159786 0
246035 0
133430 0
68913 0
248969 0
57704 0
74354 0
111837 0
124293 0
253069 0
88151 0
4746 0
140162 0
80541 0
135416 0
245608 0
212221 0
65090 0
3726 0
184973 0
79018 0
85153 0
162794 0
182635 0
163094 0
69527 0
141273 0
248910 0
114416 0
212012 0
6794 0
75413 0
214895 0
147643 0
34788 0
2203 0
144772 0
120011 0
245815 0
32195 0
163285 0
76313 0
236308 0
249093 0
256459 0
104376 0
30520 0
14682 0
137417 0
152990 0
236458 0
244991 0
62583 0
111815 0
194714 0
27293 0
212123 0
128698 0
60979 0
171178 0
8542 0
247904 0
204273 0
171172 0
204095 0
138818 0
96923 0
191458 0
243354 0
4767 0
114662 0
92128 0
165 0
121867 0
102909 0
213362 0
31346 0
160893 0
55109 0
99217 0
688 0
52455 0
106854 0
6356 0
212013 0
59910 0
201510 0
26810 0
231631 0
56273 0
182483 0
195159 0
246540 0
257732 0
190800 0
238843 0
234465 0
8865 0
185665 0
138826 0
2822 0
153270 0
61881 0
231629 0
186726 0
201548 0
114412 0
140607 0
2278 0
210841 0
201507 0
227923 0
68231 0
78966 0
7997 0
113561 0
106435 0
111820 0
249735 0
122795 0
153802 0
8480 0
174913 0
103701 0
195087 0
118971 0
255961 0
235485 0
62298 0
75411 0
46014 0
58013 0
75157 0
61479 0
178632 0
158102 0
227643 0
216786 0
117346 0
134010 0
186718 0
201508 0
152968 0
114680 0
112844 0
111832 0
142458 0
176255 0
195161 0
4988 0
78537 0
243056 0
203857 0
5773 0
203807 0
257802 0
101946 0
215910 0
134159 0
183237 0
162630 0
65733 0
202061 0
30308 0
82139 0
255616 0
84947 0
242918 0
167932 0
128659 0
211003 0
143817 0
72092 0
160232 0
114679 0
117350 0
30529 0
33547 0
171166 0
89861 0
256264 0
145515 0
48645 0
130665 0
237594 0
87407 0
242863 0
68673 0
61473 0
47055 0
231626 0
108898 0
1654 0
128421 0
256870 0
184728 0
219332 0
231092 0
125805 0
201239 0
56557 0
56056 0
195583 0
123967 0
202058 0
163282 0
59988 0
7830 0
228086 0
34325 0
60174 0
160409 0
125145 0
541 0
8365 0
144773 0
104877 0
61872 0
185659 0
257616 0
128697 0
134861 0
255740 0
212460 0
103699 0
184960 0
231561 0
140153 0
11973 0
27602 0
85152 0
236470 0
140145 0
157928 0
235494 0
80951 0
255263 0
99223 0
255611 0
163096 0
254681 0
227885 0
162795 0
113447 0
130423 0
195817 0
246674 0
92391 0
1110 0
587 0
99262 0
194798 0
242807 0
160410 0
134163 0
242913 0
185662 0
55651 0
204275 0
211001 0
185704 0
202062 0
247903 0
184980 0
195582 0
195393 0
26106 0
227845 0
127347 0
30528 0
256866 0
173453 0
161010 0
103707 0
234461 0
184951 0
255805 0
232270 0
134490 0
135276 0
161143 0
160801 0
114962 0
75037 0
250044 0
112840 0
75414 0
111813 0
214894 0
140152 0
204094 0
169792 0
162793 0
5261 0
146356 0
253066 0
184954 0
238840 0
3173 0
182482 0
122798 0
78812 0
216706 0
3239 0
39649 0
236831 0
236462 0
90655 0
184750 0
135214 0
83337 0
152927 0
113559 0
61474 0
250040 0
112833 0
88157 0
254472 0
161142 0
80938 0
179067 0
184964 0
114403 0
114666 0
77415 0
123322 0
247619 0
212072 0
229791 0
46802 0
33043 0
71053 0
210953 0
203859 0
161146 0
136047 0
178635 0
246056 0
256884 0
82246 0
112429 0
71660 0
185656 0
238288 0
114407 0
228844 0
173249 0
187057 0
176274 0
137292 0
256867 0
2155 0
129604 0
111146 0
160418 0
233971 0
226353 0
195392 0
103704 0
121091 0
26811 0
78959 0
124555 0
176584 0
231090 0
219335 0
242917 0
100733 0
127982 0
124466 0
111825 0
182464 0
136119 0
243578 0
63391 0
82251 0
1596 0
247695 0
133519 0
182481 0
160802 0
54352 0
75043 0
124463 0
256854 0
134154 0
239415 0
123321 0
160972 0
214893 0
78956 0
257180 0
242422 0
53777 0
74361 0
124559 0
238842 0
46020 0
158103 0
233833 0
8284 0
187210 0
55231 0
134161 0
34787 0
184953 0
111822 0
253626 0
244824 0
146354 0
10892 0
127324 0
61335 0
53770 0
176582 0
60089 0
54357 0
134500 0
256879 0
78958 0
53102 0
184753 0
139264 0
211020 0
61877 0
159791 0
254872 0
114682 0
70934 0
139429 0
210983 0
174955 0
130555 0
61470 0
152770 0
173068 0
124425 0
127655 0
69525 0
226352 0
193427 0
133518 0
127327 0
216169 0
125803 0
46006 0
195089 0
72091 0
231987 0
8791 0
99224 0
33993 0
153212 0
88007 0
87244 0
239279 0
74969 0
257609 0
167934 0
63385 0
20988 0
50990 0
191450 0
122800 0
191411 0
242919 0
96922 0
176542 0
176583 0
234466 0
174957 0
182744 0
73277 0
59907 0
186727 0
173452 0
9545 0
250039 0
147816 0
75412 0
77721 0
24429 0
239957 0
111824 0
114658 0
2 0
146359 0
110504 0
75415 0
61730 0
227882 0
55111 0
169796 0
57078 0
46197 0
60951 0
228964 0
124782 0
144801 0
161739 0
975 0
250472 0
228085 0
127349 0
233668 0
1157 0
195086 0
103515 0
160808 0
160407 0
4744 0
231984 0
59909 0
1580 0
142463 0
146083 0
140142 0
172 0
46010 0
140158 0
256364 0
55153 0
76788 0
109974 0
104597 0
53718 0
61476 0
202060 0
27641 0
244990 0
110020 0
1594 0
124294 0
179938 0
242768 0
87411 0
234467 0
32196 0
229030 0
114668 0
124421 0
243948 0
255935 0
87643 0
65475 0
337 0
125585 0
179016 0
4742 0
82138 0
256361 0
231516 0
221649 0
127322 0
124551 0
124554 0
203808 0
127873 0
74356 0
125802 0
140154 0
158113 0
8366 0
160889 0
246813 0
14206 0
14445 0
207824 0
239474 0
10052 0
77722 0
62110 0
231985 0
114659 0
254645 0
67567 0
239418 0
3001 0
161025 0
146355 0
178631 0
209920 0
174917 0
132260 0
233830 0
161328 0
247696 0
134504 0
56809 0
257725 0
75030 0
88156 0
112842 0
234743 0
112834 0
61477 0
185671 0
243353 0
119287 0
160121 0
127653 0
92294 0
61882 0
250037 0
89854 0
186734 0
233908 0
31443 0
65516 0
158114 0
124419 0
255264 0
160170 0
186728 0
82325 0
56559 0
16789 0
186729 0
19273 0
1614 0
144799 0
153977 0
6322 0
144758 0
97037 0
57427 0
256877 0
60980 0
241919 0
114675 0
227183 0
256251 0
112607 0
98185 0
100398 0
99218 0
63389 0
79019 0
174922 0
255064 0
87409 0
184970 0
16777 0
169965 0
113558 0
61871 0
203855 0
160678 0
69523 0
134503 0
246812 0
183238 0
238442 0
141428 0
7778 0
214871 0
98531 0
75050 0
127979 0
221650 0
158115 0
61478 0
135102 0
146345 0
249507 0
103513 0
212071 0
128420 0
6542 0
103696 0
186717 0
230 0
250043 0
61475 0
256876 0
250049 0
171175 0
142459 0
82326 0
123899 0
256883 0
1567 0
187059 0
164555 0
241916 0
84961 0
212073 0
101099 0
201 0
57711 0
195600 0
256786 0
112431 0
26815 0
161511 0
7913 0
7775 0
99219 0
16957 0
211010 0
114417 0
97032 0
245925 0
125800 0
247697 0
214898 0
127879 0
138824 0
134160 0
155861 0
140141 0
140146 0
144777 0
139430 0
114686 0
212121 0
114663 0
209658 0
47056 0
90654 0
5603 0
26816 0
203647 0
111871 0
114671 0
74359 0
255652 0
147757 0
90458 0
63425 0
78949 0
257728 0
54351 0
111838 0
62172 0
22521 0
34724 0
117349 0
8785 0
69524 0
257614 0
184961 0
10061 0
140150 0
254470 0
64868 0
178816 0
125804 0
186725 0
522 0
256853 0
123017 0
160800 0
250042 0
244152 0
210959 0
34709 0
137894 0
246727 0
80937 0
138120 0
57330 0
153976 0
245603 0
256359 0
127350 0
5100 0
124422 0
255062 0
90748 0
30534 0
56558 0
182466 0
195601 0
111818 0
195312 0
70552 0
246541 0
6007 0
208157 0
100734 0
184950 0
255125 0
239963 0
1158 0
72095 0
201241 0
130424 0
139222 0
225372 0
239414 0
59100 0
114664 0
127093 0
111830 0
69865 0
236119 0
173066 0
111817 0
89852 0
153004 0
188 0
203806 0
153000 0
61870 0
5651 0
212457 0
257610 0
256869 0
114422 0
214892 0
133180 0
246723 0
53101 0
1097 0
247693 0
160239 0
246034 0
4754 0
35789 0
15448 0
243579 0
246726 0
8364 0
112286 0
135095 0
246039 0
122872 0
250051 0
114676 0
59805 0
64867 0
63390 0
114677 0
1122 0
127654 0
227915 0
100732 0
78947 0
75417 0
142460 0
257726 0
46018 0
88155 0
34300 0
8805 0
158112 0
158105 0
127652 0
254870 0
35790 0
243582 0
8646 0
136272 0
212122 0
33046 0
114415 0
233737 0
256263 0
184752 0
74360 0
84959 0
234744 0
53100 0
161830 0
233827 0
160960 0
59993 0
142461 0
225693 0
112430 0
33553 0
78955 0
106852 0
60175 0
139431 0
128657 0
119282 0
173067 0
172228 0
169797 0
23705 0
92126 0
122793 0
16825 0
77724 0
254682 0
244964 0
255737 0
171173 0
239704 0
138097 0
88150 0
208156 0
184751 0
73191 0
255808 0
32194 0
112606 0
74979 0
75051 0
103703 0
195091 0
127980 0
230040 0
125713 0
160127 0
124295 0
257627 0
184983 0
243581 0
127983 0
204272 0
247949 0
68027 0
1550 0
35795 0
179017 0
164863 0
257708 0
161140 0
231625 0
152932 0
166061 0
169794 0
137838 0
143816 0
3622 0
90657 0
rep47892 9
47912 0
47901 0
47902 0
57147 0
47898 0
47897 0
47900 0
47899 0
47892 0
rep108716 3
108716 0
215828 0
215794 0
216201 0
rep97784 2
97826 0
97784 0
rep214762 9
214764 0
214761 0
214765 0
214768 0
214762 0
214769 0
214763 0
214767 0
214766 0
rep19553 16
9474 0
20340 0
19552 0
54215 0
9470 0
30466 0
20339 0
173798 0
19551 0
9441 0
19553 0
54214 0
19550 0
9440 0
20338 0
54216 0
55494 0
rep101428 9
115171 0
115175 0
240088 0
101428 0
115172 0
115176 0
115173 0
115177 0
115174 0
rep199170 9
198866 0
199429 0
198414 0
199370 0
198755 0
199597 0
200338 0
199170 0
197737 0
69533 0
25612 0
rep41091 16
41319 0
41318 0
41227 0
41550 0
41150 0
41090 0
41226 0
41018 0
41426 0
41047 0
41551 0
41091 0
41151 0
41046 0
41427 0
41019 0
253187 0
241084 0
rep179092 5
179090 0
179093 0
179091 0
179121 0
179092 0
25625 0
218664 0
rep140354 4
172242 0
162007 0
140354 0
140325 0
255268 0
79971 0
227979 0
75581 0
197318 0
