root 2818
2 0
36 0
84 0
92 0
99 0
130 0
223 0
268 0
274 0
310 0
311 0
313 0
323 0
349 0
359 0
372 0
406 0
413 0
515 0
539 0
540 0
582 0
669 0
712 0
726 0
784 0
785 0
786 0
891 0
894 0
928 0
959 0
961 0
1014 0
1090 0
1097 0
1100 0
1109 0
1127 0
1142 0
1157 0
1158 0
1260 0
1261 0
1267 0
1286 0
1296 0
1353 0
1550 0
1563 0
1567 0
1576 0
1579 0
1591 0
1592 0
1609 0
1651 0
1765 0
1935 0
2182 0
2201 0
2210 0
2219 0
2220 0
2221 0
2222 0
2262 0
2313 0
2387 0
2411 0
2457 0
2464 0
2487 0
2492 0
2524 0
2529 0
2724 0
2822 0
2889 0
2894 0
2940 0
2941 0
3001 0
3106 0
3114 0
3273 0
3274 0
3309 0
3513 0
3656 0
3713 0
3817 0
3945 0
4000 0
4004 0
4086 0
4108 0
4110 0
4128 0
4187 0
4189 0
4254 0
4290 0
4431 0
4767 0
5001 0
5234 0
5268 0
5269 0
5272 0
5315 0
5418 0
5493 0
5773 0
5820 0
5941 0
5987 0
6002 0
6024 0
6134 0
6203 0
6268 0
6269 0
6322 0
6349 0
6350 0
6356 0
6357 0
6358 0
6359 0
6386 0
6549 0
6601 0
6794 0
6922 0
6991 0
7283 0
7290 0
7426 0
7539 0
7581 0
7593 0
7622 0
7623 0
7652 0
7661 0
7691 0
7696 0
7949 0
7954 0
8278 0
8284 0
8545 0
8546 0
8548 0
8836 0
8926 0
8966 0
9000 0
9003 0
10027 0
10028 0
10050 0
10062 0
10766 0
10880 0
10881 0
11540 0
13663 0
13667 0
13669 0
13671 0
13675 0
13677 0
13929 0
14097 0
14132 0
14148 0
14150 0
14545 0
14602 0
14603 0
14634 0
14820 0
14937 0
15520 0
15525 0
15528 0
15530 0
15532 0
15533 0
15910 0
16093 0
16116 0
16777 0
16789 0
16825 0
16933 0
18239 0
18282 0
18766 0
18913 0
20988 0
22493 0
22998 0
23218 0
23225 0
23235 0
23447 0
23448 0
23449 0
23450 0
23451 0
23452 0
24492 0
24903 0
25030 0
25621 0
25629 0
26424 0
26741 0
27687 0
27763 0
27889 0
27890 0
27891 0
27892 0
27893 0
27894 0
27895 0
28260 0
28422 0
28495 0
28499 0
28500 0
28501 0
28502 0
29837 0
30112 0
30116 0
30436 0
31131 0
31132 0
31133 0
31134 0
31346 0
31363 0
31443 0
32031 0
32766 0
33282 0
33304 0
33537 0
33587 0
33622 0
33648 0
33649 0
33650 0
33651 0
33816 0
33868 0
33982 0
33983 0
34513 0
34602 0
34695 0
34836 0
34916 0
34962 0
35005 0
35006 0
35022 0
35401 0
35402 0
35403 0
35404 0
35405 0
35406 0
35407 0
35408 0
35409 0
35410 0
35411 0
35412 0
35413 0
35414 0
35415 0
35416 0
35417 0
35418 0
35419 0
35420 0
35513 0
35959 0
35985 0
36042 0
36085 0
36087 0
36088 0
36089 0
36090 0
36092 0
36095 0
36561 0
36562 0
36564 0
36569 0
36689 0
37083 0
37308 0
37387 0
37388 0
37389 0
37390 0
37391 0
37392 0
37861 0
38155 0
38156 0
38183 0
38194 0
38537 0
38699 0
38702 0
38754 0
39598 0
39701 0
39702 0
39703 0
39704 0
39705 0
39706 0
39709 0
39710 0
39711 0
39712 0
39713 0
39714 0
39715 0
40040 0
40081 0
45437 0
45616 0
45623 0
45753 0
45756 0
45768 0
45769 0
45770 0
46002 0
46004 0
46006 0
46020 0
46060 0
46061 0
46085 0
46386 0
46698 0
46741 0
46802 0
46930 0
46941 0
46942 0
47053 0
47056 0
48057 0
48100 0
48101 0
48110 0
48141 0
48142 0
48145 0
48645 0
48720 0
48725 0
49052 0
49053 0
49407 0
49458 0
49575 0
50259 0
50412 0
50414 0
50446 0
50447 0
50505 0
50997 0
51338 0
51339 0
51379 0
51447 0
51523 0
51698 0
51699 0
51700 0
51701 0
51729 0
51914 0
52026 0
52027 0
52033 0
52081 0
52082 0
52083 0
52084 0
52085 0
52086 0
52129 0
52271 0
52272 0
52333 0
52334 0
52339 0
52340 0
52446 0
52447 0
52448 0
52450 0
52451 0
52452 0
52562 0
53275 0
53276 0
53277 0
53278 0
53279 0
53280 0
53411 0
53414 0
53415 0
53416 0
53417 0
53445 0
53479 0
53548 0
53560 0
53561 0
53562 0
53563 0
53564 0
53582 0
54004 0
54005 0
54006 0
54007 0
54024 0
54540 0
54582 0
54861 0
54895 0
55012 0
55013 0
55014 0
55017 0
55023 0
55030 0
55031 0
55032 0
55109 0
55110 0
55111 0
55462 0
55600 0
55608 0
55875 0
55881 0
55926 0
55975 0
56107 0
56108 0
56272 0
56273 0
56450 0
56542 0
56556 0
56557 0
56558 0
56786 0
57087 0
57147 0
57469 0
57500 0
57704 0
57705 0
58001 0
58002 0
58003 0
58004 0
58351 0
58352 0
58353 0
59499 0
59759 0
59760 0
59765 0
59787 0
59803 0
59885 0
59886 0
59887 0
59888 0
59889 0
59890 0
59891 0
59892 0
59967 0
59968 0
60233 0
60254 0
60475 0
60525 0
60526 0
60527 0
60528 0
60529 0
60800 0
60975 0
61002 0
61254 0
61400 0
61442 0
61443 0
61445 0
61446 0
61447 0
61540 0
61541 0
61542 0
61543 0
61544 0
61551 0
61554 0
61576 0
61862 0
61918 0
61919 0
61920 0
61921 0
61926 0
62119 0
62123 0
62127 0
62329 0
62383 0
62583 0
62585 0
62609 0
62611 0
62666 0
62768 0
62851 0
62854 0
62855 0
62856 0
62857 0
62858 0
62859 0
62996 0
62997 0
62998 0
62999 0
63416 0
63983 0
63997 0
64353 0
64442 0
64572 0
64573 0
64574 0
64575 0
64576 0
64577 0
64785 0
64867 0
64868 0
64869 0
64870 0
64871 0
64872 0
65120 0
65341 0
66099 0
66699 0
66710 0
66711 0
66726 0
66796 0
66940 0
66941 0
66942 0
66943 0
66944 0
67026 0
67027 0
67088 0
67089 0
67090 0
67603 0
67604 0
67728 0
67885 0
68600 0
68914 0
69484 0
69505 0
69506 0
69507 0
69508 0
69509 0
69510 0
69521 0
69530 0
69532 0
69534 0
69536 0
69537 0
69540 0
69543 0
69604 0
69661 0
69662 0
69663 0
69664 0
69665 0
69666 0
69667 0
69668 0
69669 0
69670 0
69671 0
69672 0
69773 0
69774 0
69799 0
70003 0
70934 0
71355 0
71655 0
71656 0
71657 0
71658 0
71659 0
71660 0
71820 0
71866 0
71904 0
71907 0
71928 0
71942 0
72068 0
72069 0
72070 0
72071 0
72090 0
72091 0
72092 0
72093 0
72094 0
72095 0
72137 0
72141 0
72142 0
72143 0
72281 0
72380 0
72600 0
72601 0
72602 0
72603 0
72718 0
72719 0
72797 0
72881 0
72938 0
73134 0
73142 0
73143 0
73144 0
73194 0
73196 0
73197 0
73199 0
73202 0
73205 0
73207 0
73208 0
73210 0
73269 0
73270 0
73276 0
73277 0
73681 0
73742 0
73743 0
73744 0
73745 0
73746 0
73747 0
73947 0
73948 0
73949 0
73950 0
73951 0
73952 0
74000 0
74001 0
74002 0
74003 0
74004 0
74005 0
74271 0
74527 0
74580 0
75157 0
75158 0
75931 0
75932 0
75933 0
75934 0
75935 0
75936 0
75967 0
75968 0
75969 0
75970 0
75971 0
75972 0
75973 0
75974 0
75975 0
75976 0
75977 0
75978 0
76313 0
76314 0
76337 0
76393 0
76496 0
76877 0
77172 0
77173 0
77174 0
77175 0
77176 0
77374 0
77392 0
77393 0
77394 0
77504 0
77505 0
77592 0
77593 0
77623 0
77653 0
77724 0
77776 0
77777 0
77778 0
77779 0
77780 0
77781 0
77782 0
77783 0
77784 0
77785 0
77786 0
77787 0
77788 0
77789 0
77790 0
77791 0
77792 0
77793 0
77794 0
77795 0
77796 0
77798 0
78241 0
78248 0
79101 0
79136 0
79335 0
79336 0
79337 0
79338 0
79339 0
79623 0
79624 0
79884 0
79901 0
80047 0
80048 0
80049 0
80096 0
80593 0
80594 0
80595 0
80786 0
81094 0
81095 0
81467 0
81468 0
81469 0
81470 0
81471 0
81472 0
81624 0
81981 0
81982 0
81983 0
81984 0
81986 0
81987 0
82218 0
82219 0
82220 0
82221 0
82222 0
82223 0
82339 0
82340 0
82341 0
82342 0
82345 0
82346 0
82347 0
82348 0
82381 0
82776 0
82777 0
82778 0
82779 0
82780 0
82781 0
82782 0
82783 0
82799 0
82800 0
82801 0
82802 0
82803 0
82804 0
83025 0
83167 0
83168 0
83169 0
83170 0
83171 0
83172 0
83200 0
83652 0
84097 0
84482 0
84645 0
84646 0
84647 0
84648 0
84649 0
84917 0
84937 0
85466 0
86099 0
86172 0
86173 0
86174 0
86175 0
86176 0
86177 0
86852 0
86853 0
86854 0
87013 0
87014 0
87015 0
87016 0
87017 0
87055 0
87056 0
87057 0
87058 0
87059 0
87060 0
88007 0
88012 0
88104 0
88105 0
88226 0
88653 0
88754 0
88755 0
88834 0
88974 0
89033 0
89144 0
89298 0
89365 0
89823 0
89852 0
89856 0
89858 0
89861 0
89864 0
90013 0
90015 0
90606 0
90607 0
90608 0
90609 0
90610 0
90613 0
90614 0
90794 0
90840 0
90841 0
91067 0
91107 0
91108 0
91120 0
91121 0
91122 0
91123 0
91124 0
91125 0
91145 0
91218 0
91319 0
91465 0
91571 0
91572 0
91573 0
91574 0
91575 0
91576 0
91628 0
91629 0
91630 0
91631 0
91632 0
91644 0
91645 0
91646 0
91647 0
91705 0
91706 0
91707 0
91708 0
91709 0
91710 0
91823 0
92181 0
92182 0
92183 0
92264 0
92304 0
92430 0
93183 0
93184 0
93185 0
93186 0
93187 0
93188 0
93560 0
94262 0
94348 0
94429 0
94430 0
94504 0
94508 0
94612 0
94614 0
94619 0
94648 0
94718 0
96117 0
96150 0
96224 0
96272 0
96322 0
96681 0
96688 0
96784 0
96785 0
96786 0
96787 0
96788 0
97153 0
97154 0
97155 0
97156 0
97157 0
97158 0
97478 0
97751 0
97752 0
97753 0
97754 0
97755 0
97756 0
98958 0
99262 0
99263 0
99955 0
99956 0
99969 0
99970 0
99971 0
99972 0
99973 0
99974 0
100009 0
100037 0
100266 0
100267 0
100307 0
100308 0
100309 0
100310 0
100311 0
100918 0
101174 0
101175 0
101176 0
101177 0
101178 0
101179 0
101218 0
101219 0
101249 0
101250 0
101251 0
101252 0
101363 0
101364 0
101365 0
101647 0
101648 0
101649 0
101994 0
101995 0
101996 0
101997 0
101998 0
101999 0
102735 0
103357 0
103358 0
103402 0
103403 0
103514 0
103662 0
104257 0
104349 0
104392 0
104393 0
104394 0
104395 0
104396 0
104397 0
104398 0
104399 0
104400 0
104595 0
104596 0
104597 0
104599 0
104763 0
104876 0
104877 0
105685 0
105686 0
105687 0
106037 0
106169 0
106273 0
106305 0
106563 0
106574 0
107020 0
107021 0
107022 0
107023 0
107024 0
107055 0
107124 0
107125 0
107126 0
108170 0
108582 0
108714 0
109197 0
109198 0
109199 0
109200 0
109201 0
109202 0
109203 0
109204 0
109205 0
109206 0
109374 0
109492 0
109933 0
109974 0
110021 0
110255 0
110256 0
110257 0
110258 0
110259 0
110260 0
111117 0
111211 0
111518 0
111519 0
111520 0
111521 0
111522 0
111523 0
111672 0
112302 0
112323 0
112324 0
112768 0
112840 0
112843 0
112889 0
112898 0
112900 0
112905 0
112907 0
112910 0
112925 0
112926 0
112928 0
112929 0
112930 0
113116 0
113130 0
113131 0
113132 0
113133 0
113134 0
113135 0
113274 0
113340 0
113345 0
113346 0
113347 0
113348 0
113349 0
113350 0
113351 0
113352 0
113353 0
113354 0
113355 0
113356 0
113357 0
113358 0
113359 0
113360 0
113361 0
113362 0
113363 0
113364 0
113404 0
113433 0
113434 0
113522 0
113536 0
114126 0
114448 0
114635 0
115080 0
115081 0
115082 0
115083 0
115084 0
115085 0
115086 0
115087 0
115088 0
115089 0
115368 0
115369 0
115370 0
115371 0
115372 0
115373 0
115922 0
115923 0
115924 0
115925 0
115927 0
115933 0
115934 0
115935 0
115936 0
115937 0
115938 0
115956 0
115957 0
115958 0
115959 0
115960 0
115961 0
116108 0
116145 0
116603 0
117346 0
117347 0
117348 0
117349 0
117350 0
118032 0
118033 0
118034 0
118035 0
118037 0
118040 0
118041 0
118042 0
118043 0
118044 0
118045 0
118046 0
118047 0
118048 0
118049 0
118514 0
119267 0
119269 0
119338 0
119340 0
119341 0
119342 0
119406 0
119464 0
119465 0
119466 0
119712 0
120070 0
120214 0
120215 0
120216 0
120217 0
120218 0
120431 0
120444 0
120858 0
120859 0
120860 0
120861 0
120862 0
120863 0
121732 0
121736 0
121737 0
121738 0
121739 0
121741 0
122412 0
122413 0
123321 0
123322 0
123851 0
123852 0
123853 0
123854 0
124065 0
124110 0
124175 0
124176 0
124177 0
124178 0
124179 0
124180 0
124181 0
124467 0
124468 0
124518 0
124522 0
124760 0
124761 0
124762 0
124763 0
124764 0
124985 0
124986 0
124987 0
124988 0
125039 0
125040 0
125106 0
125220 0
125221 0
125240 0
125241 0
125242 0
125243 0
125244 0
125245 0
125709 0
125753 0
125759 0
125761 0
125800 0
125801 0
125802 0
125803 0
125804 0
125805 0
125810 0
125811 0
125812 0
125813 0
125814 0
125815 0
125851 0
125852 0
125910 0
126200 0
126203 0
126445 0
126446 0
126447 0
126450 0
126451 0
126452 0
126454 0
126455 0
126456 0
126457 0
126458 0
126459 0
126742 0
126743 0
126760 0
126805 0
126906 0
126907 0
126908 0
126909 0
126910 0
126911 0
126912 0
126913 0
126914 0
126915 0
126916 0
127042 0
127043 0
127044 0
127045 0
127046 0
127047 0
127048 0
127049 0
127051 0
127061 0
127062 0
127063 0
127071 0
127072 0
127073 0
127074 0
127093 0
127321 0
127322 0
127323 0
127324 0
127345 0
127347 0
127348 0
127349 0
127350 0
127351 0
127402 0
127403 0
127404 0
127405 0
127406 0
127549 0
127550 0
127551 0
127552 0
127555 0
127556 0
127557 0
127558 0
127559 0
127670 0
127856 0
127857 0
127858 0
127859 0
127860 0
127861 0
128006 0
128007 0
128008 0
128009 0
128010 0
128011 0
128318 0
128420 0
128421 0
129583 0
129584 0
129585 0
129586 0
129594 0
130060 0
130061 0
130062 0
130063 0
130518 0
130519 0
130520 0
130571 0
130665 0
130817 0
130883 0
131242 0
131451 0
131577 0
131889 0
131890 0
131891 0
131892 0
131893 0
131991 0
131992 0
131993 0
132022 0
132023 0
132024 0
132025 0
132270 0
132310 0
132844 0
132845 0
132846 0
132847 0
132848 0
132849 0
132958 0
132959 0
132960 0
132961 0
132962 0
132963 0
133180 0
133401 0
133846 0
133847 0
133848 0
133854 0
134049 0
134050 0
134051 0
134052 0
134053 0
134054 0
134084 0
134085 0
134086 0
134087 0
134088 0
134089 0
134158 0
134159 0
134160 0
134161 0
134438 0
134599 0
134703 0
134849 0
134859 0
134860 0
134861 0
134862 0
134863 0
134864 0
135081 0
135100 0
135110 0
135120 0
135121 0
135122 0
135123 0
135124 0
135125 0
135126 0
135127 0
135128 0
135129 0
135158 0
135159 0
135160 0
135161 0
135162 0
135163 0
135164 0
135165 0
135166 0
135167 0
135168 0
135416 0
135577 0
135600 0
135601 0
135602 0
135603 0
135642 0
135643 0
135788 0
135795 0
135819 0
135823 0
135824 0
135825 0
135826 0
135827 0
135880 0
135885 0
135894 0
135898 0
135899 0
135900 0
135975 0
135976 0
135977 0
135978 0
135979 0
135980 0
136005 0
136175 0
136544 0
136547 0
137938 0
137939 0
138119 0
138120 0
138144 0
138145 0
138146 0
138147 0
138211 0
138212 0
138213 0
138214 0
138215 0
138216 0
138510 0
138721 0
138729 0
138730 0
138731 0
138732 0
138733 0
138826 0
139252 0
139253 0
139383 0
139439 0
139440 0
139441 0
139442 0
139443 0
139444 0
139445 0
139446 0
139447 0
139448 0
139449 0
139450 0
139451 0
139452 0
139453 0
139454 0
139455 0
139456 0
139457 0
139460 0
139461 0
139462 0
139463 0
141039 0
141287 0
141301 0
141302 0
141303 0
141304 0
141330 0
141331 0
141332 0
141333 0
141334 0
141335 0
142149 0
142150 0
142151 0
142955 0
142956 0
143937 0
143938 0
143994 0
143995 0
144064 0
144171 0
144175 0
144406 0
144635 0
144803 0
144812 0
145154 0
145296 0
145297 0
145298 0
145299 0
145596 0
145597 0
145598 0
145599 0
145600 0
145601 0
145602 0
145603 0
145871 0
145872 0
145873 0
147629 0
147630 0
147631 0
147646 0
147757 0
147759 0
147816 0
147985 0
147986 0
147987 0
147988 0
147989 0
147990 0
151548 0
151920 0
152468 0
152913 0
153271 0
153272 0
153277 0
153673 0
153674 0
153676 0
153681 0
153682 0
153689 0
153690 0
153697 0
153698 0
153801 0
153802 0
153803 0
154447 0
154577 0
154720 0
154724 0
154955 0
155861 0
155968 0
156921 0
156925 0
156927 0
156933 0
157302 0
157303 0
157304 0
157305 0
157306 0
157307 0
158057 0
159236 0
160160 0
160164 0
160170 0
160171 0
160406 0
160410 0
160412 0
160414 0
160464 0
161210 0
161212 0
161214 0
161216 0
161343 0
161411 0
161511 0
161532 0
161549 0
161587 0
161617 0
161813 0
161870 0
161935 0
162008 0
162009 0
162010 0
162011 0
162014 0
162316 0
162793 0
162794 0
162795 0
162796 0
162797 0
163181 0
163194 0
163195 0
163196 0
163197 0
163198 0
163199 0
163393 0
163667 0
163931 0
163936 0
163937 0
163938 0
163939 0
164000 0
164004 0
164005 0
164006 0
164007 0
164571 0
164572 0
164573 0
164574 0
164863 0
164864 0
165472 0
165477 0
165482 0
165575 0
165576 0
165578 0
165579 0
165582 0
165587 0
165592 0
165597 0
166602 0
166604 0
166605 0
166606 0
166607 0
166609 0
167713 0
167809 0
167810 0
167811 0
167812 0
167813 0
167814 0
167859 0
167860 0
167867 0
167868 0
167869 0
167870 0
167871 0
167872 0
167875 0
168546 0
169707 0
169708 0
170903 0
171102 0
171250 0
171637 0
171796 0
172384 0
174249 0
174250 0
174251 0
174252 0
174253 0
174738 0
175055 0
175056 0
175057 0
175058 0
175059 0
175060 0
175512 0
175579 0
175654 0
175655 0
175804 0
176253 0
177194 0
177195 0
177231 0
177245 0
177246 0
177247 0
177372 0
177374 0
177376 0
178138 0
178195 0
178197 0
178198 0
178199 0
178200 0
178381 0
179016 0
179274 0
179373 0
179374 0
179375 0
179376 0
179377 0
179378 0
179385 0
179406 0
179447 0
179448 0
179453 0
180222 0
180265 0
180460 0
180461 0
180462 0
180463 0
180464 0
180671 0
180672 0
180673 0
180674 0
180948 0
180950 0
181567 0
182294 0
182295 0
182365 0
182371 0
182630 0
182730 0
182731 0
182746 0
182747 0
182806 0
182807 0
182808 0
183175 0
183176 0
183177 0
183178 0
183179 0
183180 0
183181 0
183182 0
183183 0
183184 0
183185 0
183186 0
184983 0
184991 0
184995 0
185033 0
185043 0
185053 0
185063 0
185134 0
185135 0
185136 0
185336 0
185646 0
187005 0
187006 0
187007 0
187008 0
187009 0
187059 0
187210 0
187535 0
187735 0
187738 0
187739 0
187740 0
187782 0
188051 0
188686 0
188948 0
188949 0
189571 0
191411 0
191450 0
191617 0
191618 0
191619 0
191620 0
191752 0
191753 0
191823 0
191824 0
191825 0
191826 0
191827 0
191828 0
192211 0
192212 0
192213 0
192214 0
192215 0
192216 0
193111 0
193112 0
193113 0
193114 0
193115 0
193116 0
193391 0
193392 0
193393 0
193394 0
193395 0
193396 0
193397 0
193398 0
193399 0
193400 0
193428 0
193507 0
193540 0
193541 0
193542 0
193543 0
193544 0
193545 0
193827 0
194088 0
194089 0
194090 0
194091 0
194092 0
194093 0
194155 0
194185 0
194186 0
194216 0
194270 0
194271 0
194432 0
194433 0
194434 0
194435 0
194440 0
194441 0
194442 0
194443 0
194444 0
194445 0
194450 0
194598 0
194658 0
194659 0
194674 0
194692 0
194693 0
194694 0
194695 0
194696 0
194697 0
194799 0
194810 0
194953 0
195046 0
195047 0
195048 0
195049 0
195140 0
195151 0
195159 0
195161 0
195270 0
195271 0
195312 0
195329 0
195379 0
195817 0
195820 0
196719 0
196720 0
196721 0
196722 0
196723 0
196724 0
196864 0
196865 0
196866 0
196867 0
196868 0
196869 0
197308 0
197309 0
198199 0
198200 0
198201 0
198202 0
198242 0
198243 0
198314 0
198315 0
198316 0
198317 0
198318 0
198683 0
199086 0
200920 0
200921 0
200922 0
200923 0
201243 0
201244 0
201245 0
201246 0
201247 0
201248 0
201560 0
201643 0
201644 0
201646 0
201647 0
201648 0
201649 0
201819 0
201821 0
201918 0
201919 0
201921 0
201948 0
203647 0
203838 0
203847 0
203848 0
203849 0
204187 0
204270 0
204271 0
204272 0
204273 0
204274 0
205591 0
205592 0
205593 0
205594 0
205595 0
205596 0
208155 0
208156 0
208157 0
209268 0
209878 0
209879 0
209880 0
210694 0
210703 0
210713 0
210757 0
210758 0
210759 0
210760 0
210761 0
210764 0
210765 0
210838 0
210841 0
210966 0
210969 0
210971 0
210972 0
211000 0
211001 0
211003 0
211008 0
211010 0
211011 0
211012 0
211016 0
211017 0
211018 0
211019 0
211020 0
211021 0
211022 0
211023 0
211024 0
211118 0
211134 0
211135 0
211136 0
211137 0
211138 0
211139 0
211373 0
211377 0
211449 0
211450 0
211451 0
211452 0
211453 0
211454 0
211686 0
212008 0
212009 0
212331 0
212584 0
212585 0
212586 0
212587 0
212588 0
212589 0
212957 0
213074 0
213086 0
213167 0
213171 0
213197 0
213205 0
213243 0
213244 0
213245 0
213246 0
213247 0
213248 0
213723 0
213724 0
213727 0
214397 0
214699 0
214779 0
214830 0
214951 0
215007 0
215008 0
215019 0
215047 0
215048 0
215049 0
215050 0
215051 0
215057 0
215058 0
215060 0
215061 0
215062 0
215063 0
215064 0
215065 0
215143 0
215366 0
215455 0
215493 0
215494 0
215510 0
215512 0
215575 0
215632 0
215634 0
215635 0
215636 0
215664 0
215665 0
215666 0
215668 0
215670 0
215694 0
215695 0
215698 0
215699 0
215700 0
215794 0
215817 0
215828 0
215829 0
215832 0
215833 0
215877 0
215945 0
215948 0
215961 0
215962 0
215969 0
215970 0
216034 0
216210 0
216216 0
216218 0
216219 0
216220 0
216226 0
216228 0
216229 0
216230 0
216232 0
216235 0
216236 0
216238 0
216248 0
216249 0
216250 0
216400 0
216492 0
216581 0
216583 0
216595 0
216598 0
216599 0
216600 0
216601 0
216602 0
216672 0
216673 0
216674 0
216891 0
216994 0
216995 0
216996 0
216997 0
216998 0
217009 0
217052 0
217053 0
217069 0
217274 0
217336 0
217444 0
217694 0
217770 0
217788 0
217834 0
217840 0
217956 0
217993 0
218005 0
218090 0
218156 0
218160 0
218409 0
218410 0
218411 0
218412 0
218413 0
218414 0
218415 0
218416 0
218417 0
218418 0
218428 0
218430 0
218465 0
218577 0
218579 0
218580 0
218581 0
218829 0
218979 0
219332 0
219333 0
219334 0
219335 0
219601 0
219876 0
220072 0
220290 0
220479 0
220483 0
220489 0
220500 0
220501 0
220512 0
220514 0
220520 0
220521 0
220522 0
220523 0
220524 0
220525 0
220526 0
220527 0
220947 0
221160 0
221161 0
221528 0
221565 0
221876 0
221877 0
221878 0
221879 0
221880 0
221881 0
221882 0
222044 0
222045 0
222046 0
222047 0
222048 0
222049 0
223934 0
223968 0
224197 0
224210 0
224416 0
224417 0
224418 0
224480 0
224808 0
224810 0
224811 0
224812 0
224813 0
224814 0
224815 0
225721 0
225826 0
226062 0
226380 0
226477 0
226492 0
226921 0
226929 0
227183 0
227184 0
227185 0
227189 0
227280 0
227360 0
227374 0
227375 0
227448 0
227449 0
227515 0
227523 0
227643 0
227739 0
227765 0
227766 0
227767 0
227768 0
227769 0
228082 0
228083 0
228086 0
228087 0
228329 0
228330 0
228331 0
228332 0
228333 0
228368 0
228413 0
228421 0
228524 0
228526 0
228527 0
228576 0
228644 0
228645 0
228949 0
229233 0
229234 0
229257 0
229258 0
229259 0
229260 0
229261 0
229940 0
229942 0
229950 0
229951 0
230004 0
230005 0
230006 0
230019 0
230128 0
230167 0
230197 0
230198 0
230257 0
230258 0
230622 0
230623 0
230644 0
230645 0
230710 0
230711 0
230712 0
230713 0
230743 0
230744 0
230759 0
230760 0
230841 0
230842 0
230962 0
230963 0
231086 0
231088 0
231089 0
231090 0
231092 0
231093 0
231412 0
231726 0
231790 0
231792 0
231796 0
232472 0
232473 0
232474 0
232504 0
232699 0
232700 0
232741 0
232742 0
232743 0
232744 0
232745 0
233307 0
233346 0
233359 0
233360 0
233390 0
233393 0
233417 0
233542 0
233544 0
233547 0
233668 0
233669 0
233736 0
233737 0
233738 0
233832 0
233833 0
233834 0
233835 0
233867 0
233907 0
233908 0
233918 0
234044 0
234045 0
234046 0
234200 0
234246 0
234308 0
234504 0
234595 0
234606 0
234607 0
234608 0
234609 0
234610 0
234611 0
234703 0
234802 0
234803 0
234804 0
234805 0
234806 0
234807 0
234808 0
234900 0
234963 0
235453 0
235454 0
235455 0
235456 0
235457 0
235458 0
235670 0
235796 0
235799 0
236102 0
236103 0
236105 0
236107 0
236108 0
236109 0
236110 0
236241 0
236242 0
236248 0
236249 0
236256 0
236330 0
236331 0
236356 0
236456 0
236457 0
236458 0
236463 0
236467 0
236468 0
236470 0
236480 0
236481 0
236482 0
236627 0
236630 0
236631 0
236843 0
236953 0
236954 0
236955 0
236956 0
236957 0
236958 0
237127 0
237130 0
237168 0
237202 0
237252 0
237253 0
237283 0
237351 0
237521 0
237522 0
237531 0
237583 0
237588 0
237599 0
237606 0
237609 0
237610 0
238240 0
238245 0
238468 0
238469 0
238470 0
239217 0
239382 0
239383 0
239384 0
239385 0
239386 0
239387 0
239459 0
239460 0
239461 0
239462 0
239463 0
239464 0
239657 0
239737 0
239918 0
239919 0
239921 0
239922 0
239923 0
239924 0
240162 0
240917 0
240996 0
240999 0
241141 0
241142 0
241143 0
241144 0
241145 0
241146 0
241413 0
241414 0
241415 0
241416 0
241417 0
241703 0
241704 0
241705 0
241916 0
241917 0
241918 0
241919 0
241996 0
241997 0
241998 0
241999 0
242119 0
242128 0
242129 0
242411 0
242422 0
242423 0
242741 0
242888 0
242889 0
242890 0
242891 0
242892 0
242893 0
242894 0
242895 0
242982 0
243051 0
243052 0
243053 0
243055 0
243056 0
243060 0
243238 0
243353 0
243354 0
243499 0
243503 0
243504 0
244070 0
244071 0
244072 0
244073 0
244074 0
244076 0
244152 0
244969 0
244987 0
245062 0
245451 0
245452 0
245454 0
245509 0
245510 0
245511 0
245512 0
245513 0
245514 0
245603 0
245604 0
245705 0
245706 0
245707 0
245708 0
245709 0
245729 0
245776 0
245777 0
245778 0
245779 0
245782 0
245853 0
245970 0
245971 0
245972 0
245973 0
245974 0
246089 0
246106 0
246273 0
246274 0
246275 0
246276 0
246279 0
246363 0
246364 0
246365 0
246366 0
246367 0
246368 0
246491 0
246492 0
246493 0
246494 0
246495 0
246496 0
246497 0
247505 0
247506 0
247676 0
247678 0
247679 0
247681 0
247682 0
247683 0
247692 0
247693 0
247694 0
247695 0
247696 0
247697 0
247790 0
247791 0
247821 0
247822 0
247823 0
248721 0
248722 0
248723 0
248724 0
248725 0
248726 0
248727 0
249078 0
249120 0
249343 0
249345 0
249347 0
249421 0
249474 0
249475 0
249476 0
249477 0
249478 0
249480 0
249631 0
249686 0
249734 0
249735 0
249856 0
249857 0
250099 0
250100 0
250252 0
251599 0
251725 0
251726 0
251727 0
252375 0
252798 0
252799 0
252850 0
252851 0
253553 0
253569 0
253679 0
253680 0
253681 0
253707 0
253708 0
253709 0
253724 0
253725 0
253887 0
254049 0
254102 0
254103 0
254104 0
254105 0
254440 0
254441 0
254469 0
254470 0
254471 0
254472 0
254784 0
254858 0
254869 0
254870 0
254871 0
254872 0
255057 0
255058 0
255067 0
255122 0
255263 0
255264 0
255268 0
255269 0
255327 0
255328 0
255329 0
255330 0
255331 0
255407 0
255408 0
255422 0
255553 0
255554 0
255747 0
256265 0
256350 0
256351 0
256352 0
256353 0
256354 0
256355 0
256356 0
256786 0
256865 0
256869 0
256870 0
256874 0
256879 0
256882 0
256883 0
256884 0
257223 0
257224 0
257225 0
257226 0
257503 0
257505 0
257725 0
257726 0
257727 0
257728 0
257729 0
257730 0
257731 0
257732 0
257733 0
257734 0
257801 0
257802 0
258383 0
258432 0
