root 416
217765 0
118575 0
7703 0
rep103411 7
103414 0
103411 0
103412 0
18935 0
18937 0
103413 0
18936 0
rep101884 2
94870 0
101884 0
53780 0
220365 0
122093 0
17042 0
85467 0
232616 0
112298 0
rep129444 2
233450 0
129444 0
249952 0
178499 0
rep22814 5
22812 0
22813 0
22814 0
39806 0
22816 0
153189 0
112088 0
rep90107 9
90101 0
90107 0
90109 0
90111 0
90563 0
90110 0
90102 0
90562 0
90108 0
237879 0
rep152985 2
152986 0
152985 0
131524 0
175456 0
rep176379 2
176379 0
176466 0
90706 0
117526 0
109636 0
153825 0
rep121265 9
121296 0
121864 0
121265 0
122030 0
121264 0
121263 0
122029 0
121863 0
121295 0
rep230514 2
230516 0
230514 0
51309 0
249721 0
rep111168 5
111171 0
111173 0
111176 0
111168 0
111170 0
136124 0
rep225040 4
225430 0
225040 0
225017 0
225516 0
72704 0
92107 0
rep105527 2
105527 0
105528 0
93328 0
62587 0
740 0
254442 0
rep168112 2
168112 0
168113 0
rep233505 8
219867 0
219866 0
233509 0
129682 0
233506 0
233505 0
233507 0
233313 0
rep127870 22
135823 0
127857 0
127860 0
192544 0
135826 0
135819 0
135824 0
135827 0
127861 0
127865 0
135825 0
127869 0
127858 0
127866 0
127868 0
127870 0
127864 0
127859 0
127856 0
135820 0
127867 0
117755 0
218797 0
61451 0
88454 0
76139 0
125503 0
rep176371 4
178639 0
176371 0
176969 0
176978 0
75712 0
23213 0
168625 0
237839 0
rep88885 2
88886 0
88885 0
rep210609 16
64288 0
210605 0
64293 0
64291 0
119632 0
210610 0
210604 0
64289 0
64492 0
210608 0
160357 0
64294 0
210609 0
64292 0
210613 0
64290 0
255046 0
14479 0
231776 0
rep66071 3
68019 0
66071 0
78893 0
rep55204 2
55205 0
55204 0
115351 0
3156 0
82792 0
181741 0
rep6069 8
66037 0
6069 0
59783 0
6070 0
91299 0
3043 0
3042 0
91302 0
88703 0
57083 0
104584 0
rep124458 2
124458 0
93039 0
111730 0
114229 0
244082 0
246373 0
156204 0
246204 0
rep167812 7
167809 0
8932 0
167811 0
167813 0
167814 0
167812 0
167810 0
98503 0
rep14538 12
153069 0
153070 0
239464 0
14538 0
239461 0
239463 0
61087 0
239459 0
239462 0
104338 0
239460 0
54543 0
153725 0
rep118036 2
118038 0
118036 0
65726 0
rep159794 3
159793 0
159795 0
159794 0
rep110038 5
229223 0
1681 0
148092 0
110038 0
1680 0
rep58768 2
58769 0
58768 0
247060 0
rep62594 13
62595 0
62599 0
62604 0
62596 0
62600 0
62597 0
62601 0
62603 0
62606 0
62607 0
62594 0
62598 0
62605 0
rep58365 4
58364 0
58366 0
58367 0
58365 0
rep233592 2
233593 0
233592 0
rep175559 3
175560 0
175559 0
175558 0
105475 0
rep195041 2
195041 0
195042 0
rep143396 3
143405 0
143397 0
143396 0
rep162634 2
162647 0
162634 0
rep13918 6
71150 0
71148 0
71149 0
13918 0
13916 0
71151 0
118481 0
232502 0
rep194651 5
194650 0
194651 0
194652 0
194654 0
194653 0
rep173958 7
3690 0
158880 0
174089 0
173958 0
68251 0
174001 0
158898 0
rep141106 5
141105 0
4976 0
141106 0
141107 0
141104 0
rep210115 7
210114 0
210115 0
210116 0
209900 0
209899 0
210113 0
210112 0
221463 0
165998 0
rep164649 3
164649 0
164650 0
164646 0
34694 0
rep108319 3
108513 0
108347 0
108319 0
rep113531 2
113531 0
113532 0
71919 0
rep244576 3
253769 0
244576 0
244578 0
103314 0
rep179373 6
179374 0
179373 0
179378 0
179375 0
179377 0
179376 0
218279 0
rep236328 2
236328 0
236329 0
rep68092 7
95865 0
68093 0
95866 0
95864 0
68094 0
68092 0
95863 0
rep93087 7
93086 0
93087 0
93088 0
93091 0
93089 0
93092 0
93090 0
rep225523 2
225526 0
225523 0
rep213176 5
227049 0
225397 0
224501 0
227046 0
213176 0
rep225296 3
34837 0
225296 0
225299 0
rep34254 17
135278 0
34356 0
133314 0
34253 0
145271 0
248120 0
34254 0
34373 0
14410 0
38184 0
119900 0
49019 0
34369 0
48723 0
249548 0
34374 0
34363 0
126436 0
155015 0
rep171652 8
171132 0
18802 0
171489 0
171768 0
171652 0
171617 0
173550 0
171242 0
98012 0
38578 0
56650 0
219274 0
214676 0
72279 0
180734 0
22268 0
221904 0
189020 0
rep127228 6
127227 0
127228 0
62938 0
127230 0
127229 0
127231 0
114428 0
210391 0
127172 0
126432 0
rep106627 2
73446 0
106627 0
rep245777 5
245779 0
245778 0
245776 0
245782 0
245777 0
215501 0
47849 0
rep236548 2
236548 0
236765 0
rep200216 3
200217 0
200218 0
200216 0
244924 0
rep238645 2
238645 0
238646 0
rep167709 7
167779 0
167778 0
167780 0
167775 0
167774 0
167708 0
167709 0
rep249572 4
250257 0
250256 0
250258 0
249572 0
88687 0
225078 0
rep155709 2
155710 0
155709 0
138959 0
85342 0
82244 0
rep249926 7
249928 0
249926 0
249932 0
249929 0
249931 0
249930 0
249927 0
rep181601 2
97498 0
181601 0
rep42977 3
64782 0
42977 0
64781 0
108396 0
139606 0
172067 0
73668 0
48785 0
182618 0
rep197717 11
197765 0
197768 0
197769 0
197717 0
197766 0
197771 0
197716 0
197764 0
14058 0
197767 0
197770 0
122943 0
rep135771 7
135769 0
136112 0
135768 0
136118 0
137693 0
135771 0
137694 0
173640 0
182451 0
rep155576 2
155577 0
155576 0
62391 0
rep181087 2
181087 0
181317 0
87610 0
215513 0
135111 0
234842 0
91443 0
rep83829 7
83835 0
83830 0
83837 0
83832 0
83838 0
83829 0
83834 0
138984 0
212793 0
rep66940 7
66942 0
66943 0
66944 0
67603 0
66941 0
67604 0
66940 0
rep37380 7
37386 0
37380 0
37384 0
37381 0
37382 0
37383 0
37385 0
175785 0
rep246132 15
246132 0
246130 0
147987 0
147985 0
246134 0
147991 0
88164 0
147992 0
147990 0
147986 0
246133 0
246131 0
147988 0
147993 0
147989 0
14209 0
240009 0
rep102765 2
102765 0
16140 0
5487 0
rep97371 7
98113 0
97372 0
55482 0
113756 0
98114 0
115227 0
97371 0
124109 0
3261 0
rep255830 8
255830 0
180241 0
256613 0
180242 0
256652 0
256603 0
256604 0
256091 0
rep3226 21
201921 0
201821 0
237583 0
76495 0
84306 0
3226 0
84303 0
201919 0
97014 0
201948 0
97015 0
54024 0
76496 0
88834 0
84301 0
201918 0
45769 0
45770 0
97013 0
97011 0
97012 0
135788 0
rep113194 2
113243 0
113194 0
185304 0
236440 0
rep64762 2
64763 0
64762 0
133344 0
213717 0
112505 0
124310 0
rep87725 8
90036 0
90035 0
90033 0
87725 0
89473 0
90166 0
90167 0
90034 0
143128 0
rep25030 3
30112 0
30116 0
25030 0
rep109297 3
109297 0
109298 0
109299 0
5945 0
100532 0
rep114987 2
114988 0
114987 0
239451 0
rep58100 8
58100 0
58098 0
58102 0
58099 0
58096 0
58101 0
58097 0
58103 0
253790 0
161906 0
210521 0
rep241154 6
46699 0
240835 0
241154 0
46702 0
240830 0
241155 0
rep220053 2
220075 0
220053 0
163671 0
rep134289 8
134290 0
134291 0
169937 0
134289 0
140925 0
108679 0
134288 0
6857 0
rep30632 2
30632 0
30633 0
rep217899 7
217910 0
217904 0
217905 0
217903 0
217899 0
217902 0
217901 0
96164 0
rep190913 2
190913 0
190914 0
182713 0
rep66266 4
66269 0
66266 0
66268 0
66267 0
69052 0
91913 0
114796 0
134961 0
153001 0
rep127837 4
127837 0
137666 0
137665 0
137664 0
211002 0
64040 0
166278 0
rep59913 2
59916 0
59913 0
174452 0
56951 0
123034 0
rep200993 8
201003 0
29549 0
200994 0
201004 0
75528 0
201008 0
200993 0
200998 0
8594 0
rep101364 5
101363 0
101365 0
137939 0
137938 0
101364 0
2015 0
rep175199 4
248076 0
175199 0
169635 0
64602 0
223942 0
135857 0
rep108244 2
124734 0
108244 0
64839 0
rep132758 2
209274 0
132758 0
90650 0
242024 0
rep76279 7
84268 0
76283 0
76279 0
76280 0
76282 0
76281 0
76278 0
rep184958 2
186768 0
184958 0
rep111354 2
123751 0
111354 0
rep245480 6
245478 0
245479 0
245481 0
245480 0
253235 0
253236 0
10801 0
rep64575 7
64572 0
64575 0
64577 0
28422 0
64574 0
64576 0
64573 0
rep173070 2
173071 0
173070 0
rep152940 7
152941 0
152955 0
152940 0
118678 0
154430 0
152943 0
152942 0
141242 0
rep121594 2
121594 0
74791 0
7107 0
56811 0
51666 0
74353 0
rep51159 2
51159 0
51160 0
rep70006 5
70009 0
70006 0
70005 0
70008 0
70007 0
rep62579 2
62579 0
62580 0
210536 0
231349 0
rep60002 2
68743 0
60002 0
5893 0
rep155146 9
235810 0
235809 0
30292 0
155147 0
155146 0
235807 0
119735 0
235808 0
235811 0
rep111219 2
111220 0
111219 0
53487 0
236509 0
99973 0
9223 0
143577 0
rep52303 9
5264 0
52301 0
48159 0
52300 0
48160 0
52302 0
48158 0
5263 0
52303 0
rep120894 12
92683 0
92684 0
92686 0
92687 0
120920 0
120898 0
120899 0
120914 0
120895 0
120894 0
120919 0
120915 0
rep68130 7
68130 0
68132 0
68133 0
68129 0
68128 0
68131 0
68127 0
rep207528 6
243108 0
224196 0
245333 0
115365 0
255272 0
207528 0
rep1933 6
234009 0
234006 0
234008 0
234007 0
1933 0
234010 0
rep251717 2
251717 0
251718 0
rep139352 10
139353 0
139373 0
139354 0
139372 0
139352 0
139351 0
39004 0
139371 0
139355 0
139370 0
rep219178 8
83141 0
249743 0
219178 0
249740 0
255543 0
255551 0
255550 0
254100 0
125954 0
rep102855 6
102795 0
104246 0
102855 0
102856 0
102806 0
102858 0
61218 0
161166 0
232713 0
51009 0
33891 0
rep97033 4
97034 0
97035 0
2187 0
97033 0
rep33958 2
33958 0
33959 0
242242 0
56759 0
rep126930 5
126930 0
146559 0
104455 0
210736 0
64613 0
3963 0
rep186778 4
186777 0
186778 0
186780 0
186781 0
rep53308 2
53308 0
53309 0
77569 0
130610 0
228578 0
176096 0
51342 0
rep102557 9
249491 0
249492 0
249523 0
23048 0
102556 0
102557 0
249542 0
102558 0
102559 0
rep161412 2
161413 0
161412 0
52333 0
rep65191 10
65196 0
65194 0
65197 0
65193 0
1855 0
65192 0
65195 0
123535 0
123533 0
65191 0
rep110710 7
110706 0
110707 0
141148 0
110710 0
141146 0
110711 0
141147 0
235187 0
53453 0
144749 0
139421 0
129116 0
110475 0
138728 0
115071 0
121722 0
23241 0
173988 0
185683 0
rep118950 5
92625 0
92624 0
92620 0
118950 0
179336 0
158942 0
rep249730 2
249731 0
249730 0
77187 0
129475 0
207543 0
153807 0
rep39634 18
151551 0
39641 0
154263 0
154258 0
39644 0
151553 0
39639 0
39642 0
39638 0
39643 0
39640 0
39636 0
39637 0
39634 0
39635 0
39645 0
151554 0
151555 0
rep244568 3
244567 0
244568 0
244569 0
56573 0
85449 0
61712 0
221531 0
87246 0
rep58587 2
58589 0
58587 0
242064 0
234253 0
116148 0
185149 0
rep256067 2
256554 0
256067 0
rep154785 4
154783 0
154784 0
154785 0
154786 0
rep132131 5
132131 0
116700 0
132134 0
132133 0
132132 0
90620 0
rep58659 8
58659 0
58664 0
58657 0
58662 0
58661 0
58660 0
58658 0
58666 0
123865 0
236358 0
rep162313 6
162312 0
154921 0
7047 0
38719 0
162313 0
629 0
36499 0
rep193363 6
221410 0
193363 0
221413 0
221412 0
221411 0
221409 0
152728 0
131175 0
116995 0
113173 0
rep164083 7
72479 0
72478 0
164082 0
164083 0
72346 0
164081 0
72345 0
rep33047 5
33049 0
33051 0
33047 0
33050 0
33048 0
rep55813 2
55813 0
64205 0
rep134660 4
255485 0
46109 0
134660 0
255486 0
1187 0
182708 0
rep119722 3
125194 0
120290 0
119722 0
186030 0
151374 0
146478 0
221215 0
rep124721 6
27376 0
124720 0
123223 0
124722 0
124721 0
124723 0
rep118411 5
118432 0
118411 0
118391 0
118412 0
118431 0
rep228548 2
228548 0
228549 0
rep210415 7
210416 0
210415 0
210414 0
210423 0
98645 0
114134 0
98670 0
rep251597 2
251597 0
251599 0
87756 0
rep47884 4
49400 0
7578 0
47884 0
182222 0
rep257622 7
257624 0
257622 0
257606 0
257615 0
257613 0
257626 0
257607 0
rep53291 2
53291 0
53292 0
204868 0
rep182836 2
182837 0
182836 0
rep246160 4
246159 0
246160 0
65620 0
65621 0
108263 0
105040 0
rep3023 2
44050 0
3023 0
68212 0
236484 0
rep133812 2
133812 0
73491 0
rep145918 2
145918 0
158034 0
242464 0
238902 0
90238 0
rep101609 6
101610 0
101611 0
101613 0
52517 0
101612 0
101609 0
253785 0
80575 0
195030 0
rep202339 3
202339 0
202749 0
202717 0
242345 0
35316 0
rep111572 7
111574 0
111569 0
1638 0
111573 0
111570 0
111571 0
111572 0
rep70817 3
70819 0
70820 0
70817 0
3356 0
152973 0
83956 0
195468 0
rep219648 6166
53186 0
255072 0
257093 0
33999 0
222030 0
132399 0
380 0
30096 0
4148 0
104692 0
151782 0
162443 0
198195 0
4001 0
77394 0
202839 0
213130 0
73909 0
57127 0
123640 0
53539 0
29704 0
2335 0
128551 0
258345 0
33850 0
244328 0
247253 0
189188 0
229 0
54888 0
50439 0
45846 0
70801 0
71652 0
160726 0
130918 0
108990 0
180536 0
53026 0
191099 0
5248 0
163328 0
82086 0
56895 0
86855 0
28233 0
92056 0
1228 0
64866 0
35401 0
70090 0
62341 0
145088 0
216354 0
138866 0
62159 0
204765 0
111807 0
158042 0
70104 0
231890 0
133102 0
49419 0
129306 0
120992 0
112905 0
92146 0
111924 0
53415 0
236850 0
173526 0
60130 0
56040 0
179439 0
160724 0
97148 0
103388 0
33487 0
217126 0
195822 0
68758 0
82880 0
50488 0
236833 0
95121 0
126164 0
56940 0
125785 0
193261 0
252758 0
250099 0
235128 0
29851 0
58726 0
52319 0
53540 0
118709 0
80688 0
3002 0
116201 0
139028 0
132976 0
255929 0
185178 0
162010 0
220515 0
237819 0
120217 0
175528 0
236380 0
84877 0
195015 0
258222 0
14178 0
33847 0
77648 0
256129 0
138885 0
215011 0
72658 0
74080 0
158126 0
54904 0
115621 0
196722 0
156104 0
236844 0
74567 0
35404 0
58616 0
65696 0
2828 0
8590 0
60255 0
7415 0
246854 0
177745 0
53254 0
121414 0
36453 0
192822 0
249433 0
185695 0
198086 0
144048 0
129298 0
112809 0
93418 0
73806 0
88954 0
71542 0
58596 0
122974 0
173321 0
174617 0
195016 0
175473 0
178516 0
72636 0
58490 0
226515 0
19555 0
73204 0
68752 0
221955 0
114611 0
86977 0
116602 0
14180 0
144163 0
209880 0
28417 0
35411 0
65697 0
216497 0
79684 0
60516 0
218788 0
58736 0
215716 0
2178 0
210885 0
51225 0
67360 0
58626 0
16061 0
185373 0
168025 0
6498 0
139587 0
186754 0
151885 0
72413 0
178204 0
1846 0
198016 0
168330 0
104874 0
248101 0
138216 0
145587 0
28243 0
164346 0
61990 0
145089 0
132245 0
178821 0
187783 0
60725 0
69007 0
160470 0
49364 0
212835 0
52450 0
81294 0
23887 0
2501 0
113351 0
58709 0
25227 0
100828 0
1790 0
227877 0
38761 0
248882 0
103948 0
214859 0
142968 0
214834 0
53604 0
110669 0
179479 0
49027 0
177786 0
127715 0
52451 0
34295 0
1426 0
156628 0
93412 0
52324 0
96706 0
166605 0
245604 0
51179 0
255882 0
161339 0
154662 0
144650 0
75008 0
56204 0
61270 0
8804 0
254631 0
129496 0
181098 0
73235 0
3415 0
191752 0
65275 0
61060 0
117506 0
65001 0
128379 0
141194 0
224485 0
180558 0
177084 0
257898 0
5717 0
34305 0
171067 0
130779 0
172329 0
211029 0
135651 0
154131 0
244666 0
246935 0
230203 0
115720 0
142966 0
244159 0
234747 0
183194 0
226641 0
1880 0
195871 0
34822 0
98925 0
139240 0
69008 0
195051 0
58530 0
146328 0
103209 0
79750 0
230546 0
33845 0
79885 0
256343 0
152311 0
237039 0
137931 0
172449 0
183533 0
71656 0
80349 0
113996 0
232553 0
58648 0
117429 0
124535 0
225482 0
65269 0
33632 0
54471 0
52952 0
107702 0
255813 0
125783 0
224490 0
15915 0
147575 0
70096 0
254664 0
256571 0
51346 0
98316 0
163997 0
242413 0
256597 0
219957 0
258348 0
8302 0
43095 0
124297 0
79222 0
53416 0
4490 0
60538 0
227715 0
109018 0
114222 0
180520 0
258344 0
67032 0
225490 0
36603 0
154617 0
74532 0
246329 0
49514 0
79314 0
58573 0
215432 0
89000 0
122378 0
193533 0
175837 0
183008 0
104622 0
226117 0
80350 0
4004 0
65263 0
213146 0
71379 0
239331 0
255630 0
177050 0
82888 0
24530 0
71651 0
86177 0
257509 0
130372 0
84139 0
256418 0
191225 0
58485 0
114614 0
115591 0
82513 0
65858 0
125658 0
162148 0
50288 0
96479 0
122272 0
60462 0
127405 0
130370 0
122902 0
220498 0
214405 0
65829 0
172318 0
85541 0
73346 0
230493 0
185315 0
92589 0
251548 0
180464 0
132231 0
228176 0
180524 0
78550 0
75897 0
3601 0
214935 0
96477 0
227148 0
162431 0
51607 0
115924 0
177510 0
243189 0
160468 0
190661 0
109060 0
100641 0
59259 0
248733 0
242484 0
58713 0
186400 0
110665 0
1117 0
78739 0
107572 0
90994 0
191227 0
109131 0
112810 0
202827 0
135149 0
93350 0
50278 0
100420 0
101759 0
7862 0
131471 0
137749 0
180666 0
228816 0
1053 0
113229 0
131079 0
249134 0
177859 0
130340 0
175522 0
160326 0
218602 0
206400 0
130706 0
182 0
62623 0
5875 0
179537 0
53183 0
65039 0
82004 0
197547 0
14754 0
58597 0
96682 0
245813 0
232667 0
181836 0
43092 0
138389 0
244966 0
72632 0
236379 0
154134 0
542 0
231892 0
177761 0
2414 0
109024 0
55997 0
227132 0
166606 0
166915 0
51604 0
189976 0
23347 0
80656 0
127503 0
197194 0
217156 0
56930 0
108993 0
65856 0
48142 0
58753 0
214526 0
242481 0
58714 0
61992 0
58623 0
249762 0
252743 0
154342 0
256429 0
119480 0
101765 0
142964 0
248874 0
182863 0
67946 0
136371 0
68912 0
36228 0
234931 0
91808 0
20472 0
16096 0
182563 0
83910 0
22097 0
102730 0
140372 0
109062 0
253284 0
230162 0
225094 0
74533 0
227799 0
210246 0
61579 0
248734 0
244327 0
62323 0
46999 0
92324 0
14684 0
138110 0
58646 0
175858 0
248405 0
104413 0
124273 0
181897 0
222032 0
128701 0
79219 0
100422 0
231596 0
80881 0
235800 0
146335 0
138722 0
155151 0
143496 0
219641 0
74526 0
169655 0
110316 0
178517 0
108386 0
167893 0
96465 0
246260 0
255915 0
7754 0
230019 0
234748 0
3459 0
51715 0
601 0
235490 0
160428 0
59870 0
75189 0
58576 0
1949 0
98999 0
186402 0
185674 0
111106 0
255329 0
144696 0
232745 0
58708 0
160158 0
213191 0
14609 0
1133 0
65830 0
198014 0
173774 0
186731 0
49516 0
135982 0
114689 0
74503 0
80049 0
131942 0
99956 0
74571 0
25230 0
59946 0
98933 0
171789 0
8843 0
168023 0
162147 0
200524 0
1769 0
51187 0
72610 0
198294 0
75007 0
215663 0
378 0
255122 0
183532 0
113330 0
210667 0
88333 0
36838 0
7491 0
29898 0
95704 0
53255 0
19 0
169903 0
244684 0
7070 0
35405 0
217002 0
79225 0
213149 0
106413 0
73120 0
126996 0
176137 0
175853 0
144300 0
131778 0
174457 0
79216 0
85964 0
79368 0
113997 0
132243 0
229050 0
230128 0
157754 0
181827 0
65133 0
138840 0
103673 0
70809 0
256144 0
66770 0
73681 0
130059 0
134438 0
20477 0
119267 0
211969 0
106416 0
229269 0
173097 0
123854 0
249304 0
258341 0
173188 0
241540 0
81139 0
202838 0
227694 0
67382 0
235044 0
78539 0
10472 0
186395 0
228414 0
51903 0
213136 0
253644 0
163996 0
63070 0
132437 0
116853 0
258346 0
161911 0
106418 0
104599 0
236625 0
258350 0
154532 0
10048 0
20755 0
52264 0
219666 0
185383 0
79026 0
208746 0
105321 0
139102 0
76025 0
50999 0
92813 0
258219 0
257264 0
65890 0
181832 0
109056 0
218790 0
68754 0
236288 0
138134 0
123641 0
163327 0
135681 0
72000 0
58724 0
36833 0
256685 0
132633 0
124649 0
246333 0
160474 0
235984 0
131775 0
98495 0
58705 0
82090 0
256348 0
48109 0
111490 0
115994 0
91385 0
140132 0
244369 0
56675 0
45715 0
35418 0
124564 0
58636 0
210456 0
85637 0
222182 0
104693 0
140987 0
8834 0
131080 0
175136 0
1203 0
130375 0
255115 0
36832 0
114994 0
101766 0
86358 0
29908 0
248401 0
87057 0
56965 0
61259 0
138750 0
49354 0
62621 0
54783 0
48657 0
86275 0
229271 0
53417 0
139025 0
176350 0
216498 0
186406 0
122271 0
140053 0
239838 0
48258 0
216782 0
117485 0
216927 0
20701 0
145037 0
232186 0
121432 0
2839 0
220273 0
219648 0
138313 0
61824 0
126307 0
61312 0
152312 0
161340 0
176211 0
3631 0
55668 0
74512 0
73517 0
58538 0
82410 0
1091 0
141089 0
60272 0
163102 0
226925 0
64831 0
134683 0
123346 0
165954 0
35356 0
55926 0
74575 0
113805 0
100257 0
249716 0
83854 0
117538 0
168027 0
62158 0
126016 0
243804 0
62373 0
86569 0
163276 0
236834 0
14442 0
173084 0
74562 0
131777 0
144255 0
109692 0
242421 0
99627 0
122138 0
210888 0
34959 0
169884 0
233777 0
113394 0
251546 0
440 0
182308 0
58776 0
153257 0
184403 0
121433 0
62999 0
145584 0
67358 0
122861 0
125653 0
219903 0
254659 0
77102 0
173733 0
173096 0
2177 0
152310 0
160324 0
1177 0
102426 0
166905 0
91491 0
209404 0
224483 0
90880 0
256855 0
86359 0
80300 0
83927 0
58745 0
193531 0
231597 0
112779 0
70284 0
226642 0
65701 0
173319 0
93371 0
2523 0
60137 0
121171 0
56192 0
75152 0
52529 0
84055 0
166604 0
86360 0
153975 0
205497 0
162429 0
226738 0
247500 0
231736 0
190802 0
255690 0
239672 0
2955 0
70811 0
124936 0
8330 0
129289 0
58489 0
180463 0
125651 0
219659 0
125108 0
131581 0
27851 0
158043 0
178218 0
236138 0
166926 0
61991 0
80174 0
137737 0
47948 0
196221 0
66831 0
177764 0
178942 0
139239 0
101852 0
8978 0
58570 0
118455 0
81356 0
134670 0
123257 0
213710 0
136737 0
246777 0
61256 0
255058 0
155107 0
67287 0
127619 0
109613 0
49660 0
201692 0
52898 0
72531 0
238224 0
46090 0
181544 0
50216 0
74579 0
86371 0
59905 0
166610 0
232194 0
60692 0
138886 0
52167 0
243449 0
30108 0
108383 0
242417 0
2383 0
120223 0
14176 0
68760 0
175290 0
168377 0
160123 0
139095 0
230403 0
48798 0
106414 0
252750 0
252744 0
153322 0
58565 0
239107 0
136369 0
106417 0
5987 0
196720 0
208292 0
38697 0
49522 0
185163 0
154661 0
242296 0
222295 0
76237 0
76361 0
90069 0
128076 0
166917 0
132241 0
90072 0
56520 0
107619 0
65840 0
60121 0
171938 0
110667 0
88543 0
7022 0
129320 0
192787 0
94037 0
239109 0
96708 0
255836 0
146332 0
247503 0
153438 0
90120 0
138150 0
120511 0
235040 0
58486 0
227716 0
7489 0
145583 0
213167 0
48141 0
106427 0
65403 0
7623 0
126166 0
176171 0
222206 0
28418 0
163274 0
219905 0
217003 0
34000 0
222044 0
28872 0
62648 0
84340 0
60571 0
162189 0
236285 0
218778 0
226921 0
129638 0
2858 0
152405 0
228453 0
213180 0
72630 0
8977 0
160729 0
114615 0
79754 0
155097 0
56963 0
8412 0
175526 0
117406 0
244329 0
147573 0
218581 0
113340 0
113327 0
78902 0
104896 0
112897 0
231880 0
71386 0
74538 0
14260 0
133550 0
245450 0
257964 0
139242 0
93397 0
93183 0
249184 0
220188 0
28296 0
49614 0
203319 0
178478 0
94142 0
206427 0
52452 0
92590 0
55457 0
84872 0
173098 0
163529 0
66771 0
117420 0
64262 0
76796 0
258338 0
152745 0
83061 0
59869 0
195013 0
170898 0
181823 0
57703 0
60777 0
58510 0
233774 0
6380 0
86853 0
191348 0
186397 0
228419 0
213129 0
98680 0
123 0
60756 0
201245 0
229554 0
226923 0
82884 0
58254 0
124560 0
202878 0
151566 0
67383 0
73238 0
213131 0
55226 0
143327 0
192232 0
61818 0
219555 0
69772 0
160591 0
220478 0
8951 0
226479 0
98318 0
60123 0
168131 0
2720 0
62182 0
75926 0
30299 0
104875 0
50438 0
182842 0
242153 0
96683 0
257837 0
130342 0
236836 0
130082 0
54392 0
253647 0
187809 0
230953 0
183531 0
107867 0
113995 0
160097 0
36362 0
139257 0
109378 0
254573 0
123214 0
71657 0
62628 0
199325 0
126997 0
232269 0
160379 0
58619 0
182751 0
230299 0
233763 0
198469 0
59947 0
125781 0
185143 0
29702 0
225501 0
36041 0
103620 0
158832 0
49308 0
227797 0
29710 0
58549 0
125881 0
52328 0
8730 0
255177 0
257313 0
117424 0
113354 0
116615 0
152412 0
171068 0
81798 0
180356 0
138215 0
181824 0
254665 0
100707 0
22307 0
115252 0
177511 0
61033 0
224487 0
226981 0
244316 0
1136 0
101761 0
178476 0
181833 0
173531 0
242483 0
167203 0
103378 0
173836 0
82886 0
193277 0
257311 0
139590 0
255881 0
210947 0
117419 0
163904 0
60016 0
14092 0
45710 0
53529 0
207970 0
174252 0
58599 0
145591 0
113358 0
47970 0
75252 0
176485 0
60470 0
220655 0
61030 0
251617 0
61993 0
58604 0
80047 0
6446 0
176683 0
7854 0
160472 0
213132 0
223166 0
60576 0
112904 0
235035 0
232636 0
102658 0
58635 0
20712 0
1034 0
173192 0
96481 0
62662 0
182821 0
5013 0
1879 0
86714 0
3136 0
133308 0
132281 0
77077 0
33665 0
73912 0
112910 0
208736 0
135657 0
177086 0
124168 0
62651 0
160135 0
6199 0
236835 0
55927 0
255331 0
70092 0
202842 0
125740 0
177267 0
241483 0
53510 0
51186 0
56591 0
69787 0
216468 0
168147 0
114221 0
104868 0
174614 0
58571 0
152308 0
2054 0
163914 0
120812 0
58035 0
137730 0
206568 0
97848 0
230163 0
39991 0
110668 0
126473 0
133132 0
177770 0
51280 0
135150 0
67347 0
52327 0
112677 0
151784 0
28377 0
163334 0
52003 0
93732 0
228275 0
91352 0
36969 0
180539 0
6012 0
108382 0
219652 0
61358 0
214083 0
217125 0
784 0
173094 0
76205 0
205672 0
73906 0
213153 0
58743 0
228273 0
96786 0
202654 0
162197 0
45778 0
35310 0
108385 0
171794 0
185288 0
215705 0
82514 0
226645 0
219655 0
121420 0
27611 0
62642 0
171796 0
57651 0
82088 0
154658 0
64911 0
121069 0
132236 0
83104 0
82862 0
125714 0
62637 0
236098 0
247495 0
178109 0
124124 0
242331 0
199304 0
94613 0
172338 0
136212 0
256146 0
194275 0
134633 0
152468 0
172330 0
27656 0
177857 0
79756 0
49611 0
58758 0
58557 0
241143 0
227518 0
27480 0
147970 0
257312 0
158833 0
86356 0
54123 0
46981 0
169585 0
104694 0
227874 0
58632 0
130341 0
230448 0
73908 0
255232 0
112889 0
121547 0
6753 0
126167 0
114967 0
55038 0
74559 0
8479 0
34387 0
147302 0
79020 0
256346 0
233764 0
113224 0
145589 0
56909 0
6983 0
128694 0
54906 0
212417 0
58700 0
255631 0
74504 0
35352 0
107880 0
35410 0
144331 0
55228 0
233780 0
173083 0
146340 0
193173 0
210948 0
135147 0
160722 0
168022 0
36450 0
49363 0
48675 0
231609 0
48656 0
237451 0
257960 0
177434 0
252372 0
109497 0
2176 0
23108 0
218776 0
125967 0
242295 0
190147 0
255930 0
7788 0
185177 0
85538 0
58503 0
70107 0
124922 0
195012 0
34261 0
61272 0
69106 0
7458 0
130919 0
191973 0
61267 0
172323 0
60384 0
5096 0
785 0
248735 0
245565 0
165922 0
53614 0
178101 0
112900 0
178071 0
79220 0
46022 0
154341 0
2629 0
103619 0
180521 0
164338 0
2827 0
58614 0
90992 0
104213 0
227798 0
119800 0
230955 0
248471 0
67288 0
159238 0
114612 0
247498 0
4771 0
83343 0
144828 0
103614 0
67998 0
155095 0
173530 0
101760 0
238576 0
58723 0
173634 0
62641 0
242284 0
205617 0
151724 0
58601 0
246316 0
125969 0
183987 0
73508 0
124366 0
62244 0
1397 0
65920 0
125786 0
218616 0
24816 0
93423 0
113345 0
180551 0
64595 0
8846 0
70802 0
54451 0
74548 0
154135 0
8485 0
226119 0
85063 0
2001 0
244422 0
16052 0
168026 0
34957 0
122314 0
230134 0
256682 0
2322 0
93188 0
224492 0
55099 0
72656 0
132232 0
5235 0
235999 0
187065 0
349 0
48954 0
239839 0
218252 0
244647 0
153260 0
100202 0
74557 0
215710 0
1632 0
102006 0
82005 0
68756 0
210886 0
62534 0
192506 0
92848 0
152090 0
86856 0
82089 0
11968 0
237521 0
241732 0
233136 0
222468 0
57504 0
113346 0
61068 0
15913 0
249452 0
228177 0
173532 0
212909 0
39810 0
210668 0
111955 0
100419 0
53250 0
61388 0
230121 0
65608 0
237 0
192512 0
84339 0
255834 0
82087 0
2449 0
33994 0
86005 0
185394 0
51801 0
139477 0
112894 0
248855 0
75005 0
74468 0
60574 0
240119 0
163989 0
51118 0
65695 0
74520 0
237049 0
53000 0
51612 0
62650 0
187810 0
231889 0
60964 0
200520 0
227889 0
243053 0
5232 0
43094 0
173143 0
56893 0
111804 0
139103 0
230414 0
118581 0
48671 0
255341 0
87059 0
73799 0
74552 0
81437 0
34001 0
135656 0
68767 0
176172 0
1398 0
46133 0
73815 0
50517 0
156643 0
129317 0
14710 0
73203 0
132632 0
40028 0
125885 0
68601 0
35338 0
192823 0
178515 0
107618 0
173314 0
56590 0
58683 0
86645 0
154796 0
5776 0
179328 0
131776 0
37228 0
174556 0
27471 0
58569 0
215470 0
93725 0
210676 0
218782 0
211893 0
27869 0
220492 0
107617 0
136102 0
46738 0
92315 0
51377 0
84142 0
256684 0
162428 0
79752 0
6382 0
85391 0
180525 0
140235 0
65854 0
50534 0
160716 0
90997 0
180663 0
76026 0
100019 0
256342 0
192779 0
46019 0
107862 0
6047 0
154252 0
131962 0
53710 0
139474 0
222047 0
96482 0
207078 0
1156 0
211399 0
204672 0
57879 0
255333 0
220477 0
62568 0
8844 0
171064 0
226922 0
255182 0
256686 0
123502 0
115721 0
182534 0
112908 0
492 0
162348 0
48760 0
56931 0
61823 0
2694 0
228356 0
59384 0
80764 0
121425 0
82337 0
112891 0
67359 0
219645 0
147572 0
125971 0
453 0
145649 0
73800 0
214080 0
60735 0
84138 0
56538 0
107021 0
39683 0
153058 0
213144 0
143411 0
74079 0
108701 0
110670 0
135983 0
49447 0
117417 0
53057 0
127404 0
100824 0
58574 0
233274 0
214528 0
152746 0
96787 0
98186 0
238881 0
226980 0
193805 0
62630 0
60471 0
141196 0
57889 0
182253 0
256569 0
133306 0
197952 0
62665 0
249669 0
144829 0
61820 0
33865 0
237123 0
115728 0
92081 0
121413 0
180538 0
93727 0
76239 0
74529 0
54841 0
120813 0
198067 0
117664 0
121416 0
156927 0
161418 0
6497 0
103676 0
129487 0
242293 0
91574 0
74510 0
219697 0
79755 0
180359 0
53059 0
58543 0
6922 0
123852 0
55079 0
7863 0
183527 0
216501 0
210895 0
255327 0
111076 0
49009 0
110503 0
62378 0
254462 0
103387 0
139241 0
116536 0
165141 0
213157 0
10503 0
146337 0
48521 0
138887 0
60884 0
173524 0
52277 0
178819 0
62635 0
237452 0
240117 0
113803 0
139029 0
184400 0
93185 0
227448 0
108974 0
73337 0
216955 0
198319 0
257510 0
195058 0
113989 0
235934 0
65921 0
109382 0
151779 0
83029 0
5283 0
205577 0
154133 0
256852 0
187067 0
248218 0
127830 0
97783 0
247438 0
60006 0
34380 0
57881 0
52734 0
3499 0
594 0
210977 0
126314 0
73507 0
55029 0
65703 0
25320 0
161924 0
71388 0
28338 0
107080 0
86172 0
132668 0
239841 0
140760 0
72764 0
254673 0
114218 0
153436 0
58077 0
58544 0
88190 0
33631 0
56626 0
34956 0
246332 0
233760 0
249306 0
14606 0
179089 0
211976 0
84881 0
230258 0
212167 0
141091 0
62756 0
194602 0
58533 0
25547 0
64854 0
107354 0
174561 0
186117 0
134858 0
182722 0
213360 0
58563 0
104264 0
145104 0
213138 0
123665 0
139586 0
2502 0
76656 0
108388 0
70105 0
122455 0
160464 0
102336 0
72637 0
255053 0
180028 0
251865 0
182305 0
140761 0
2212 0
143409 0
218538 0
53150 0
59090 0
73506 0
31941 0
211188 0
57883 0
121733 0
227519 0
162425 0
69774 0
58647 0
1129 0
138842 0
240575 0
112896 0
241578 0
73797 0
30515 0
234024 0
257687 0
258347 0
231383 0
123855 0
4212 0
175275 0
182862 0
90071 0
129805 0
57752 0
58572 0
6632 0
162608 0
59940 0
62657 0
79024 0
1847 0
245562 0
125655 0
142965 0
16885 0
23196 0
60795 0
230416 0
231598 0
6013 0
56157 0
58625 0
208293 0
236001 0
58038 0
48255 0
129319 0
228415 0
239630 0
104412 0
212656 0
235924 0
32263 0
61255 0
6975 0
195049 0
79690 0
131891 0
203321 0
218553 0
238801 0
169780 0
93936 0
144117 0
256349 0
58308 0
178213 0
116616 0
77393 0
94137 0
61801 0
246280 0
244675 0
214078 0
113359 0
96710 0
70800 0
245722 0
241144 0
216844 0
208478 0
181830 0
142467 0
176038 0
186398 0
122888 0
254617 0
84937 0
91806 0
212176 0
86099 0
101762 0
250486 0
36043 0
186509 0
152023 0
221913 0
73505 0
73425 0
14258 0
120227 0
76238 0
218780 0
157488 0
65338 0
173601 0
75188 0
237523 0
230653 0
14577 0
67030 0
70895 0
246028 0
134734 0
74516 0
62996 0
59383 0
212908 0
167204 0
162435 0
134736 0
227011 0
222045 0
227185 0
187398 0
183993 0
246006 0
104869 0
19423 0
147969 0
90881 0
96480 0
27862 0
122240 0
172215 0
246650 0
57951 0
67384 0
48254 0
8980 0
140376 0
81344 0
244918 0
86602 0
80876 0
249346 0
1396 0
243290 0
61708 0
7501 0
90285 0
245819 0
36074 0
72609 0
186758 0
194274 0
95793 0
248395 0
258342 0
231409 0
14825 0
201552 0
52955 0
113357 0
184399 0
122935 0
113348 0
58746 0
212814 0
206561 0
145126 0
125965 0
57125 0
138212 0
107574 0
147580 0
88194 0
61419 0
233135 0
22544 0
36080 0
135613 0
107293 0
242255 0
119291 0
213155 0
76037 0
215654 0
62661 0
130058 0
254647 0
161813 0
185153 0
121428 0
107740 0
84053 0
222296 0
125851 0
241141 0
2092 0
182977 0
62119 0
79386 0
256145 0
85203 0
57660 0
87058 0
36836 0
61383 0
4520 0
192824 0
23814 0
227544 0
135737 0
183992 0
174698 0
96705 0
186 0
56568 0
1793 0
202835 0
70102 0
60320 0
139243 0
227873 0
237522 0
1894 0
213128 0
109061 0
200523 0
218615 0
177748 0
252757 0
80366 0
94791 0
11966 0
62644 0
62130 0
56927 0
74086 0
63869 0
169661 0
160487 0
90987 0
55143 0
67816 0
208482 0
193749 0
62401 0
2866 0
34960 0
254660 0
71579 0
100620 0
1892 0
2106 0
61989 0
58509 0
58609 0
138384 0
52129 0
51221 0
221152 0
65828 0
64238 0
173529 0
215708 0
138753 0
85219 0
138837 0
197169 0
87056 0
139104 0
231232 0
207337 0
91576 0
2374 0
176049 0
35407 0
248654 0
162005 0
74577 0
139402 0
185698 0
96851 0
58707 0
125314 0
38822 0
199302 0
211373 0
182729 0
49434 0
172119 0
82489 0
204060 0
172319 0
170905 0
74502 0
61418 0
2183 0
107022 0
254600 0
124553 0
139238 0
175185 0
91382 0
114223 0
232743 0
161910 0
114057 0
233695 0
133360 0
92586 0
58624 0
35354 0
212084 0
70807 0
31942 0
7086 0
186740 0
82018 0
172336 0
128251 0
1970 0
178098 0
106426 0
244686 0
163910 0
145080 0
65813 0
5669 0
99769 0
5581 0
85657 0
61258 0
96695 0
121412 0
126501 0
172327 0
66048 0
58701 0
144046 0
207339 0
139254 0
179617 0
74554 0
230424 0
113618 0
93187 0
218470 0
233782 0
211025 0
136582 0
248800 0
126760 0
211030 0
120814 0
179100 0
141195 0
236074 0
135659 0
104418 0
162990 0
62185 0
86852 0
62183 0
97847 0
180557 0
93186 0
62128 0
254661 0
235032 0
183057 0
3238 0
84879 0
218042 0
49518 0
115032 0
233667 0
63067 0
219790 0
230539 0
11965 0
31926 0
55975 0
113508 0
34958 0
118219 0
129825 0
51204 0
22342 0
173000 0
63637 0
132195 0
210892 0
244646 0
145592 0
116603 0
135148 0
143823 0
67033 0
220488 0
1819 0
230447 0
194273 0
175524 0
255330 0
1498 0
133073 0
192928 0
231592 0
227930 0
62758 0
5716 0
5432 0
48967 0
242482 0
84127 0
138211 0
3817 0
22095 0
153060 0
114695 0
138836 0
163277 0
257503 0
85079 0
195018 0
52165 0
58579 0
74539 0
240576 0
53712 0
122103 0
70098 0
178475 0
185179 0
100421 0
106415 0
75927 0
100423 0
58553 0
181735 0
30628 0
176681 0
56929 0
230006 0
56205 0
248399 0
242333 0
117226 0
60575 0
14557 0
63638 0
11900 0
69009 0
158835 0
86854 0
74572 0
1791 0
132247 0
82890 0
133549 0
183990 0
183149 0
20483 0
6954 0
242443 0
58670 0
8837 0
162434 0
136583 0
78562 0
154566 0
96709 0
16897 0
193528 0
101208 0
196721 0
230596 0
92796 0
257372 0
209878 0
91807 0
62068 0
61269 0
153641 0
70101 0
227522 0
74550 0
141216 0
226929 0
34386 0
143692 0
107024 0
70082 0
65700 0
73464 0
135453 0
242289 0
3106 0
124565 0
78538 0
31943 0
7956 0
110077 0
138862 0
6999 0
241554 0
48107 0
5214 0
183530 0
123659 0
122142 0
5333 0
122121 0
239629 0
56565 0
215431 0
118514 0
198313 0
60573 0
256756 0
217518 0
194547 0
163275 0
56211 0
57212 0
1040 0
58514 0
179234 0
82019 0
254630 0
92246 0
166913 0
285 0
62636 0
54799 0
51142 0
58641 0
167842 0
93562 0
220506 0
23811 0
85548 0
202833 0
127502 0
180549 0
6053 0
637 0
56894 0
58679 0
35419 0
27697 0
214176 0
58762 0
67361 0
175272 0
138890 0
225484 0
180552 0
88305 0
77644 0
122843 0
67763 0
107600 0
238701 0
70810 0
13677 0
107884 0
1134 0
128494 0
242420 0
128645 0
89759 0
177765 0
70091 0
77647 0
242291 0
242480 0
126528 0
112781 0
175472 0
255234 0
117421 0
191437 0
117559 0
249409 0
202841 0
216648 0
112019 0
73233 0
113366 0
138214 0
210884 0
84882 0
196411 0
58685 0
168294 0
61561 0
62507 0
96854 0
55089 0
147300 0
132657 0
40098 0
245453 0
191302 0
51222 0
165224 0
42965 0
138865 0
116610 0
124648 0
144015 0
169779 0
128704 0
212220 0
226924 0
73241 0
107118 0
227187 0
134631 0
243060 0
79935 0
162660 0
29716 0
35416 0
8776 0
89048 0
95660 0
215433 0
58761 0
125782 0
76732 0
205325 0
28982 0
214079 0
153325 0
80351 0
138864 0
115927 0
104870 0
230201 0
182363 0
64593 0
82411 0
247981 0
211189 0
56672 0
227130 0
221150 0
239744 0
78540 0
248398 0
202843 0
112895 0
226978 0
153437 0
74521 0
212085 0
211892 0
49438 0
74386 0
167201 0
232741 0
233696 0
173874 0
254672 0
45991 0
43096 0
84883 0
125657 0
133064 0
81145 0
80242 0
59245 0
109023 0
236626 0
74507 0
228531 0
49711 0
138 0
57891 0
52163 0
159578 0
224496 0
76036 0
7019 0
82002 0
198066 0
132233 0
116614 0
233272 0
79217 0
52072 0
57535 0
230160 0
8981 0
71673 0
86881 0
1914 0
86799 0
137580 0
175277 0
80662 0
74915 0
88192 0
246851 0
167572 0
135876 0
43093 0
129495 0
162011 0
58578 0
185317 0
92587 0
237037 0
5361 0
89581 0
74513 0
4685 0
108602 0
219955 0
60383 0
231891 0
88932 0
114696 0
183529 0
91572 0
67031 0
196738 0
90070 0
216240 0
113360 0
122313 0
112269 0
257720 0
219766 0
91383 0
66183 0
17936 0
183556 0
62633 0
240578 0
38679 0
72412 0
249621 0
58773 0
174251 0
187217 0
96852 0
186756 0
248102 0
221954 0
178388 0
124367 0
35406 0
253851 0
242294 0
94143 0
58564 0
135080 0
1688 0
49362 0
108996 0
144121 0
147301 0
62544 0
185086 0
140052 0
27699 0
93414 0
254621 0
91571 0
237720 0
58644 0
57543 0
153111 0
147577 0
145532 0
135074 0
114850 0
35408 0
118255 0
180357 0
94793 0
197548 0
99140 0
110671 0
144299 0
55553 0
222470 0
80878 0
196719 0
68753 0
151781 0
27608 0
183534 0
70080 0
2731 0
185395 0
52321 0
138213 0
62658 0
169803 0
51611 0
132411 0
157489 0
162006 0
59894 0
220268 0
52149 0
101647 0
139407 0
57211 0
84141 0
91380 0
119269 0
196724 0
224495 0
123971 0
34683 0
182397 0
185209 0
130084 0
66057 0
114217 0
255342 0
81277 0
48253 0
172214 0
105309 0
163326 0
8728 0
160721 0
180542 0
36459 0
162427 0
229166 0
210890 0
53464 0
64138 0
102732 0
184402 0
69771 0
226513 0
104695 0
58676 0
179240 0
177800 0
163626 0
70742 0
107275 0
167202 0
174563 0
152080 0
49515 0
173317 0
52409 0
257468 0
210672 0
171065 0
122236 0
108730 0
40051 0
131081 0
2194 0
113362 0
5044 0
145086 0
152402 0
145084 0
129846 0
226080 0
74558 0
172217 0
55037 0
56566 0
2163 0
7357 0
70806 0
158040 0
173981 0
209873 0
65771 0
186757 0
68771 0
34947 0
55249 0
245814 0
35417 0
140375 0
1026 0
139588 0
140374 0
166916 0
58628 0
227149 0
211896 0
10790 0
78972 0
156289 0
85263 0
112901 0
5171 0
151723 0
18074 0
135985 0
128604 0
154654 0
241716 0
166912 0
54987 0
180462 0
84875 0
33191 0
181322 0
152426 0
256754 0
38874 0
100100 0
180870 0
54903 0
166609 0
253572 0
94305 0
62632 0
127013 0
58706 0
9964 0
252459 0
97952 0
213140 0
57544 0
104414 0
125821 0
118256 0
156642 0
124359 0
72768 0
163337 0
172325 0
77417 0
128392 0
65339 0
233658 0
174109 0
74560 0
121741 0
246778 0
187551 0
14153 0
182754 0
73461 0
154343 0
222467 0
79227 0
22559 0
113201 0
194276 0
132669 0
227515 0
103674 0
90 0
216241 0
175595 0
147574 0
178477 0
117791 0
83382 0
248729 0
123369 0
204631 0
133305 0
2179 0
56531 0
175291 0
69888 0
191426 0
103533 0
163927 0
8985 0
194628 0
144697 0
52190 0
88193 0
123497 0
124534 0
73003 0
179921 0
177085 0
238453 0
65922 0
80048 0
1146 0
113355 0
177763 0
75006 0
70084 0
76035 0
163984 0
129468 0
139256 0
84558 0
65405 0
180541 0
82511 0
69006 0
118705 0
132246 0
14608 0
222469 0
63048 0
26007 0
233694 0
96850 0
219959 0
179210 0
169887 0
1400 0
50440 0
58688 0
218554 0
118704 0
188107 0
255181 0
35415 0
229256 0
212816 0
94792 0
3757 0
60472 0
212815 0
114613 0
66247 0
163987 0
154345 0
70106 0
38156 0
136655 0
8724 0
207075 0
48252 0
117418 0
111 0
56939 0
79908 0
180546 0
141310 0
216539 0
252748 0
62374 0
1946 0
166914 0
20888 0
74544 0
232744 0
74542 0
122803 0
106425 0
173082 0
256347 0
249686 0
171066 0
47078 0
34841 0
131420 0
161 0
62998 0
56210 0
37197 0
56628 0
185643 0
93073 0
112857 0
210883 0
2117 0
172438 0
254595 0
171069 0
46024 0
7618 0
58505 0
124365 0
178110 0
65707 0
211895 0
35413 0
103923 0
144699 0
106428 0
161427 0
212179 0
239633 0
46087 0
142149 0
175733 0
167979 0
241912 0
106807 0
215560 0
113347 0
51112 0
34302 0
119290 0
173187 0
242253 0
211894 0
176503 0
36835 0
8984 0
110666 0
84878 0
58727 0
96853 0
28412 0
207972 0
235033 0
96687 0
185078 0
9775 0
13671 0
73802 0
226118 0
56960 0
129493 0
27861 0
182362 0
136103 0
104275 0
210472 0
138720 0
185632 0
200506 0
54979 0
226130 0
73453 0
246852 0
91384 0
236099 0
121424 0
84140 0
120806 0
254935 0
86122 0
244676 0
246272 0
53001 0
121734 0
98474 0
78143 0
82091 0
109126 0
216355 0
152948 0
53713 0
166990 0
274 0
64591 0
179256 0
11781 0
140387 0
71659 0
247440 0
147581 0
180523 0
216876 0
213152 0
249043 0
59830 0
139478 0
143819 0
2324 0
134169 0
45709 0
58504 0
144120 0
162188 0
68750 0
253643 0
180140 0
219902 0
94373 0
139035 0
244315 0
93417 0
115729 0
111860 0
192616 0
60533 0
108994 0
65699 0
205618 0
256993 0
198295 0
178820 0
79688 0
257719 0
94088 0
121742 0
130278 0
180532 0
176173 0
38712 0
245396 0
210891 0
202831 0
50326 0
55036 0
129696 0
172328 0
85810 0
52188 0
145586 0
257315 0
125659 0
180665 0
133063 0
230198 0
118713 0
124182 0
207058 0
123176 0
58678 0
137729 0
213150 0
252746 0
241579 0
145129 0
68755 0
56217 0
88311 0
52071 0
186760 0
172334 0
64413 0
49355 0
161832 0
193283 0
109030 0
17341 0
146329 0
129307 0
226658 0
230256 0
53810 0
207294 0
35403 0
93903 0
103680 0
146351 0
138863 0
53414 0
192778 0
115559 0
143548 0
79694 0
249095 0
7053 0
111954 0
78832 0
248731 0
128547 0
131083 0
84950 0
238013 0
141092 0
55112 0
80348 0
243058 0
60581 0
186405 0
218039 0
182755 0
173525 0
36763 0
233539 0
129486 0
174613 0
78057 0
35355 0
3987 0
70100 0
255835 0
207969 0
56623 0
125784 0
64367 0
90299 0
101483 0
238281 0
136480 0
22493 0
60701 0
113204 0
96677 0
51606 0
73231 0
212580 0
105552 0
210893 0
121426 0
56542 0
153120 0
90884 0
141052 0
226380 0
116183 0
72660 0
67029 0
54434 0
74574 0
46987 0
31924 0
35414 0
5649 0
100861 0
146330 0
52379 0
59729 0
161198 0
145081 0
57838 0
164090 0
180553 0
57794 0
231175 0
135738 0
113802 0
103371 0
74576 0
58351 0
230654 0
124566 0
69270 0
218555 0
64269 0
186404 0
162433 0
13589 0
91342 0
5614 0
180550 0
48111 0
33846 0
72645 0
117521 0
140371 0
57515 0
179983 0
638 0
211027 0
1175 0
83216 0
138321 0
249695 0
52189 0
86354 0
212813 0
163336 0
47791 0
313 0
53806 0
118702 0
50548 0
68772 0
132124 0
84874 0
66180 0
73192 0
145101 0
217535 0
255332 0
182980 0
919 0
134671 0
113341 0
59788 0
118062 0
121732 0
254574 0
4613 0
248397 0
246331 0
163329 0
218040 0
187516 0
31938 0
98187 0
85656 0
237710 0
206426 0
64536 0
36288 0
17934 0
113326 0
61057 0
219785 0
101649 0
62616 0
211955 0
113328 0
91212 0
64596 0
100606 0
213137 0
55252 0
118063 0
52318 0
154875 0
129961 0
48256 0
38196 0
133320 0
134307 0
127579 0
132238 0
79884 0
53287 0
248732 0
103949 0
67034 0
129760 0
241145 0
92945 0
17904 0
218693 0
18227 0
142978 0
177801 0
180537 0
64855 0
64273 0
210981 0
198015 0
127743 0
227739 0
58204 0
163325 0
248728 0
227516 0
130371 0
48139 0
191373 0
113205 0
131964 0
62622 0
210887 0
180535 0
244645 0
230980 0
2418 0
229947 0
45479 0
175289 0
133307 0
74599 0
172324 0
179613 0
77640 0
153880 0
171787 0
249110 0
58529 0
69039 0
227880 0
145539 0
54995 0
212846 0
112892 0
248406 0
62618 0
34008 0
80660 0
138124 0
65134 0
98974 0
118097 0
241171 0
180543 0
112890 0
258352 0
20754 0
107006 0
158825 0
132667 0
75010 0
100642 0
255821 0
49517 0
256988 0
62631 0
107870 0
55025 0
121430 0
2196 0
58650 0
145087 0
130472 0
163330 0
134632 0
59826 0
214393 0
2636 0
257866 0
54124 0
220162 0
90932 0
55554 0
137928 0
8407 0
244365 0
13939 0
57841 0
253561 0
206438 0
255815 0
183010 0
222758 0
230159 0
102709 0
58689 0
79751 0
7054 0
212639 0
53709 0
86353 0
129734 0
224491 0
238379 0
216926 0
258351 0
93733 0
173318 0
254639 0
231590 0
119342 0
68985 0
2572 0
115722 0
166900 0
252375 0
255691 0
237616 0
58606 0
154797 0
137577 0
208294 0
121997 0
138711 0
107020 0
243052 0
187534 0
180531 0
54391 0
69269 0
138754 0
117554 0
244157 0
154656 0
249620 0
46985 0
102619 0
8620 0
2422 0
174616 0
249105 0
222185 0
121616 0
226979 0
51019 0
138320 0
65825 0
207077 0
47928 0
155877 0
215706 0
27473 0
7148 0
57809 0
1339 0
124536 0
196723 0
161426 0
31930 0
162014 0
129485 0
58567 0
219901 0
229049 0
52160 0
2697 0
74085 0
254937 0
160476 0
87787 0
117422 0
84876 0
49520 0
237348 0
216781 0
236100 0
248400 0
198068 0
2423 0
30171 0
88902 0
180528 0
219643 0
175862 0
68768 0
145234 0
11546 0
51064 0
209616 0
4080 0
105279 0
122270 0
114697 0
180355 0
140131 0
220269 0
131892 0
248403 0
90989 0
227891 0
52714 0
180540 0
154137 0
52386 0
181825 0
202844 0
153504 0
187070 0
200505 0
81415 0
109058 0
83256 0
732 0
165953 0
96788 0
99721 0
180534 0
103675 0
2119 0
58608 0
96342 0
180147 0
139026 0
23109 0
127057 0
68757 0
57109 0
74524 0
1690 0
73907 0
194631 0
199306 0
83318 0
64031 0
131963 0
108561 0
232442 0
50985 0
145127 0
65862 0
60254 0
210674 0
147971 0
242249 0
192820 0
476 0
218791 0
58774 0
232723 0
13663 0
56898 0
227523 0
43089 0
100484 0
6002 0
39949 0
109055 0
226740 0
214571 0
62639 0
201243 0
161836 0
252484 0
7340 0
247391 0
97478 0
115314 0
212847 0
37233 0
8451 0
113993 0
6480 0
230106 0
112903 0
85738 0
121418 0
216590 0
242288 0
58556 0
62289 0
18427 0
183555 0
152950 0
35409 0
63080 0
135684 0
23021 0
196412 0
122613 0
56868 0
247434 0
253849 0
125654 0
225907 0
178765 0
154818 0
125822 0
219642 0
152307 0
79933 0
92794 0
249777 0
84054 0
63066 0
76236 0
186394 0
243238 0
139027 0
55988 0
129845 0
58639 0
246259 0
217127 0
120757 0
113499 0
58483 0
109811 0
163332 0
6508 0
6350 0
108995 0
53252 0
113405 0
154132 0
185095 0
187812 0
74505 0
180664 0
177052 0
129912 0
161433 0
46161 0
205506 0
140373 0
255178 0
227449 0
233271 0
73729 0
53603 0
166607 0
58728 0
122951 0
210982 0
101479 0
88200 0
224494 0
94136 0
97475 0
213135 0
129625 0
240574 0
138712 0
152404 0
257490 0
60577 0
180948 0
243803 0
161913 0
52069 0
215707 0
113361 0
86980 0
85967 0
58554 0
103950 0
190145 0
187212 0
112555 0
62643 0
104511 0
129318 0
1803 0
158041 0
183557 0
131078 0
84740 0
72631 0
181800 0
94140 0
62344 0
228417 0
70094 0
25192 0
36082 0
221953 0
84871 0
139473 0
240118 0
1051 0
228420 0
254668 0
122102 0
231176 0
113994 0
246654 0
174460 0
4090 0
115560 0
17903 0
181826 0
113352 0
178790 0
710 0
230543 0
72023 0
128099 0
73462 0
5284 0
167591 0
62982 0
75860 0
114126 0
102841 0
195048 0
230257 0
106313 0
216649 0
32357 0
51681 0
50536 0
103210 0
125970 0
52195 0
2421 0
202655 0
56241 0
74543 0
51020 0
74530 0
130 0
60796 0
176684 0
178105 0
161336 0
151888 0
51189 0
202657 0
118092 0
231883 0
113365 0
123690 0
58594 0
124271 0
220281 0
211974 0
2992 0
35351 0
166904 0
94035 0
130083 0
132235 0
216352 0
8982 0
74566 0
153116 0
10553 0
185357 0
72364 0
145540 0
80858 0
182752 0
114320 0
97145 0
167892 0
68764 0
82515 0
239108 0
230107 0
228183 0
238688 0
62660 0
99563 0
187069 0
146338 0
213709 0
30298 0
121736 0
231595 0
30132 0
172431 0
205644 0
227927 0
71658 0
236066 0
136624 0
154251 0
180358 0
102310 0
83374 0
215100 0
155098 0
182820 0
183012 0
118257 0
230114 0
152403 0
60537 0
239328 0
65832 0
153320 0
58637 0
91067 0
86979 0
117486 0
185186 0
74631 0
180548 0
106422 0
213156 0
204097 0
139101 0
56928 0
255411 0
182432 0
124360 0
256148 0
74470 0
38189 0
57079 0
53711 0
202907 0
109471 0
144768 0
6509 0
1267 0
216451 0
254658 0
1288 0
27465 0
117558 0
134630 0
240930 0
125966 0
144326 0
104415 0
30169 0
79224 0
213145 0
145585 0
88198 0
1260 0
78561 0
130339 0
52187 0
138317 0
37171 0
152082 0
216356 0
107036 0
166902 0
500 0
107741 0
38608 0
227157 0
216495 0
191687 0
183989 0
10027 0
240577 0
105281 0
58674 0
60726 0
213354 0
234027 0
135984 0
5008 0
133070 0
256128 0
104640 0
72657 0
101406 0
133104 0
87811 0
249044 0
121738 0
175274 0
80852 0
194283 0
209518 0
164986 0
181835 0
151792 0
124532 0
208475 0
244682 0
4676 0
233386 0
62619 0
74511 0
96676 0
118712 0
253283 0
82722 0
57548 0
35251 0
63108 0
246263 0
100818 0
60845 0
55636 0
93399 0
182978 0
53716 0
209879 0
244160 0
92815 0
56771 0
60117 0
152427 0
62656 0
74633 0
124272 0
139487 0
244254 0
205616 0
153442 0
154663 0
1565 0
138312 0
58487 0
58546 0
121422 0
212645 0
247176 0
168219 0
246776 0
6145 0
96849 0
127406 0
111673 0
183007 0
162008 0
180556 0
35402 0
74537 0
210937 0
231593 0
79930 0
61928 0
48864 0
213182 0
215717 0
159684 0
58513 0
254936 0
2465 0
120216 0
155086 0
129608 0
96686 0
80363 0
179615 0
244683 0
203320 0
56942 0
6378 0
122243 0
183988 0
48251 0
34307 0
137701 0
1599 0
238278 0
45712 0
251549 0
1286 0
126998 0
111956 0
143691 0
254642 0
258343 0
22523 0
242486 0
82003 0
176682 0
114647 0
85721 0
60122 0
1423 0
83329 0
255926 0
51362 0
70778 0
388 0
88191 0
125852 0
180527 0
58725 0
5715 0
163335 0
74083 0
72634 0
130744 0
138709 0
52812 0
74570 0
210669 0
55556 0
229828 0
93563 0
108852 0
173527 0
173397 0
113804 0
57877 0
219651 0
135682 0
85163 0
207060 0
179524 0
147578 0
65910 0
194552 0
122542 0
65698 0
86459 0
181831 0
180529 0
120944 0
255328 0
205827 0
228637 0
100621 0
176210 0
160162 0
8983 0
216353 0
96684 0
126589 0
202836 0
58535 0
74535 0
204047 0
83257 0
218580 0
107873 0
152313 0
197433 0
112302 0
88196 0
55628 0
130897 0
236998 0
142465 0
65772 0
248655 0
54394 0
201247 0
161432 0
59906 0
239840 0
254050 0
104002 0
219653 0
59844 0
173464 0
3606 0
214569 0
133105 0
228405 0
8955 0
58548 0
55664 0
90075 0
1972 0
59973 0
207293 0
16016 0
255118 0
1564 0
74568 0
82882 0
31368 0
255928 0
193804 0
163356 0
215718 0
50372 0
57878 0
126995 0
56530 0
58741 0
94138 0
157487 0
125972 0
74546 0
89052 0
770 0
231608 0
92317 0
211967 0
60385 0
244678 0
257511 0
78458 0
249434 0
236101 0
189571 0
80659 0
210889 0
69223 0
85215 0
237449 0
229142 0
228418 0
247442 0
174249 0
39752 0
123689 0
70088 0
74531 0
98547 0
2728 0
14197 0
70097 0
2880 0
1586 0
74525 0
211175 0
187238 0
162426 0
182701 0
222048 0
135617 0
175734 0
104639 0
218579 0
98550 0
158834 0
233320 0
249856 0
120224 0
64402 0
72530 0
256450 0
1246 0
180032 0
103211 0
180530 0
152400 0
242332 0
220486 0
125656 0
70109 0
237627 0
185441 0
115139 0
83528 0
94218 0
51674 0
219654 0
88197 0
48896 0
125973 0
70027 0
256344 0
69038 0
79366 0
58704 0
5586 0
58610 0
156933 0
166903 0
167891 0
1029 0
254934 0
123658 0
1753 0
154657 0
154871 0
16861 0
104980 0
58566 0
167535 0
52070 0
101648 0
62051 0
130376 0
1689 0
96174 0
81603 0
145083 0
256582 0
108389 0
243979 0
179535 0
225391 0
51577 0
117556 0
109059 0
256139 0
175276 0
236287 0
227972 0
34460 0
3557 0
58797 0
69889 0
180554 0
108992 0
131472 0
175836 0
133228 0
230167 0
177512 0
93802 0
128380 0
225822 0
58629 0
157484 0
72643 0
216852 0
60578 0
91974 0
79218 0
56867 0
51802 0
79714 0
86176 0
241146 0
235050 0
57114 0
113807 0
57880 0
7918 0
109399 0
255246 0
245049 0
2424 0
132436 0
139120 0
172212 0
153119 0
199329 0
74205 0
256127 0
119467 0
256537 0
80674 0
178203 0
55990 0
75227 0
50542 0
72649 0
244266 0
99193 0
218692 0
145588 0
256755 0
179319 0
192821 0
242254 0
72411 0
92216 0
5835 0
216671 0
122045 0
60914 0
62402 0
145232 0
102337 0
63433 0
241855 0
49435 0
178193 0
139476 0
50155 0
52553 0
54571 0
91575 0
124123 0
53182 0
255633 0
82488 0
133309 0
216182 0
158611 0
52307 0
14498 0
66301 0
93419 0
70997 0
213154 0
33849 0
138756 0
114021 0
109028 0
163911 0
102687 0
215076 0
218600 0
84341 0
72644 0
135612 0
58600 0
10056 0
4146 0
257690 0
3325 0
127618 0
172316 0
248219 0
58536 0
48519 0
22003 0
235935 0
91577 0
182984 0
74555 0
139559 0
574 0
171102 0
175271 0
244158 0
2380 0
166901 0
121417 0
80172 0
224239 0
74509 0
191897 0
74914 0
86357 0
246121 0
62448 0
96707 0
115923 0
104866 0
11975 0
236861 0
85082 0
180545 0
186401 0
123657 0
222757 0
8726 0
51141 0
57876 0
46694 0
82084 0
256153 0
158831 0
192744 0
235043 0
227155 0
109809 0
80364 0
85966 0
7294 0
230161 0
218689 0
3483 0
183063 0
165210 0
92865 0
115557 0
136370 0
144315 0
124563 0
213139 0
50435 0
201244 0
225138 0
237413 0
7191 0
51264 0
77916 0
14824 0
85201 0
157486 0
3172 0
112778 0
240115 0
200522 0
97443 0
201246 0
121618 0
109125 0
220516 0
113331 0
133071 0
118707 0
187214 0
1270 0
131893 0
187211 0
242442 0
23202 0
226646 0
257679 0
242485 0
117555 0
5714 0
194632 0
109472 0
124530 0
27444 0
30101 0
56589 0
184398 0
173870 0
74540 0
34827 0
180519 0
218577 0
58496 0
786 0
37861 0
180280 0
3991 0
62326 0
103372 0
113349 0
114254 0
153440 0
39834 0
244308 0
105280 0
54238 0
115922 0
178514 0
178808 0
117487 0
1261 0
217091 0
2195 0
34322 0
230502 0
65909 0
77101 0
60727 0
19518 0
92588 0
62659 0
79693 0
61423 0
72547 0
58672 0
73457 0
75153 0
121739 0
154136 0
71178 0
35506 0
71387 0
94047 0
229051 0
152309 0
58617 0
199303 0
195053 0
216865 0
73804 0
61546 0
109649 0
79398 0
122380 0
69769 0
189 0
79226 0
97 0
126563 0
94540 0
60579 0
62242 0
90074 0
8732 0
80882 0
53167 0
126441 0
169699 0
158044 0
78544 0
232271 0
68759 0
237721 0
119300 0
80877 0
179312 0
217515 0
99141 0
58539 0
20543 0
132179 0
257812 0
117536 0
48148 0
144313 0
236847 0
194713 0
153441 0
63725 0
77594 0
144228 0
53726 0
145128 0
15917 0
229059 0
113228 0
213142 0
204096 0
133789 0
89574 0
74523 0
139406 0
131076 0
114058 0
14709 0
126165 0
51018 0
182756 0
255070 0
75268 0
3095 0
246353 0
73228 0
236837 0
191347 0
51904 0
186755 0
74564 0
57958 0
61822 0
35099 0
249436 0
163890 0
92795 0
13675 0
59169 0
243057 0
72414 0
127054 0
56606 0
248730 0
58598 0
212644 0
164371 0
55665 0
221205 0
81256 0
51119 0
243059 0
219658 0
51795 0
215943 0
197988 0
34968 0
234312 0
215704 0
60776 0
175860 0
79931 0
34699 0
160714 0
74536 0
84870 0
175857 0
73460 0
13669 0
5011 0
128644 0
192772 0
257405 0
90883 0
58256 0
76481 0
74565 0
74508 0
222031 0
101421 0
79221 0
253850 0
233775 0
5258 0
167580 0
58551 0
185088 0
234937 0
175861 0
57123 0
145537 0
56195 0
255343 0
246029 0
205301 0
222046 0
19565 0
129497 0
139122 0
2875 0
106412 0
240932 0
60136 0
73242 0
5428 0
35350 0
180544 0
72766 0
182361 0
65859 0
314 0
39678 0
85737 0
194277 0
113353 0
62626 0
6381 0
45979 0
172317 0
121421 0
175811 0
175280 0
8729 0
224493 0
202828 0
217872 0
119341 0
175579 0
2197 0
112780 0
58690 0
193748 0
176170 0
53479 0
255632 0
77100 0
233268 0
129316 0
88199 0
103679 0
66729 0
131890 0
224472 0
97849 0
143820 0
107066 0
47707 0
74541 0
92820 0
249429 0
58506 0
86127 0
122273 0
133061 0
80173 0
128550 0
131887 0
128378 0
172331 0
178100 0
257680 0
230005 0
250211 0
62638 0
78666 0
230449 0
241142 0
74549 0
13661 0
210671 0
140729 0
45948 0
225499 0
126315 0
7339 0
256992 0
90882 0
138841 0
50320 0
10966 0
222184 0
101763 0
51881 0
244294 0
174156 0
55881 0
104641 0
86361 0
58612 0
6148 0
133068 0
154873 0
38379 0
50909 0
173093 0
138136 0
129305 0
255692 0
54393 0
51522 0
2873 0
29705 0
20556 0
58352 0
244156 0
72623 0
213355 0
78826 0
143410 0
191449 0
36834 0
146343 0
230149 0
97340 0
43091 0
183011 0
7917 0
2725 0
130080 0
247437 0
192425 0
111809 0
113202 0
193233 0
138838 0
19422 0
65287 0
7452 0
118755 0
187216 0
62617 0
45331 0
55380 0
129492 0
55989 0
123856 0
255116 0
59950 0
112898 0
119266 0
185319 0
233137 0
1077 0
183060 0
113806 0
93005 0
249106 0
221151 0
2727 0
35420 0
238754 0
142151 0
255055 0
191753 0
115313 0
51034 0
117731 0
186407 0
2944 0
120226 0
62375 0
104865 0
123656 0
17902 0
128548 0
243813 0
49666 0
58307 0
93422 0
146333 0
62629 0
17901 0
126029 0
134856 0
256257 0
14076 0
145100 0
249107 0
59382 0
83529 0
131774 0
122536 0
58560 0
254646 0
96754 0
168024 0
126334 0
219904 0
59797 0
76038 0
76366 0
122124 0
244048 0
60849 0
51230 0
251416 0
58643 0
246789 0
104891 0
58739 0
86175 0
237016 0
242252 0
23871 0
151887 0
232535 0
201693 0
34684 0
62377 0
177766 0
96785 0
145082 0
161833 0
11967 0
255870 0
121743 0
113363 0
51694 0
201248 0
173523 0
234742 0
79691 0
81567 0
182728 0
65912 0
198788 0
25 0
73803 0
61538 0
221641 0
74469 0
205961 0
210894 0
61537 0
82881 0
71910 0
94034 0
140378 0
145590 0
193584 0
172326 0
135683 0
99142 0
73195 0
233270 0
220274 0
119340 0
33488 0
130219 0
248615 0
74519 0
50646 0
62376 0
161912 0
109031 0
53585 0
73232 0
117423 0
7694 0
74547 0
249133 0
58508 0
74569 0
192490 0
51714 0
59868 0
72381 0
182818 0
173579 0
70647 0
58060 0
241244 0
6349 0
62663 0
75226 0
252745 0
3273 0
218831 0
98703 0
46979 0
48865 0
57192 0
67036 0
223167 0
58531 0
245820 0
255636 0
6131 0
218787 0
91573 0
239628 0
58611 0
117156 0
219650 0
236841 0
254598 0
48257 0
62816 0
123851 0
84 0
2526 0
173324 0
126148 0
246359 0
92814 0
58671 0
46315 0
53828 0
106424 0
74573 0
214345 0
79223 0
103220 0
46172 0
53411 0
131082 0
54581 0
124275 0
98188 0
36454 0
96784 0
8784 0
57126 0
180950 0
62646 0
163998 0
241659 0
256683 0
236286 0
143326 0
173085 0
254657 0
247390 0
229949 0
6331 0
213148 0
5180 0
172332 0
160732 0
177701 0
190146 0
162009 0
143698 0
238743 0
242330 0
226928 0
239836 0
185079 0
255684 0
164984 0
2413 0
213141 0
67385 0
80880 0
185316 0
1794 0
56551 0
123638 0
218038 0
153258 0
131077 0
123501 0
128382 0
53251 0
113350 0
70108 0
144161 0
96675 0
71364 0
50370 0
73226 0
145141 0
79753 0
7246 0
176359 0
6532 0
173322 0
129626 0
186408 0
85965 0
143207 0
249151 0
35349 0
68770 0
241149 0
162424 0
2881 0
58526 0
103377 0
182134 0
194629 0
58516 0
254938 0
113983 0
191226 0
173256 0
132230 0
175273 0
36506 0
85104 0
83105 0
255566 0
58615 0
36079 0
67035 0
65387 0
61298 0
214081 0
58532 0
233138 0
103919 0
92797 0
163912 0
236852 0
123327 0
176571 0
91381 0
102331 0
126313 0
5712 0
1135 0
202840 0
58680 0
187221 0
196413 0
143821 0
215139 0
188569 0
115311 0
93191 0
92178 0
136100 0
126442 0
232559 0
151942 0
7948 0
75135 0
246271 0
133547 0
255837 0
114938 0
125550 0
239786 0
126028 0
54905 0
209877 0
246119 0
254601 0
247387 0
230507 0
95705 0
25426 0
135456 0
51228 0
52248 0
134406 0
180662 0
81230 0
78541 0
58507 0
239581 0
251552 0
76571 0
255054 0
81355 0
58061 0
231716 0
138843 0
145085 0
65773 0
173191 0
64594 0
16873 0
747 0
58703 0
72608 0
97393 0
51226 0
56905 0
38665 0
122246 0
178822 0
175856 0
54980 0
235801 0
136367 0
60846 0
255248 0
20714 0
195014 0
230954 0
183991 0
92584 0
74551 0
180460 0
160325 0
213151 0
175821 0
233427 0
180461 0
65860 0
129494 0
364 0
163355 0
249441 0
207076 0
53797 0
230451 0
49883 0
2962 0
139405 0
210657 0
82687 0
94219 0
194630 0
152022 0
124533 0
154874 0
60736 0
54318 0
109379 0
79021 0
139589 0
224484 0
154876 0
94383 0
49535 0
46086 0
4171 0
109027 0
104411 0
54902 0
72635 0
72659 0
249442 0
68751 0
33203 0
167584 0
100418 0
10701 0
255057 0
103677 0
155211 0
236862 0
62181 0
240931 0
127403 0
53477 0
146331 0
62997 0
126993 0
76802 0
14707 0
58630 0
147972 0
230900 0
96856 0
131075 0
122379 0
108991 0
55991 0
58497 0
167876 0
89247 0
114616 0
93398 0
68293 0
59855 0
60572 0
212642 0
180354 0
77099 0
57706 0
70095 0
33851 0
231591 0
238277 0
64808 0
147299 0
241241 0
33677 0
40039 0
60580 0
126182 0
237524 0
60734 0
173323 0
202829 0
114688 0
49423 0
110672 0
104871 0
67345 0
9992 0
154660 0
53979 0
69773 0
113356 0
48996 0
36831 0
247441 0
54383 0
187565 0
190578 0
49519 0
230423 0
146334 0
185689 0
145292 0
11971 0
74087 0
246855 0
58744 0
107576 0
74528 0
127745 0
74084 0
56539 0
56941 0
180522 0
60632 0
217697 0
172213 0
2093 0
66059 0
96443 0
77076 0
58686 0
61268 0
60124 0
56567 0
186396 0
193831 0
127291 0
89049 0
136438 0
161429 0
69271 0
14688 0
96855 0
79932 0
45708 0
18819 0
8956 0
58492 0
233666 0
143003 0
227517 0
246325 0
231177 0
119648 0
174615 0
62620 0
132282 0
128706 0
91809 0
83530 0
86978 0
180547 0
14417 0
53253 0
257972 0
145231 0
181834 0
107573 0
257684 0
237038 0
241607 0
160728 0
247005 0
14418 0
255814 0
80661 0
62180 0
6974 0
247026 0
58798 0
179 0
64739 0
123177 0
153057 0
226480 0
219958 0
103746 0
107273 0
213134 0
165952 0
101265 0
62179 0
133103 0
4211 0
65911 0
83935 0
129848 0
19554 0
103678 0
159572 0
185318 0
117973 0
1048 0
80879 0
36455 0
97698 0
180265 0
139119 0
115312 0
161431 0
246326 0
70177 0
106423 0
74578 0
56892 0
73124 0
244648 0
255247 0
1951 0
38 0
92267 0
230004 0
254662 0
109754 0
249857 0
115558 0
3514 0
134857 0
239837 0
64631 0
99390 0
176297 0
72256 0
134743 0
87752 0
109026 0
68769 0
58618 0
116617 0
227872 0
230540 0
241833 0
246261 0
61821 0
226739 0
173099 0
144171 0
58640 0
154117 0
96478 0
49521 0
103398 0
73910 0
146339 0
68749 0
63512 0
132153 0
139475 0
147571 0
233034 0
202656 0
2479 0
51493 0
126290 0
134491 0
129288 0
121431 0
250473 0
133548 0
69778 0
137578 0
109025 0
57128 0
210978 0
8937 0
31934 0
123498 0
164623 0
6507 0
251737 0
213133 0
248736 0
83884 0
52166 0
58484 0
35357 0
55398 0
48146 0
6990 0
213143 0
216925 0
168541 0
74545 0
92358 0
208737 0
187533 0
99919 0
58675 0
879 0
94665 0
194278 0
49437 0
112907 0
176313 0
89050 0
174560 0
16933 0
138316 0
256583 0
118601 0
134786 0
73431 0
207061 0
43090 0
214177 0
236855 0
256138 0
58755 0
251723 0
113364 0
101 0
122230 0
61819 0
107023 0
89051 0
17899 0
185442 0
120225 0
249423 0
183528 0
244667 0
71654 0
129733 0
66058 0
51533 0
230115 0
152977 0
138710 0
123639 0
63068 0
175859 0
227521 0
142992 0
120215 0
65863 0
144325 0
236851 0
56053 0
36361 0
99903 0
64045 0
74517 0
94036 0
187066 0
228416 0
2988 0
113653 0
96679 0
62613 0
38507 0
1497 0
244649 0
182284 0
238890 0
236846 0
119338 0
136368 0
252742 0
5529 0
138534 0
70093 0
112312 0
49534 0
86902 0
176901 0
65864 0
59381 0
33948 0
219924 0
81391 0
115730 0
244155 0
172337 0
182753 0
33844 0
1019 0
6972 0
79692 0
1893 0
174612 0
52329 0
103397 0
98 0
226927 0
65857 0
128064 0
50289 0
196414 0
54993 0
1395 0
35412 0
247443 0
101124 0
73206 0
247439 0
94220 0
177760 0
56172 0
152078 0
26378 0
85500 0
222049 0
117387 0
62625 0
62640 0
55491 0
66170 0
165561 0
45535 0
266 0
49523 0
182933 0
228565 0
246853 0
46816 0
53755 0
52180 0
86174 0
62184 0
177888 0
121427 0
155096 0
88201 0
8727 0
76259 0
210503 0
84873 0
112661 0
190144 0
112909 0
231178 0
157485 0
58277 0
239903 0
5249 0
82891 0
242290 0
107575 0
61257 0
254663 0
58559 0
50436 0
254602 0
79385 0
58742 0
256987 0
129544 0
33848 0
162432 0
163978 0
5430 0
245564 0
115995 0
59839 0
171795 0
174409 0
66933 0
94794 0
131889 0
2198 0
38121 0
50516 0
138891 0
97146 0
231881 0
51838 0
51532 0
70556 0
57716 0
122233 0
104867 0
250100 0
61897 0
70081 0
5285 0
160550 0
173086 0
117430 0
111592 0
182285 0
5664 0
138510 0
124274 0
139404 0
58353 0
222601 0
236863 0
242256 0
120815 0
101764 0
136733 0
119812 0
218254 0
109057 0
65395 0
198789 0
66 0
31215 0
212166 0
193830 0
1262 0
35019 0
91351 0
1088 0
154665 0
35337 0
231594 0
108384 0
244264 0
154659 0
112678 0
187778 0
97147 0
145538 0
193524 0
195052 0
62296 0
64628 0
147600 0
76360 0
137251 0
182700 0
255565 0
138844 0
240933 0
60007 0
251417 0
60775 0
171786 0
130081 0
2223 0
64044 0
186399 0
59949 0
136748 0
1268 0
255681 0
82889 0
87130 0
58684 0
172320 0
235027 0
54760 0
191679 0
80208 0
96678 0
133072 0
28297 0
65281 0
60319 0
136366 0
255687 0
52486 0
4194 0
96685 0
114939 0
113129 0
49488 0
127648 0
33950 0
118653 0
2420 0
187785 0
35341 0
201861 0
147576 0
153056 0
237265 0
151886 0
189980 0
187218 0
152401 0
146336 0
205574 0
140763 0
180141 0
248407 0
239627 0
5259 0
73227 0
144118 0
205326 0
151780 0
55667 0
160594 0
56552 0
234613 0
125526 0
87055 0
99955 0
248402 0
176059 0
86173 0
138889 0
45882 0
187213 0
126316 0
103280 0
93415 0
159991 0
83 0
162440 0
59843 0
114525 0
174250 0
46051 0
241493 0
7805 0
13972 0
102068 0
90990 0
47221 0
131074 0
128391 0
93413 0
93184 0
235925 0
173316 0
20989 0
145130 0
177798 0
103947 0
134744 0
166602 0
14820 0
131961 0
74534 0
92359 0
121737 0
6976 0
153259 0
165191 0
66888 0
126784 0
62339 0
83207 0
20753 0
50415 0
46388 0
174253 0
25583 0
173087 0
127620 0
88195 0
3059 0
82721 0
81392 0
917 0
255117 0
213127 0
136365 0
50361 0
84880 0
162446 0
73240 0
176670 0
13667 0
258349 0
93521 0
75677 0
24175 0
75003 0
147579 0
120816 0
243190 0
1514 0
171788 0
3849 0
707 0
116612 0
58512 0
85658 0
61055 0
121620 0
6383 0
161430 0
124296 0
70099 0
212581 0
154664 0
184401 0
51924 0
92318 0
182757 0
111968 0
4016 0
157483 0
257314 0
28657 0
237050 0
85537 0
125968 0
58558 0
145233 0
137613 0
178791 0
86355 0
470 0
56191 0
182564 0
192087 0
20893 0
126714 0
80658 0
920 0
65386 0
154344 0
73520 0
117405 0
187068 0
49581 0
1100 0
229272 0
118456 0
117416 0
58638 0
58754 0
211964 0
61067 0
204814 0
54753 0
168361 0
180555 0
35098 0
113329 0
129490 0
52182 0
242974 0
51608 0
157751 0
11545 0
102618 0
136544 0
98546 0
103681 0
206778 0
74553 0
182819 0
2321 0
29703 0
59948 0
62383 0
5178 0
75253 0
91940 0
51683 0
219956 0
83103 0
112902 0
186759 0
166608 0
98118 0
137930 0
60469 0
87060 0
247680 0
104698 0
226644 0
123853 0
68413 0
35796 0
35353 0
159824 0
127402 0
51609 0
73509 0
112893 0
165562 0
123513 0
186311 0
240116 0
162430 0
57129 0
6011 0
80365 0
77267 0
146350 0
56673 0
78549 0
62700 0
82083 0
53166 0
174157 0
55096 0
115925 0
251550 0
64592 0
126017 0
53469 0
109380 0
192777 0
174323 0
58042 0
33431 0
2334 0
73911 0
82017 0
72677 0
231411 0
135075 0
109029 0
128381 0
58493 0
57882 0
94033 0
244349 0
243867 0
54142 0
227189 0
222602 0
93726 0
48140 0
138149 0
175807 0
114224 0
5250 0
160471 0
74556 0
232174 0
73234 0
45714 0
164372 0
248394 0
253636 0
153323 0
172524 0
211968 0
144175 0
237450 0
176212 0
80675 0
1394 0
138888 0
14370 0
23872 0
106436 0
124053 0
195158 0
196739 0
160119 0
242719 0
142995 0
248653 0
163528 0
65831 0
7955 0
55010 0
120218 0
1118 0
62069 0
168253 0
120214 0
215709 0
106605 0
248404 0
58740 0
144698 0
162448 0
35082 0
114216 0
213704 0
60847 0
84052 0
124562 0
100640 0
48672 0
175286 0
58511 0
110117 0
246120 0
226206 0
58255 0
237367 0
228823 0
251547 0
127617 0
251551 0
56866 0
229270 0
45546 0
193421 0
55666 0
23195 0
23203 0
179296 0
36468 0
175181 0
143840 0
116613 0
232742 0
82081 0
130275 0
62343 0
257505 0
186393 0
58568 0
74467 0
24036 0
128702 0
84869 0
115401 0
4394 0
45707 0
14430 0
78144 0
207059 0
213708 0
217696 0
3500 0
244232 0
90210 0
61425 0
62615 0
246318 0
225500 0
255233 0
296 0
244230 0
179616 0
62645 0
130369 0
90119 0
218614 0
132813 0
38155 0
17900 0
256345 0
5711 0
90209 0
58677 0
55662 0
201701 0
46660 0
607 0
186403 0
132234 0
206428 0
183061 0
53149 0
90995 0
229345 0
52453 0
230197 0
58691 0
51278 0
243062 0
224489 0
151725 0
152021 0
74563 0
213184 0
63787 0
107876 0
227520 0
247104 0
77392 0
70103 0
173100 0
85968 0
130276 0
187220 0
14486 0
226926 0
10028 0
230412 0
174799 0
218041 0
62329 0
36452 0
60848 0
94795 0
65404 0
176685 0
255211 0
58206 0
128164 0
4247 0
255235 0
14683 0
7422 0
102759 0
213147 0
58555 0
74561 0
51279 0
188536 0
71389 0
184397 0
167858 0
3114 0
137579 0
3988 0
rep113630 2
113630 0
113632 0
108872 0
64699 0
rep112568 2
112569 0
112568 0
rep154791 2
154792 0
154791 0
151403 0
rep221718 10
221946 0
17910 0
221945 0
17919 0
114183 0
221943 0
221944 0
221718 0
17913 0
221942 0
rep221880 8
221876 0
221877 0
221881 0
221882 0
221879 0
221880 0
5803 0
221878 0
198392 0
211229 0
224344 0
7480 0
rep175027 7
167482 0
175027 0
175029 0
175030 0
167480 0
68519 0
175028 0
207539 0
84968 0
