257374 30 22011 22012 22013 257124 257125 257127 257129 257131 257135 257137 257138 257139 257140 257141 257166 257167 257168 257169 257304 257305 257306 257307 257308 257369 257370 257373 257375 257376 257377 65706
257139 30 22011 22012 22013 257124 257125 257127 257129 257131 257135 257137 257138 257140 257141 257166 257167 257168 257169 257304 257305 257306 257307 257308 257369 257370 257373 257374 257375 257376 257377 65706
257375 30 22011 22012 22013 257124 257125 257127 257129 257131 257135 257137 257138 257139 257140 257141 257166 257167 257168 257169 257304 257305 257306 257307 257308 257369 257370 257373 257374 257376 257377 65706
257138 30 22011 22012 22013 257124 257125 257127 257129 257131 257135 257137 257139 257140 257141 257166 257167 257168 257169 257304 257305 257306 257307 257308 257369 257370 257373 257374 257375 257376 257377 65706
257304 30 22011 22012 22013 257124 257125 257127 257129 257131 257135 257137 257138 257139 257140 257141 257166 257167 257168 257169 257305 257306 257307 257308 257369 257370 257373 257374 257375 257376 257377 65706
257376 30 22011 22012 22013 257124 257125 257127 257129 257131 257135 257137 257138 257139 257140 257141 257166 257167 257168 257169 257304 257305 257306 257307 257308 257369 257370 257373 257374 257375 257377 65706
257137 30 22011 22012 22013 257124 257125 257127 257129 257131 257135 257138 257139 257140 257141 257166 257167 257168 257169 257304 257305 257306 257307 257308 257369 257370 257373 257374 257375 257376 257377 65706
257377 30 22011 22012 22013 257124 257125 257127 257129 257131 257135 257137 257138 257139 257140 257141 257166 257167 257168 257169 257304 257305 257306 257307 257308 257369 257370 257373 257374 257375 257376 65706
257370 30 22011 22012 22013 257124 257125 257127 257129 257131 257135 257137 257138 257139 257140 257141 257166 257167 257168 257169 257304 257305 257306 257307 257308 257369 257373 257374 257375 257376 257377 65706
257307 30 22011 22012 22013 257124 257125 257127 257129 257131 257135 257137 257138 257139 257140 257141 257166 257167 257168 257169 257304 257305 257306 257308 257369 257370 257373 257374 257375 257376 257377 65706
257308 30 22011 22012 22013 257124 257125 257127 257129 257131 257135 257137 257138 257139 257140 257141 257166 257167 257168 257169 257304 257305 257306 257307 257369 257370 257373 257374 257375 257376 257377 65706
257305 30 22011 22012 22013 257124 257125 257127 257129 257131 257135 257137 257138 257139 257140 257141 257166 257167 257168 257169 257304 257306 257307 257308 257369 257370 257373 257374 257375 257376 257377 65706
257373 30 22011 22012 22013 257124 257125 257127 257129 257131 257135 257137 257138 257139 257140 257141 257166 257167 257168 257169 257304 257305 257306 257307 257308 257369 257370 257374 257375 257376 257377 65706
257306 30 22011 22012 22013 257124 257125 257127 257129 257131 257135 257137 257138 257139 257140 257141 257166 257167 257168 257169 257304 257305 257307 257308 257369 257370 257373 257374 257375 257376 257377 65706
257141 30 22011 22012 22013 257124 257125 257127 257129 257131 257135 257137 257138 257139 257140 257166 257167 257168 257169 257304 257305 257306 257307 257308 257369 257370 257373 257374 257375 257376 257377 65706
257167 30 22011 22012 22013 257124 257125 257127 257129 257131 257135 257137 257138 257139 257140 257141 257166 257168 257169 257304 257305 257306 257307 257308 257369 257370 257373 257374 257375 257376 257377 65706
257168 30 22011 22012 22013 257124 257125 257127 257129 257131 257135 257137 257138 257139 257140 257141 257166 257167 257169 257304 257305 257306 257307 257308 257369 257370 257373 257374 257375 257376 257377 65706
257140 30 22011 22012 22013 257124 257125 257127 257129 257131 257135 257137 257138 257139 257141 257166 257167 257168 257169 257304 257305 257306 257307 257308 257369 257370 257373 257374 257375 257376 257377 65706
257166 30 22011 22012 22013 257124 257125 257127 257129 257131 257135 257137 257138 257139 257140 257141 257167 257168 257169 257304 257305 257306 257307 257308 257369 257370 257373 257374 257375 257376 257377 65706
65706 30 22011 22012 22013 257124 257125 257127 257129 257131 257135 257137 257138 257139 257140 257141 257166 257167 257168 257169 257304 257305 257306 257307 257308 257369 257370 257373 257374 257375 257376 257377
257369 30 22011 22012 22013 257124 257125 257127 257129 257131 257135 257137 257138 257139 257140 257141 257166 257167 257168 257169 257304 257305 257306 257307 257308 257370 257373 257374 257375 257376 257377 65706
257124 30 22011 22012 22013 257125 257127 257129 257131 257135 257137 257138 257139 257140 257141 257166 257167 257168 257169 257304 257305 257306 257307 257308 257369 257370 257373 257374 257375 257376 257377 65706
257129 30 22011 22012 22013 257124 257125 257127 257131 257135 257137 257138 257139 257140 257141 257166 257167 257168 257169 257304 257305 257306 257307 257308 257369 257370 257373 257374 257375 257376 257377 65706
257125 30 22011 22012 22013 257124 257127 257129 257131 257135 257137 257138 257139 257140 257141 257166 257167 257168 257169 257304 257305 257306 257307 257308 257369 257370 257373 257374 257375 257376 257377 65706
22012 30 22011 22013 257124 257125 257127 257129 257131 257135 257137 257138 257139 257140 257141 257166 257167 257168 257169 257304 257305 257306 257307 257308 257369 257370 257373 257374 257375 257376 257377 65706
22011 30 22012 22013 257124 257125 257127 257129 257131 257135 257137 257138 257139 257140 257141 257166 257167 257168 257169 257304 257305 257306 257307 257308 257369 257370 257373 257374 257375 257376 257377 65706
257127 30 22011 22012 22013 257124 257125 257129 257131 257135 257137 257138 257139 257140 257141 257166 257167 257168 257169 257304 257305 257306 257307 257308 257369 257370 257373 257374 257375 257376 257377 65706
22013 30 22011 22012 257124 257125 257127 257129 257131 257135 257137 257138 257139 257140 257141 257166 257167 257168 257169 257304 257305 257306 257307 257308 257369 257370 257373 257374 257375 257376 257377 65706
257169 30 22011 22012 22013 257124 257125 257127 257129 257131 257135 257137 257138 257139 257140 257141 257166 257167 257168 257304 257305 257306 257307 257308 257369 257370 257373 257374 257375 257376 257377 65706
257135 30 22011 22012 22013 257124 257125 257127 257129 257131 257137 257138 257139 257140 257141 257166 257167 257168 257169 257304 257305 257306 257307 257308 257369 257370 257373 257374 257375 257376 257377 65706
257131 30 22011 22012 22013 257124 257125 257127 257129 257135 257137 257138 257139 257140 257141 257166 257167 257168 257169 257304 257305 257306 257307 257308 257369 257370 257373 257374 257375 257376 257377 65706
