138137 23 135010 138121 141285 182703 194446 194447 211983 211984 211985 211986 211987 211989 211993 211994 211999 220517 225597 225600 225610 228109 228110 229946 233968
118977 15 151568 151569 151570 151571 151572 151573 151574 151702 151703 151704 151705 151706 151707 151708 160552
131273 19 111441 128165 128166 131272 131274 131275 131276 171399 217599 217600 217601 233523 233862 24450 45345 50247 50248 7504 85450
136760 15 136696 136754 136755 136756 136757 136758 136759 136761 136762 136763 136764 136765 136766 142 8905
131272 18 111441 128165 128166 131273 131274 131275 171399 217599 217600 217601 233523 233862 24450 45345 50247 50248 7504 85450
136761 16 136697 136698 136754 136755 136756 136757 136758 136759 136760 136762 136763 136764 136765 136766 142 8905
136762 16 136697 136698 136754 136755 136756 136757 136758 136759 136760 136761 136763 136764 136765 136766 142 8905
110056 15 110089 110092 110093 23272 23302 23330 5384 5385 59452 59455 59761 59762 59763 59764 7700
136755 15 136691 136754 136756 136757 136758 136759 136760 136761 136762 136763 136764 136765 136766 142 8905
131263 16 111441 128165 128166 131264 171399 217599 217600 217601 233523 233862 24450 45345 50247 50248 7504 85450
136754 15 136690 136755 136756 136757 136758 136759 136760 136761 136762 136763 136764 136765 136766 142 8905
131264 16 111441 128165 128166 131263 171399 217599 217600 217601 233523 233862 24450 45345 50247 50248 7504 85450
232966 17 111441 128165 128166 171399 217599 217600 217601 232963 232964 233523 233862 24450 45345 50247 50248 7504 85450
136757 15 136693 136754 136755 136756 136758 136759 136760 136761 136762 136763 136764 136765 136766 142 8905
136756 15 136692 136754 136755 136757 136758 136759 136760 136761 136762 136763 136764 136765 136766 142 8905
232865 18 111441 128165 128166 171399 217599 217600 217601 223936 224083 233523 233767 233862 24450 45345 50247 50248 7504 85450
136759 15 136695 136754 136755 136756 136757 136758 136760 136761 136762 136763 136764 136765 136766 142 8905
136758 15 136694 136754 136755 136756 136757 136759 136760 136761 136762 136763 136764 136765 136766 142 8905
232962 18 111441 128165 128166 171399 217599 217600 217601 232963 232964 233523 233555 233862 24450 45345 50247 50248 7504 85450
232963 18 111441 128165 128166 171399 217599 217600 217601 232962 232964 232966 233523 233862 24450 45345 50247 50248 7504 85450
232964 18 111441 128165 128166 171399 217599 217600 217601 232962 232963 232966 233523 233862 24450 45345 50247 50248 7504 85450
34524 15 178248 34472 34474 34491 51 52539 62394 62395 62396 62397 63376 63481 74600 74624 7689
215796 13 145545 145546 145547 145548 145549 145550 199205 199296 199883 2845 3018 3019 81
203 25 196020 235791 236104 237270 237271 237591 237593 239660 239663 239665 239929 239931 239934 240062 241558 241559 241561 241562 241838 243980 244050 244370 244970 244971 245092
6095 11 16208 16256 392 60483 60484 60485 60486 60487 60490 60491 60492
237593 26 196020 203 235791 236104 237270 237271 237591 239660 239663 239665 239929 239931 239934 240062 241558 241559 241561 241562 241838 243980 244050 244370 244970 244971 245092 5843
129238 15 129135 129136 129149 129153 129217 129218 129255 166 170942 240 387 449 475 8290 8291
138121 20 135010 138137 141285 182703 186114 186412 193870 194446 194447 206437 211009 211983 211984 211985 211986 211987 211989 211993 211994 211999
166 17 110 129135 129136 129149 129153 129217 129218 129238 129255 142 170942 240 387 449 475 8290 8291
129333 16 110 129323 129324 129325 129327 129328 129329 129331 129332 1861 27710 56857 78937 78938 78944 78945
237591 25 196020 203 235791 236104 237270 237271 237593 239660 239663 239665 239929 239931 239934 240062 241558 241559 241561 241562 241838 243980 244050 244370 244970 244971 245092
129332 16 110 129323 129324 129325 129327 129328 129329 129331 129333 1861 27710 56857 78937 78938 78944 78945
129331 17 110 129323 129324 129325 129327 129328 129329 129332 129333 1861 27710 56857 78937 78938 78944 78945 99337
136766 15 136702 136754 136755 136756 136757 136758 136759 136760 136761 136762 136763 136764 136765 142 8905
131274 20 111441 128165 128166 131272 131273 131275 131276 131277 171399 217599 217600 217601 233523 233862 24450 45345 50247 50248 7504 85450
136765 16 104457 136701 136754 136755 136756 136757 136758 136759 136760 136761 136762 136763 136764 136766 142 8905
131275 21 111441 128165 128166 131272 131273 131274 131276 131277 131278 171399 217599 217600 217601 233523 233862 24450 45345 50247 50248 7504 85450
136764 16 104457 136700 136754 136755 136756 136757 136758 136759 136760 136761 136762 136763 136765 136766 142 8905
131276 21 111441 128165 128166 131273 131274 131275 131277 131278 131279 171399 217599 217600 217601 233523 233862 24450 45345 50247 50248 7504 85450
136763 15 136699 136754 136755 136756 136757 136758 136759 136760 136761 136762 136764 136765 136766 142 8905
131277 20 111441 128165 128166 131274 131275 131276 131278 131279 171399 217599 217600 217601 233523 233862 24450 45345 50247 50248 7504 85450
129329 16 110 129323 129324 129325 129327 129328 129331 129332 129333 1861 27710 56857 78937 78938 78944 78945
131278 19 111441 128165 128166 131275 131276 131277 131279 171399 217599 217600 217601 233523 233862 24450 45345 50247 50248 7504 85450
131279 18 111441 128165 128166 131276 131277 131278 171399 217599 217600 217601 233523 233862 24450 45345 50247 50248 7504 85450
129327 16 110 129323 129324 129325 129328 129329 129331 129332 129333 1861 27710 56857 78937 78938 78944 78945
129328 16 110 129323 129324 129325 129327 129329 129331 129332 129333 1861 27710 56857 78937 78938 78944 78945
2845 16 145545 145546 145547 145548 145549 145550 199205 199296 199883 215796 215971 216062 216403 3018 3019 81
16208 7 14827 16198 16209 16218 16256 392 6095
217600 95 111441 125826 125827 125907 128165 128166 128167 128168 128169 128170 128171 131263 131264 131272 131273 131274 131275 131276 131277 131278 131279 171399 217599 217601 223936 223937 223939 224083 224084 224087 232733 232770 232822 232823 232824 232848 232865 232962 232963 232964 232966 233040 233041 233042 233043 233132 233133 233134 233192 233193 233194 233263 233264 233265 233349 233350 233413 233414 233460 233461 233462 233523 233555 233556 233557 233575 233576 233577 233767 233768 233769 233862 233863 233893 234003 234740 236182 236209 236214 236215 236216 236218 236221 236222 236223 236224 236225 236226 236227 24450 45345 50247 50248 7504 85450
217601 95 111441 125826 125827 125907 128165 128166 128167 128168 128169 128170 128171 131263 131264 131272 131273 131274 131275 131276 131277 131278 131279 171399 217599 217600 223936 223937 223939 224083 224084 224087 232733 232770 232822 232823 232824 232848 232865 232962 232963 232964 232966 233040 233041 233042 233043 233132 233133 233134 233192 233193 233194 233263 233264 233265 233349 233350 233413 233414 233460 233461 233462 233523 233555 233556 233557 233575 233576 233577 233767 233768 233769 233862 233863 233893 234003 234740 236182 236209 236214 236215 236216 236218 236221 236222 236223 236224 236225 236226 236227 24450 45345 50247 50248 7504 85450
16209 5 16198 16208 16218 16256 392
194446 22 135010 138121 138137 141285 186114 186412 187219 193870 194447 206437 211009 211978 211992 220517 225597 225600 225610 228109 228110 229946 233968 244968
194447 18 135010 138121 138137 141285 186114 186412 187219 193870 194446 206437 211978 225600 225610 228109 228110 229946 233968 244968
193870 17 135010 138121 141285 186114 186412 187219 194446 194447 206437 211009 211978 225597 228109 228110 229946 233968 244968
140231 15 104457 139339 139340 139341 139342 139345 139346 139347 139348 139349 139350 140232 140233 2390 94214
15132 17 15109 15110 15112 15113 15116 15117 15118 15121 15123 15124 15125 15129 15133 22166 22167 22171 22175
168143 15 106108 134162 166944 166945 167053 167054 167170 167195 167197 167493 167494 167495 168144 84662 84663
15133 17 15109 15110 15112 15113 15116 15117 15118 15121 15123 15124 15125 15129 15132 22166 22167 22171 22175
104479 15 103854 104238 104335 104494 104657 105041 105066 105078 105122 105142 105237 105282 105934 186689 6313
168144 15 106108 134162 166944 166945 167053 167054 167170 167195 167197 167493 167494 167495 168143 84662 84663
140233 14 104457 139339 139340 139341 139342 139345 139346 139347 139348 139349 140231 140232 2390 94214
140232 15 104457 139339 139340 139341 139342 139345 139346 139347 139348 139349 139350 140231 140233 2390 94214
129217 15 129135 129136 129149 129153 129218 129238 129255 166 170942 240 387 449 475 8290 8291
129218 15 129135 129136 129149 129153 129217 129238 129255 166 170942 240 387 449 475 8290 8291
1845 17 132366 49480 57813 5894 5898 5900 5902 5917 63488 63489 63490 63491 63492 63493 63494 63495 63496
27383 14 188377 191595 198300 198306 198307 198308 198309 198310 20725 51890 5843 61547 62318 94626
232848 15 111441 128165 128166 171399 217599 217600 217601 233523 233862 24450 45345 50247 50248 7504 85450
138989 16 138985 138986 138987 138988 138990 138991 138992 138993 138994 138995 138996 138997 138999 151898 28387 79326
106108 15 134162 166944 166945 167053 167054 167170 167195 167197 167493 167494 167495 168143 168144 84662 84663
138987 16 138985 138986 138988 138989 138990 138991 138992 138993 138994 138995 138996 138997 138999 151898 28387 79326
244050 16 196020 203 235791 236104 237270 237271 237591 237593 239660 239931 239934 243980 244370 244970 244971 245092
138988 16 138985 138986 138987 138989 138990 138991 138992 138993 138994 138995 138996 138997 138999 151898 28387 79326
138985 16 138986 138987 138988 138989 138990 138991 138992 138993 138994 138995 138996 138997 138999 151898 28387 79326
235465 0
138986 16 138985 138987 138988 138989 138990 138991 138992 138993 138994 138995 138996 138997 138999 151898 28387 79326
7318 2 3506 56857
15125 17 15109 15110 15112 15113 15116 15117 15118 15121 15123 15124 15129 15132 15133 22166 22167 22171 22175
104494 15 103854 104238 104335 104479 104657 105041 105066 105078 105122 105142 105237 105282 105934 186689 6313
15129 17 15109 15110 15112 15113 15116 15117 15118 15121 15123 15124 15125 15132 15133 22166 22167 22171 22175
15123 17 15109 15110 15112 15113 15116 15117 15118 15121 15124 15125 15129 15132 15133 22166 22167 22171 22175
15124 17 15109 15110 15112 15113 15116 15117 15118 15121 15123 15125 15129 15132 15133 22166 22167 22171 22175
15121 17 15109 15110 15112 15113 15116 15117 15118 15123 15124 15125 15129 15132 15133 22166 22167 22171 22175
196020 25 203 235791 236104 237270 237271 237591 237593 239660 239663 239665 239929 239931 239934 240062 241558 241559 241561 241562 241838 243980 244050 244370 244970 244971 245092
138995 16 138985 138986 138987 138988 138989 138990 138991 138992 138993 138994 138996 138997 138999 151898 28387 79326
85450 93 111441 125826 125827 125907 128165 128166 128167 128168 128169 128170 128171 131263 131264 131272 131273 131274 131275 131276 131277 131278 131279 171399 217599 217600 217601 223936 223937 223939 224083 224084 224087 232733 232770 232822 232823 232824 232848 232865 232962 232963 232964 232966 233040 233041 233042 233043 233132 233133 233134 233192 233193 233194 233263 233264 233265 233349 233350 233413 233414 233460 233461 233462 233523 233555 233556 233557 233575 233576 233577 233767 233768 233769 233862 233863 233893 234003 234740 236182 236209 236214 236215 236216 236218 236221 236222 236223 236224 236225 236226 236227 45345 50247 50248
138994 16 138985 138986 138987 138988 138989 138990 138991 138992 138993 138995 138996 138997 138999 151898 28387 79326
138993 16 138985 138986 138987 138988 138989 138990 138991 138992 138994 138995 138996 138997 138999 151898 28387 79326
138992 16 138985 138986 138987 138988 138989 138990 138991 138993 138994 138995 138996 138997 138999 151898 28387 79326
52539 15 178248 34472 34474 34491 34524 51 62394 62395 62396 62397 63376 63481 74600 74624 7689
138991 16 138985 138986 138987 138988 138989 138990 138992 138993 138994 138995 138996 138997 138999 151898 28387 79326
237271 25 196020 203 235791 236104 237270 237591 237593 239660 239663 239665 239929 239931 239934 240062 241558 241559 241561 241562 241838 243980 244050 244370 244970 244971 245092
187219 15 135010 141285 186114 186412 193870 194446 194447 206437 211009 211978 220517 225597 225600 225610 229946
138990 16 138985 138986 138987 138988 138989 138991 138992 138993 138994 138995 138996 138997 138999 151898 28387 79326
237270 25 196020 203 235791 236104 237271 237591 237593 239660 239663 239665 239929 239931 239934 240062 241558 241559 241561 241562 241838 243980 244050 244370 244970 244971 245092
15118 17 15109 15110 15112 15113 15116 15117 15121 15123 15124 15125 15129 15132 15133 22166 22167 22171 22175
69621 15 69605 69606 69607 69608 69609 69610 69611 69613 69614 69615 69616 69617 69618 69619 69620
69620 15 69605 69606 69607 69608 69609 69610 69611 69613 69614 69615 69616 69617 69618 69619 69621
5917 16 132366 1845 49480 57813 5894 5898 5902 63488 63489 63490 63491 63492 63493 63494 63495 63496
110 17 129323 129324 129325 129327 129328 129329 129331 129332 129333 166 1861 27710 56857 78937 78938 78944 78945
15116 17 15109 15110 15112 15113 15117 15118 15121 15123 15124 15125 15129 15132 15133 22166 22167 22171 22175
15117 17 15109 15110 15112 15113 15116 15118 15121 15123 15124 15125 15129 15132 15133 22166 22167 22171 22175
127589 16 127575 127576 127577 127578 127580 127581 127586 127587 127590 127591 127592 127593 127594 127597 127598 35050
241661 0
127590 16 127575 127576 127577 127578 127580 127581 127586 127587 127589 127591 127592 127593 127594 127597 127598 35050
127591 16 127575 127576 127577 127578 127580 127581 127586 127587 127589 127590 127592 127593 127594 127597 127598 35050
225597 13 135010 138137 141285 186114 186412 187219 193870 194446 206437 211978 220517 225600 225610
127598 16 127575 127576 127577 127578 127580 127581 127586 127587 127589 127590 127591 127592 127593 127594 127597 35050
15110 18 139349 15109 15112 15113 15116 15117 15118 15121 15123 15124 15125 15129 15132 15133 22166 22167 22171 22175
15113 17 15109 15110 15112 15116 15117 15118 15121 15123 15124 15125 15129 15132 15133 22166 22167 22171 22175
15112 17 15109 15110 15113 15116 15117 15118 15121 15123 15124 15125 15129 15132 15133 22166 22167 22171 22175
127597 16 127575 127576 127577 127578 127580 127581 127586 127587 127589 127590 127591 127592 127593 127594 127598 35050
578 16 4006 4068 4126 4188 4466 4467 447 5898 5900 6003 62025 63521 63522 63523 6527 7588
127594 16 127575 127576 127577 127578 127580 127581 127586 127587 127589 127590 127591 127592 127593 127597 127598 35050
120482 15 189893 97614 98266 98289 98290 98319 98320 98321 98322 98323 98324 98325 98326 98327 98328
127592 16 127575 127576 127577 127578 127580 127581 127586 127587 127589 127590 127591 127593 127594 127597 127598 35050
127593 16 127575 127576 127577 127578 127580 127581 127586 127587 127589 127590 127591 127592 127594 127597 127598 35050
60483 18 2718 59443 59945 59951 60051 60053 60069 60070 60090 60095 60484 60485 60486 60487 60490 60491 60492 6095
7588 15 4006 4068 4126 4188 4466 4467 447 578 5900 6003 62025 63521 63522 63523 6527
15109 17 15110 15112 15113 15116 15117 15118 15121 15123 15124 15125 15129 15132 15133 22166 22167 22171 22175
60485 15 2718 59443 59945 59951 60051 60053 60069 60070 60090 60095 60483 60484 60486 60487 6095
60484 15 2718 59443 59945 59951 60051 60053 60069 60070 60090 60095 60483 60485 60486 60487 6095
62318 14 188377 191595 198300 198306 198307 198308 198309 198310 20725 27383 51890 5843 61547 94626
60487 16 2718 59443 59945 59951 60051 60053 60069 60070 60090 60095 60483 60484 60485 60486 60490 6095
135010 31 138121 138137 141285 182703 186114 186412 187219 193870 194446 194447 206437 211009 211978 211983 211984 211985 211986 211987 211989 211993 211994 211999 220517 225597 225600 225610 228109 228110 229946 233968 244968
60486 15 2718 59443 59945 59951 60051 60053 60069 60070 60090 60095 60483 60484 60485 60487 6095
447 16 4006 4068 4126 4188 4466 4467 449 578 5900 6003 62025 63521 63522 63523 6527 7588
110024 18 110022 110025 110027 110089 110092 110093 23272 23302 23330 5384 5385 59452 59455 59761 59762 59763 59764 7700
110025 18 110022 110024 110027 110089 110092 110093 23272 23302 23330 5384 5385 59452 59455 59761 59762 59763 59764 7700
110022 17 110024 110025 110089 110092 110093 23272 23302 23330 5384 5385 59452 59455 59761 59762 59763 59764 7700
449 16 129135 129136 129149 129153 129217 129218 129238 129255 166 170942 240 387 447 475 8290 8291
110027 17 110024 110025 110089 110092 110093 23272 23302 23330 5384 5385 59452 59455 59761 59762 59763 59764 7700
60492 14 2718 59443 59945 59951 60051 60053 60069 60070 60090 60095 60483 60490 60491 6095
60491 14 2718 59443 59945 59951 60051 60053 60069 60070 60090 60095 60483 60490 60492 6095
60490 15 2718 59443 59945 59951 60051 60053 60069 60070 60090 60095 60483 60487 60491 60492 6095
129323 16 110 129324 129325 129327 129328 129329 129331 129332 129333 1861 27710 56857 78937 78938 78944 78945
185073 0
129324 16 110 129323 129325 129327 129328 129329 129331 129332 129333 1861 27710 56857 78937 78938 78944 78945
104238 14 103854 104335 104479 104494 104657 105041 105066 105078 105122 105142 105237 105282 105934 186689
129325 16 110 129323 129324 129327 129328 129329 129331 129332 129333 1861 27710 56857 78937 78938 78944 78945
69609 15 69605 69606 69607 69608 69610 69611 69613 69614 69615 69616 69617 69618 69619 69620 69621
69607 15 69605 69606 69608 69609 69610 69611 69613 69614 69615 69616 69617 69618 69619 69620 69621
69608 15 69605 69606 69607 69609 69610 69611 69613 69614 69615 69616 69617 69618 69619 69620 69621
69605 15 69606 69607 69608 69609 69610 69611 69613 69614 69615 69616 69617 69618 69619 69620 69621
69606 15 69605 69607 69608 69609 69610 69611 69613 69614 69615 69616 69617 69618 69619 69620 69621
151569 15 118977 151568 151570 151571 151572 151573 151574 151702 151703 151704 151705 151706 151707 151708 160552
151568 15 118977 151569 151570 151571 151572 151573 151574 151702 151703 151704 151705 151706 151707 151708 160552
8904 15 136690 136691 136692 136693 136694 136695 136696 136697 136698 136699 136700 136701 136702 142 8905
8905 15 136754 136755 136756 136757 136758 136759 136760 136761 136762 136763 136764 136765 136766 142 8904
16218 6 14827 16198 16208 16209 16256 392
186114 15 135010 138121 141285 186412 187219 193870 194446 194447 206437 211009 211978 220517 225597 225600 225610
188377 14 191595 198300 198306 198307 198308 198309 198310 20725 27383 51890 5843 61547 62318 94626
57465 16 246392 246397 250175 250176 250177 5574 56994 56995 57002 6313 6314 6315 6316 68 88361 88362
69613 15 69605 69606 69607 69608 69609 69610 69611 69614 69615 69616 69617 69618 69619 69620 69621
69614 15 69605 69606 69607 69608 69609 69610 69611 69613 69615 69616 69617 69618 69619 69620 69621
69615 15 69605 69606 69607 69608 69609 69610 69611 69613 69614 69616 69617 69618 69619 69620 69621
233133 17 111441 128165 128166 171399 217599 217600 217601 233132 233134 233523 233862 24450 45345 50247 50248 7504 85450
233132 17 111441 128165 128166 171399 217599 217600 217601 233133 233134 233523 233862 24450 45345 50247 50248 7504 85450
69610 15 69605 69606 69607 69608 69609 69611 69613 69614 69615 69616 69617 69618 69619 69620 69621
69611 15 69605 69606 69607 69608 69609 69610 69613 69614 69615 69616 69617 69618 69619 69620 69621
136692 15 136690 136691 136693 136694 136695 136696 136697 136698 136699 136700 136701 136702 136756 142 8904
136691 15 136690 136692 136693 136694 136695 136696 136697 136698 136699 136700 136701 136702 136755 142 8904
136690 15 136691 136692 136693 136694 136695 136696 136697 136698 136699 136700 136701 136702 136754 142 8904
136696 15 136690 136691 136692 136693 136694 136695 136697 136698 136699 136700 136701 136702 136760 142 8904
69616 15 69605 69606 69607 69608 69609 69610 69611 69613 69614 69615 69617 69618 69619 69620 69621
5900 18 1845 4006 4068 4126 4188 4466 4467 447 578 5898 5902 6003 62025 63521 63522 63523 6527 7588
136695 15 136690 136691 136692 136693 136694 136696 136697 136698 136699 136700 136701 136702 136759 142 8904
69617 15 69605 69606 69607 69608 69609 69610 69611 69613 69614 69615 69616 69618 69619 69620 69621
136694 15 136690 136691 136692 136693 136695 136696 136697 136698 136699 136700 136701 136702 136758 142 8904
69618 15 69605 69606 69607 69608 69609 69610 69611 69613 69614 69615 69616 69617 69619 69620 69621
5902 17 132366 1845 49480 57813 5894 5898 5900 5917 63488 63489 63490 63491 63492 63493 63494 63495 63496
136693 15 136690 136691 136692 136694 136695 136696 136697 136698 136699 136700 136701 136702 136757 142 8904
69619 15 69605 69606 69607 69608 69609 69610 69611 69613 69614 69615 69616 69617 69618 69620 69621
151574 15 118977 151568 151569 151570 151571 151572 151573 151702 151703 151704 151705 151706 151707 151708 160552
151573 15 118977 151568 151569 151570 151571 151572 151574 151702 151703 151704 151705 151706 151707 151708 160552
10784 0
151570 15 118977 151568 151569 151571 151572 151573 151574 151702 151703 151704 151705 151706 151707 151708 160552
151572 15 118977 151568 151569 151570 151571 151573 151574 151702 151703 151704 151705 151706 151707 151708 160552
142 30 136690 136691 136692 136693 136694 136695 136696 136697 136698 136699 136700 136701 136702 136754 136755 136756 136757 136758 136759 136760 136761 136762 136763 136764 136765 136766 166 8290 8904 8905
151571 15 118977 151568 151569 151570 151572 151573 151574 151702 151703 151704 151705 151706 151707 151708 160552
129149 15 129135 129136 129153 129217 129218 129238 129255 166 170942 240 387 449 475 8290 8291
125827 16 111441 125826 128165 128166 171399 217599 217600 217601 233523 233862 24450 45345 50247 50248 7504 85450
125826 16 111441 125827 128165 128166 171399 217599 217600 217601 233523 233862 24450 45345 50247 50248 7504 85450
74600 16 178248 34472 34474 34491 34524 51 52539 62394 62395 62396 62397 63376 63481 74501 74624 7689
233134 17 111441 128165 128166 171399 217599 217600 217601 233132 233133 233523 233862 24450 45345 50247 50248 7504 85450
233349 17 111441 128165 128166 171399 217599 217600 217601 233350 233523 233556 233862 24450 45345 50247 50248 7504 85450
59951 17 2718 59443 59945 60051 60053 60069 60070 60090 60095 60483 60484 60485 60486 60487 60490 60491 60492
136699 15 136690 136691 136692 136693 136694 136695 136696 136697 136698 136700 136701 136702 136763 142 8904
136698 16 136690 136691 136692 136693 136694 136695 136696 136697 136699 136700 136701 136702 136761 136762 142 8904
136697 16 136690 136691 136692 136693 136694 136695 136696 136698 136699 136700 136701 136702 136761 136762 142 8904
136077 15 136019 136020 136026 136027 136071 136072 136073 136074 136075 136076 136078 136079 136080 23208 94524
136078 15 136019 136020 136026 136027 136071 136072 136073 136074 136075 136076 136077 136079 136080 23208 94524
233893 17 111441 128165 128166 171399 217599 217600 217601 232824 233462 233523 233862 24450 45345 50247 50248 7504 85450
233350 18 111441 128165 128166 171399 217599 217600 217601 233349 233523 233557 233862 234003 24450 45345 50247 50248 7504 85450
136079 16 136019 136020 136026 136027 136071 136072 136073 136074 136075 136076 136077 136078 136080 136082 23208 94524
136073 15 136019 136020 136026 136027 136071 136072 136074 136075 136076 136077 136078 136079 136080 23208 94524
136074 15 136019 136020 136026 136027 136071 136072 136073 136075 136076 136077 136078 136079 136080 23208 94524
136075 15 136019 136020 136026 136027 136071 136072 136073 136074 136076 136077 136078 136079 136080 23208 94524
136076 15 136019 136020 136026 136027 136071 136072 136073 136074 136075 136077 136078 136079 136080 23208 94524
241562 18 196020 203 235791 236104 237270 237271 237591 237593 239660 239663 239665 239931 239934 240062 241558 241559 241561 241838
241561 19 196020 203 235791 236104 237270 237271 237591 237593 239660 239663 239665 239929 239931 239934 240062 241558 241559 241562 241838
136071 15 136019 136020 136026 136027 136072 136073 136074 136075 136076 136077 136078 136079 136080 23208 94524
136072 15 136019 136020 136026 136027 136071 136073 136074 136075 136076 136077 136078 136079 136080 23208 94524
23302 20 110022 110024 110025 110027 110056 110089 110092 110093 23272 23330 5384 5385 59452 59455 59761 59762 59763 59764 59766 7700
49480 15 1845 57813 5894 5898 5902 5917 63488 63489 63490 63491 63492 63493 63494 63495 63496
56994 16 246392 246397 250175 250176 250177 5574 56995 57002 57465 6313 6314 6315 6316 68 88361 88362
7689 15 178248 34472 34474 34491 34524 51 52539 62394 62395 62396 62397 63376 63481 74600 74624
129136 15 129135 129149 129153 129217 129218 129238 129255 166 170942 240 387 449 475 8290 8291
27710 16 110 129323 129324 129325 129327 129328 129329 129331 129332 129333 1861 56857 78937 78938 78944 78945
244370 16 196020 203 235791 236104 237270 237271 237591 237593 239660 239931 239934 243980 244050 244970 244971 245092
216403 13 145545 145546 145547 145548 145549 145550 199205 199296 199883 2845 3018 3019 81
56857 16 110 129323 129324 129325 129327 129328 129329 129331 129332 129333 1861 27710 7318 78937 78938 78944
56995 16 246392 246397 250175 250176 250177 5574 56994 57002 57465 6313 6314 6315 6316 68 88361 88362
129135 15 129136 129149 129153 129217 129218 129238 129255 166 170942 240 387 449 475 8290 8291
59945 17 2718 59443 59951 60051 60053 60069 60070 60090 60095 60483 60484 60485 60486 60487 60490 60491 60492
241558 15 196020 203 235791 236104 237270 237271 237591 237593 239660 239931 239934 241559 241561 241562 241838
241559 15 196020 203 235791 236104 237270 237271 237591 237593 239660 239931 239934 241558 241561 241562 241838
234003 17 111441 128165 128166 171399 217599 217600 217601 233350 233523 233557 233862 24450 45345 50247 50248 7504 85450
232770 15 111441 128165 128166 171399 217599 217600 217601 233523 233862 24450 45345 50247 50248 7504 85450
8290 16 129135 129136 129149 129153 129217 129218 129238 129255 142 166 170942 240 387 449 475 8291
24450 92 125826 125827 125907 128165 128166 128167 128168 128169 128170 128171 131263 131264 131272 131273 131274 131275 131276 131277 131278 131279 171399 217599 217600 217601 223936 223937 223939 224083 224084 224087 232733 232770 232822 232823 232824 232848 232865 232962 232963 232964 232966 233040 233041 233042 233043 233132 233133 233134 233192 233193 233194 233263 233264 233265 233349 233350 233413 233414 233460 233461 233462 233523 233555 233556 233557 233575 233576 233577 233767 233768 233769 233862 233863 233893 234003 234740 236182 236209 236214 236215 236216 236218 236221 236222 236223 236224 236225 236226 236227 50247 50248 7504
8291 15 129135 129136 129149 129153 129217 129218 129238 129255 166 170942 240 387 449 475 8290
60069 17 2718 59443 59945 59951 60051 60053 60070 60090 60095 60483 60484 60485 60486 60487 60490 60491 60492
94214 14 104457 139339 139340 139341 139342 139345 139346 139347 139348 139349 139350 140231 140232 140233
173718 0
74624 15 178248 34472 34474 34491 34524 51 52539 62394 62395 62396 62397 63376 63481 74600 7689
4188 15 4006 4068 4126 4466 4467 447 578 5900 6003 62025 63521 63522 63523 6527 7588
233264 17 111441 128165 128166 171399 217599 217600 217601 233263 233265 233523 233862 24450 45345 50247 50248 7504 85450
161442 15 161440 161441 161443 161444 161445 161446 161447 161448 161449 161450 161451 161452 161453 161454 161455
233265 17 111441 128165 128166 171399 217599 217600 217601 233263 233264 233523 233862 24450 45345 50247 50248 7504 85450
161443 15 161440 161441 161442 161444 161445 161446 161447 161448 161449 161450 161451 161452 161453 161454 161455
161440 15 161441 161442 161443 161444 161445 161446 161447 161448 161449 161450 161451 161452 161453 161454 161455
233263 18 111441 128165 128166 171399 217599 217600 217601 233264 233265 233523 233575 233862 24450 45345 50247 50248 7504 85450
161441 15 161440 161442 161443 161444 161445 161446 161447 161448 161449 161450 161451 161452 161453 161454 161455
161448 15 161440 161441 161442 161443 161444 161445 161446 161447 161449 161450 161451 161452 161453 161454 161455
161449 15 161440 161441 161442 161443 161444 161445 161446 161447 161448 161450 161451 161452 161453 161454 161455
136090 15 136019 136020 136026 136027 136082 136083 136084 136085 136086 136087 136088 136089 136091 23208 94524
161446 15 161440 161441 161442 161443 161444 161445 161447 161448 161449 161450 161451 161452 161453 161454 161455
139073 6 136019 136020 136026 136027 139072 139074
136091 15 136019 136020 136026 136027 136082 136083 136084 136085 136086 136087 136088 136089 136090 23208 94524
161447 15 161440 161441 161442 161443 161444 161445 161446 161448 161449 161450 161451 161452 161453 161454 161455
139072 6 136019 136020 136026 136027 139073 139074
6003 16 4006 4068 4126 4188 4466 4467 447 578 5900 62025 63488 63521 63522 63523 6527 7588
161444 15 161440 161441 161442 161443 161445 161446 161447 161448 161449 161450 161451 161452 161453 161454 161455
161445 15 161440 161441 161442 161443 161444 161446 161447 161448 161449 161450 161451 161452 161453 161454 161455
139074 7 136019 136020 136026 136027 139072 139073 139207
23330 20 110022 110024 110025 110027 110056 110089 110092 110093 23272 23302 5384 5385 59452 59455 59761 59762 59763 59764 59766 7700
3018 16 145545 145546 145547 145548 145549 145550 199205 199296 199883 215796 215971 216062 216403 2845 3019 81
60051 17 2718 59443 59945 59951 60053 60069 60070 60090 60095 60483 60484 60485 60486 60487 60490 60491 60492
3019 16 145545 145546 145547 145548 145549 145550 199205 199296 199883 215796 215971 216062 216403 2845 3018 81
76680 0
60053 17 2718 59443 59945 59951 60051 60069 60070 60090 60095 60483 60484 60485 60486 60487 60490 60491 60492
129153 15 129135 129136 129149 129217 129218 129238 129255 166 170942 240 387 449 475 8290 8291
161451 15 161440 161441 161442 161443 161444 161445 161446 161447 161448 161449 161450 161452 161453 161454 161455
136086 15 136019 136020 136026 136027 136082 136083 136084 136085 136087 136088 136089 136090 136091 23208 94524
161452 15 161440 161441 161442 161443 161444 161445 161446 161447 161448 161449 161450 161451 161453 161454 161455
136087 15 136019 136020 136026 136027 136082 136083 136084 136085 136086 136088 136089 136090 136091 23208 94524
94524 21 136071 136072 136073 136074 136075 136076 136077 136078 136079 136080 136082 136083 136084 136085 136086 136087 136088 136089 136090 136091 23208
166945 15 106108 134162 166944 167053 167054 167170 167195 167197 167493 167494 167495 168143 168144 84662 84663
161453 15 161440 161441 161442 161443 161444 161445 161446 161447 161448 161449 161450 161451 161452 161454 161455
136084 15 136019 136020 136026 136027 136082 136083 136085 136086 136087 136088 136089 136090 136091 23208 94524
233555 18 111441 128165 128166 171399 217599 217600 217601 232962 233523 233556 233557 233862 24450 45345 50247 50248 7504 85450
166944 15 106108 134162 166945 167053 167054 167170 167195 167197 167493 167494 167495 168143 168144 84662 84663
161454 15 161440 161441 161442 161443 161444 161445 161446 161447 161448 161449 161450 161451 161452 161453 161455
136085 15 136019 136020 136026 136027 136082 136083 136084 136086 136087 136088 136089 136090 136091 23208 94524
233556 18 111441 128165 128166 171399 217599 217600 217601 233349 233523 233555 233557 233862 24450 45345 50247 50248 7504 85450
233557 19 111441 128165 128166 171399 217599 217600 217601 233350 233523 233555 233556 233862 234003 24450 45345 50247 50248 7504 85450
136088 15 136019 136020 136026 136027 136082 136083 136084 136085 136086 136087 136089 136090 136091 23208 94524
161450 15 161440 161441 161442 161443 161444 161445 161446 161447 161448 161449 161451 161452 161453 161454 161455
136089 15 136019 136020 136026 136027 136082 136083 136084 136085 136086 136087 136088 136090 136091 23208 94524
233460 17 111441 128165 128166 171399 217599 217600 217601 233461 233462 233523 233862 24450 45345 50247 50248 7504 85450
233461 17 111441 128165 128166 171399 217599 217600 217601 233460 233462 233523 233862 24450 45345 50247 50248 7504 85450
233462 19 111441 128165 128166 171399 217599 217600 217601 232824 233460 233461 233523 233862 233893 24450 45345 50247 50248 7504 85450
186412 17 135010 138121 186114 187219 193870 194446 194447 206437 211009 220517 225597 225600 225610 228109 228110 229946 233968
161455 15 161440 161441 161442 161443 161444 161445 161446 161447 161448 161449 161450 161451 161452 161453 161454
136082 17 136019 136020 136026 136027 136079 136080 136083 136084 136085 136086 136087 136088 136089 136090 136091 23208 94524
136083 16 136019 136020 136026 136027 136080 136082 136084 136085 136086 136087 136088 136089 136090 136091 23208 94524
136080 17 136019 136020 136026 136027 136071 136072 136073 136074 136075 136076 136077 136078 136079 136082 136083 23208 94524
4006 15 4068 4126 4188 4466 4467 447 578 5900 6003 62025 63521 63522 63523 6527 7588
233040 22 111441 128165 128166 171399 217599 217600 217601 233041 233042 233043 233194 233414 233523 233769 233862 233863 24450 45345 50247 50248 7504 85450
233041 19 111441 128165 128166 171399 217599 217600 217601 233040 233042 233043 233523 233577 233862 24450 45345 50247 50248 7504 85450
232824 19 111441 128165 128166 171399 217599 217600 217601 232822 232823 233462 233523 233862 233893 24450 45345 50247 50248 7504 85450
232823 18 111441 128165 128166 128168 171399 217599 217600 217601 232822 232824 233523 233862 24450 45345 50247 50248 7504 85450
186689 14 103854 104238 104335 104479 104494 104657 105041 105066 105078 105122 105142 105237 105282 6313
233042 18 111441 128165 128166 171399 217599 217600 217601 233040 233041 233043 233523 233862 24450 45345 50247 50248 7504 85450
233043 18 111441 128165 128166 171399 217599 217600 217601 233040 233041 233042 233523 233862 24450 45345 50247 50248 7504 85450
232733 15 111441 128165 128166 171399 217599 217600 217601 233523 233862 24450 45345 50247 50248 7504 85450
59452 20 110022 110024 110025 110027 110056 110089 110092 110093 23272 23302 23330 5384 5385 59455 59761 59762 59763 59764 59766 7700
1861 16 110 129323 129324 129325 129327 129328 129329 129331 129332 129333 27710 56857 78937 78938 78944 78945
232822 17 111441 128165 128166 171399 217599 217600 217601 232823 232824 233523 233862 24450 45345 50247 50248 7504 85450
55808 16 203719 204502 204504 204512 204513 204514 204516 204517 204573 204574 204575 204576 204577 23110 55793 55812
23208 25 136019 136020 136026 136027 136071 136072 136073 136074 136075 136076 136077 136078 136079 136080 136082 136083 136084 136085 136086 136087 136088 136089 136090 136091 94524
139090 6 136019 136020 136026 136027 139091 139092
225600 18 135010 138137 141285 186114 186412 187219 194446 194447 206437 211978 220517 225597 225610 228109 228110 229946 233968 244968
139091 6 136019 136020 136026 136027 139090 139092
59455 20 110022 110024 110025 110027 110056 110089 110092 110093 23272 23302 23330 5384 5385 59452 59761 59762 59763 59764 59766 7700
55812 18 203719 204502 204503 204504 204512 204513 204514 204517 204520 204573 204574 204575 204576 204577 23110 55792 55793 55808
139092 6 136019 136020 136026 136027 139090 139091
138999 16 138985 138986 138987 138988 138989 138990 138991 138992 138993 138994 138995 138996 138997 151898 28387 79326
204502 25 1075 128166 1541 203719 204503 204504 204512 204513 204514 204516 204517 204518 204520 204573 204574 204575 204576 204577 23110 31149 4275 55792 55793 55808 55812
204503 15 203719 204502 204504 204512 204513 204514 204517 204573 204574 204575 204576 204577 23110 55793 55812
138997 16 138985 138986 138987 138988 138989 138990 138991 138992 138993 138994 138995 138996 138999 151898 28387 79326
204504 15 1075 1541 204502 204503 204514 204516 204518 204520 23110 31149 4275 55792 55793 55808 55812
138996 16 138985 138986 138987 138988 138989 138990 138991 138992 138993 138994 138995 138997 138999 151898 28387 79326
239934 25 196020 203 235791 236104 237270 237271 237591 237593 239660 239663 239665 239929 239931 240062 241558 241559 241561 241562 241838 243980 244050 244370 244970 244971 245092
139349 16 104457 139339 139340 139341 139342 139345 139346 139347 139348 139350 140231 140232 140233 15110 2390 94214
139348 15 104457 139339 139340 139341 139342 139345 139346 139347 139349 139350 140231 140232 140233 2390 94214
199883 16 145545 145546 145547 145548 145549 145550 199205 199296 215796 215971 216062 216403 2845 3018 3019 81
204520 20 1075 1541 203719 204502 204504 204512 204513 204514 204516 204517 204518 204573 204574 204575 204576 204577 23110 31149 4275 55812
125907 15 111441 128165 128166 171399 217599 217600 217601 233523 233862 24450 45345 50247 50248 7504 85450
59443 17 2718 59945 59951 60051 60053 60069 60070 60090 60095 60483 60484 60485 60486 60487 60490 60491 60492
132366 15 1845 57813 5894 5898 5902 5917 63488 63489 63490 63491 63492 63493 63494 63495 63496
2718 17 59443 59945 59951 60051 60053 60069 60070 60090 60095 60483 60484 60485 60486 60487 60490 60491 60492
139207 5 136019 136020 136026 136027 139074
211993 14 135010 138121 138137 182703 206437 211983 211984 211985 211986 211987 211989 211992 211994 211999
211992 15 141285 194446 211983 211984 211985 211986 211987 211989 211993 211994 211999 228109 228110 229946 233968
211994 14 135010 138121 138137 182703 206437 211983 211984 211985 211986 211987 211989 211992 211993 211999
233193 20 111441 128165 128166 128167 128171 171399 217599 217600 217601 233192 233194 233413 233523 233862 24450 45345 50247 50248 7504 85450
233192 19 111441 128165 128166 171399 217599 217600 217601 223936 233193 233194 233523 233767 233862 24450 45345 50247 50248 7504 85450
139350 14 104457 139339 139340 139341 139342 139345 139346 139347 139348 139349 140231 140232 2390 94214
211999 14 135010 138121 138137 182703 206437 211983 211984 211985 211986 211987 211989 211992 211993 211994
233194 21 111441 128165 128166 171399 217599 217600 217601 233040 233192 233193 233414 233523 233769 233862 233863 24450 45345 50247 50248 7504 85450
204514 24 1075 1541 203719 204502 204503 204504 204512 204513 204516 204517 204518 204520 204573 204574 204575 204576 204577 23110 31149 4275 55792 55793 55808 55812
204512 16 1075 1541 204502 204503 204513 204514 204516 204518 204520 23110 31149 4275 55792 55793 55808 55812
204513 16 1075 1541 204502 204503 204512 204514 204516 204518 204520 23110 31149 4275 55792 55793 55808 55812
233575 18 111441 128165 128166 171399 217599 217600 217601 233263 233523 233576 233577 233862 24450 45345 50247 50248 7504 85450
204518 18 203719 204502 204504 204512 204513 204514 204516 204517 204520 204573 204574 204575 204576 204577 23110 4275 55792 55793
233577 18 111441 128165 128166 171399 217599 217600 217601 233041 233523 233575 233576 233862 24450 45345 50247 50248 7504 85450
204516 22 1075 1541 203719 204502 204504 204512 204513 204514 204517 204518 204520 204573 204574 204575 204576 204577 23110 31149 4275 55792 55793 55808
233576 18 111441 128165 128166 128170 171399 217599 217600 217601 233523 233575 233577 233862 24450 45345 50247 50248 7504 85450
204517 15 1075 1541 204502 204503 204514 204516 204518 204520 23110 31149 4275 55792 55793 55808 55812
191595 14 188377 198300 198306 198307 198308 198309 198310 20725 27383 51890 5843 61547 62318 94626
145550 16 145545 145546 145547 145548 145549 199205 199296 199883 215796 215971 216062 216403 2845 3018 3019 81
199296 16 145545 145546 145547 145548 145549 145550 199205 199883 215796 215971 216062 216403 2845 3018 3019 81
139339 15 104457 139340 139341 139342 139345 139346 139347 139348 139349 139350 140231 140232 140233 2390 94214
239929 15 196020 203 235791 236104 237270 237271 237591 237593 239660 239663 239665 239931 239934 240062 241561
145549 16 145545 145546 145547 145548 145550 199205 199296 199883 215796 215971 216062 216403 2845 3018 3019 81
244968 16 135010 141285 193870 194446 194447 206437 211009 211978 220517 225600 225610 228109 228110 233968 244970 244971
179069 15 47778 48435 48436 48437 48438 48439 48440 48441 48442 48443 48444 48445 48446 48447 7908
139345 15 104457 139339 139340 139341 139342 139346 139347 139348 139349 139350 140231 140232 140233 2390 94214
1541 15 203719 204502 204504 204512 204513 204514 204516 204517 204520 204573 204574 204575 204576 204577 23110
239931 25 196020 203 235791 236104 237270 237271 237591 237593 239660 239663 239665 239929 239934 240062 241558 241559 241561 241562 241838 243980 244050 244370 244970 244971 245092
139346 15 104457 139339 139340 139341 139342 139345 139347 139348 139349 139350 140231 140232 140233 2390 94214
139347 15 104457 139339 139340 139341 139342 139345 139346 139348 139349 139350 140231 140232 140233 2390 94214
241838 15 196020 203 235791 236104 237270 237271 237591 237593 239660 239931 239934 241558 241559 241561 241562
145546 16 145545 145547 145548 145549 145550 199205 199296 199883 215796 215971 216062 216403 2845 3018 3019 81
139340 15 104457 139339 139341 139342 139345 139346 139347 139348 139349 139350 140231 140232 140233 2390 94214
145545 16 145546 145547 145548 145549 145550 199205 199296 199883 215796 215971 216062 216403 2845 3018 3019 81
139341 15 104457 139339 139340 139342 139345 139346 139347 139348 139349 139350 140231 140232 140233 2390 94214
145548 16 145545 145546 145547 145549 145550 199205 199296 199883 215796 215971 216062 216403 2845 3018 3019 81
139342 15 104457 139339 139340 139341 139345 139346 139347 139348 139349 139350 140231 140232 140233 2390 94214
145547 16 145545 145546 145548 145549 145550 199205 199296 199883 215796 215971 216062 216403 2845 3018 3019 81
63522 15 4006 4068 4126 4188 4466 4467 447 578 5900 6003 62025 63521 63523 6527 7588
63523 15 4006 4068 4126 4188 4466 4467 447 578 5900 6003 62025 63521 63522 6527 7588
236182 15 111441 128165 128166 171399 217599 217600 217601 233523 233862 24450 45345 50247 50248 7504 85450
59766 15 110089 110092 110093 23272 23302 23330 5384 5385 59452 59455 59761 59762 59763 59764 7700
59763 20 110022 110024 110025 110027 110056 110089 110092 110093 23272 23302 23330 5384 5385 59452 59455 59761 59762 59764 59766 7700
59764 20 110022 110024 110025 110027 110056 110089 110092 110093 23272 23302 23330 5384 5385 59452 59455 59761 59762 59763 59766 7700
233413 18 111441 128165 128166 128167 171399 217599 217600 217601 233193 233414 233523 233862 24450 45345 50247 50248 7504 85450
233414 19 111441 128165 128166 171399 217599 217600 217601 233040 233194 233413 233523 233862 233863 24450 45345 50247 50248 7504 85450
173150 0
88361 16 246392 246397 250175 250176 250177 5574 56994 56995 57002 57465 6313 6314 6315 6316 68 88362
28387 15 138985 138986 138987 138988 138989 138990 138991 138992 138993 138994 138995 138996 138997 138999 151898
88362 16 246392 246397 250175 250176 250177 5574 56994 56995 57002 57465 6313 6314 6315 6316 68 88361
110089 19 110022 110024 110025 110027 110056 110092 23272 23302 23330 5384 5385 59452 59455 59761 59762 59763 59764 59766 7700
63521 15 4006 4068 4126 4188 4466 4467 447 578 5900 6003 62025 63522 63523 6527 7588
225610 18 135010 138137 141285 186114 186412 187219 194446 194447 206437 211978 220517 225597 225600 228109 228110 229946 233968 244968
110092 20 110022 110024 110025 110027 110056 110089 110093 23272 23302 23330 5384 5385 59452 59455 59761 59762 59763 59764 59766 7700
110093 19 110022 110024 110025 110027 110056 110092 23272 23302 23330 5384 5385 59452 59455 59761 59762 59763 59764 59766 7700
59762 20 110022 110024 110025 110027 110056 110089 110092 110093 23272 23302 23330 5384 5385 59452 59455 59761 59763 59764 59766 7700
239663 16 196020 203 235791 236104 237270 237271 237591 237593 239660 239665 239929 239931 239934 240062 241561 241562
59761 20 110022 110024 110025 110027 110056 110089 110092 110093 23272 23302 23330 5384 5385 59452 59455 59762 59763 59764 59766 7700
239660 25 196020 203 235791 236104 237270 237271 237591 237593 239663 239665 239929 239931 239934 240062 241558 241559 241561 241562 241838 243980 244050 244370 244970 244971 245092
244971 16 196020 203 235791 236104 237270 237271 237591 237593 239660 239931 239934 244050 244370 244968 244970 245092
244970 17 196020 203 235791 236104 237270 237271 237591 237593 239660 239931 239934 243980 244050 244370 244968 244971 245092
129255 15 129135 129136 129149 129153 129217 129218 129238 166 170942 240 387 449 475 8290 8291
239665 16 196020 203 235791 236104 237270 237271 237591 237593 239660 239663 239929 239931 239934 240062 241561 241562
61547 14 188377 191595 198300 198306 198307 198308 198309 198310 20725 27383 51890 5843 62318 94626
62025 15 4006 4068 4126 4188 4466 4467 447 578 5900 6003 63521 63522 63523 6527 7588
105282 15 103854 104238 104335 104479 104494 104657 105041 105066 105078 105122 105142 105237 105934 186689 6313
23272 20 110022 110024 110025 110027 110056 110089 110092 110093 23302 23330 5384 5385 59452 59455 59761 59762 59763 59764 59766 7700
209120 0
220517 17 135010 138137 141285 186114 186412 187219 194446 206437 211978 225597 225600 225610 228109 228110 229946 233968 244968
203719 16 1075 1541 198308 204502 204503 204514 204516 204518 204520 23110 31149 4275 55792 55793 55808 55812
98290 15 120482 189893 97614 98266 98289 98319 98320 98321 98322 98323 98324 98325 98326 98327 98328
229946 18 135010 138137 141285 186412 187219 193870 194446 194447 206437 211009 211978 211992 220517 225600 225610 228109 228110 233968
105934 14 103854 104238 104335 104479 104494 104657 105041 105066 105078 105122 105142 105237 105282 6313
224084 17 111441 128165 128166 171399 217599 217600 217601 224083 224087 233523 233862 24450 45345 50247 50248 7504 85450
224087 16 111441 128165 128166 171399 217599 217600 217601 224084 233523 233862 24450 45345 50247 50248 7504 85450
79326 15 138985 138986 138987 138988 138989 138990 138991 138992 138993 138994 138995 138996 138997 138999 151898
224083 19 111441 128165 128166 171399 217599 217600 217601 223936 224084 232865 233523 233767 233862 24450 45345 50247 50248 7504 85450
160552 15 118977 151568 151569 151570 151571 151572 151573 151574 151702 151703 151704 151705 151706 151707 151708
23110 24 1075 1541 203719 204502 204503 204504 204512 204513 204514 204516 204517 204518 204520 204573 204574 204575 204576 204577 31149 4275 55792 55793 55808 55812
211978 17 135010 141285 186114 187219 193870 194446 194447 206437 220517 225597 225600 225610 228109 228110 229946 233968 244968
178248 15 34472 34474 34491 34524 51 52539 62394 62395 62396 62397 63376 63481 74600 74624 7689
1075 16 203719 204502 204504 204512 204513 204514 204516 204517 204520 204573 204574 204575 204576 204577 23110 55793
155615 1 155614
155614 1 155615
51890 14 188377 191595 198300 198306 198307 198308 198309 198310 20725 27383 5843 61547 62318 94626
105122 14 103854 104238 104335 104479 104494 104657 105041 105066 105078 105142 105237 105282 105934 186689
98289 15 120482 189893 97614 98266 98290 98319 98320 98321 98322 98323 98324 98325 98326 98327 98328
211989 15 135010 138121 138137 182703 206437 211009 211983 211984 211985 211986 211987 211992 211993 211994 211999
240062 16 196020 203 235791 236104 237270 237271 237591 237593 239660 239663 239665 239929 239931 239934 241561 241562
5898 18 132366 1845 49480 578 57813 5894 5900 5902 5917 63488 63489 63490 63491 63492 63493 63494 63495 63496
211983 14 135010 138121 138137 182703 206437 211984 211985 211986 211987 211989 211992 211993 211994 211999
211984 14 135010 138121 138137 182703 206437 211983 211985 211986 211987 211989 211992 211993 211994 211999
211985 15 135010 138121 138137 182703 206437 211009 211983 211984 211986 211987 211989 211992 211993 211994 211999
211986 15 135010 138121 138137 182703 206437 211009 211983 211984 211985 211987 211989 211992 211993 211994 211999
151708 15 118977 151568 151569 151570 151571 151572 151573 151574 151702 151703 151704 151705 151706 151707 160552
211987 14 135010 138121 138137 182703 206437 211983 211984 211985 211986 211989 211992 211993 211994 211999
151707 15 118977 151568 151569 151570 151571 151572 151573 151574 151702 151703 151704 151705 151706 151708 160552
151706 15 118977 151568 151569 151570 151571 151572 151573 151574 151702 151703 151704 151705 151707 151708 160552
151704 15 118977 151568 151569 151570 151571 151572 151573 151574 151702 151703 151705 151706 151707 151708 160552
151705 15 118977 151568 151569 151570 151571 151572 151573 151574 151702 151703 151704 151706 151707 151708 160552
151702 15 118977 151568 151569 151570 151571 151572 151573 151574 151703 151704 151705 151706 151707 151708 160552
167170 15 106108 134162 166944 166945 167053 167054 167195 167197 167493 167494 167495 168143 168144 84662 84663
151703 15 118977 151568 151569 151570 151571 151572 151573 151574 151702 151704 151705 151706 151707 151708 160552
22167 15 15109 15110 15112 15113 15116 15117 15118 15121 15123 15124 15125 15129 15132 15133 22166
61130 1 61131
250175 16 246392 246397 250176 250177 5574 56994 56995 57002 57465 6313 6314 6315 6316 68 88361 88362
236104 25 196020 203 235791 237270 237271 237591 237593 239660 239663 239665 239929 239931 239934 240062 241558 241559 241561 241562 241838 243980 244050 244370 244970 244971 245092
250176 16 246392 246397 250175 250177 5574 56994 56995 57002 57465 6313 6314 6315 6316 68 88361 88362
35089 9 127575 127576 127577 127578 127580 127581 127586 127587 51
22166 17 15109 15110 15112 15113 15116 15117 15118 15121 15123 15124 15125 15129 15132 15133 22167 22171 22175
250177 15 246397 250175 250176 5574 56994 56995 57002 57465 6313 6314 6315 6316 68 88361 88362
61134 1 61131
61131 2 61130 61134
233768 18 111441 128165 128166 128171 171399 217599 217600 217601 233523 233767 233769 233862 24450 45345 50247 50248 7504 85450
233767 21 111441 128165 128166 171399 217599 217600 217601 223936 224083 232865 233192 233523 233768 233769 233862 24450 45345 50247 50248 7504 85450
228109 18 135010 138137 141285 186412 193870 194446 194447 206437 211009 211978 211992 220517 225600 225610 228110 229946 233968 244968
94626 14 188377 191595 198300 198306 198307 198308 198309 198310 20725 27383 51890 5843 61547 62318
233769 20 111441 128165 128166 171399 217599 217600 217601 233040 233194 233523 233767 233768 233862 233863 24450 45345 50247 50248 7504 85450
22175 15 15109 15110 15112 15113 15116 15117 15118 15121 15123 15124 15125 15129 15132 15133 22166
233863 19 111441 128165 128166 171399 217599 217600 217601 233040 233194 233414 233523 233769 233862 24450 45345 50247 50248 7504 85450
233862 95 111441 125826 125827 125907 128165 128166 128167 128168 128169 128170 128171 131263 131264 131272 131273 131274 131275 131276 131277 131278 131279 171399 217599 217600 217601 223936 223937 223939 224083 224084 224087 232733 232770 232822 232823 232824 232848 232865 232962 232963 232964 232966 233040 233041 233042 233043 233132 233133 233134 233192 233193 233194 233263 233264 233265 233349 233350 233413 233414 233460 233461 233462 233523 233555 233556 233557 233575 233576 233577 233767 233768 233769 233863 233893 234003 234740 236182 236209 236214 236215 236216 236218 236221 236222 236223 236224 236225 236226 236227 24450 45345 50247 50248 7504 85450
60070 17 2718 59443 59945 59951 60051 60053 60069 60090 60095 60483 60484 60485 60486 60487 60490 60491 60492
22171 15 15109 15110 15112 15113 15116 15117 15118 15121 15123 15124 15125 15129 15132 15133 22166
47778 15 179069 48435 48436 48437 48438 48439 48440 48441 48442 48443 48444 48445 48446 48447 7908
233968 18 135010 138137 141285 186412 193870 194446 194447 206437 211009 211978 211992 220517 225600 225610 228109 228110 229946 244968
228110 18 135010 138137 141285 186412 193870 194446 194447 206437 211009 211978 211992 220517 225600 225610 228109 229946 233968 244968
105237 14 103854 104238 104335 104479 104494 104657 105041 105066 105078 105122 105142 105282 105934 186689
97614 15 120482 189893 98266 98289 98290 98319 98320 98321 98322 98323 98324 98325 98326 98327 98328
105142 14 103854 104238 104335 104479 104494 104657 105041 105066 105078 105122 105237 105282 105934 186689
105041 14 103854 104238 104335 104479 104494 104657 105066 105078 105122 105142 105237 105282 105934 186689
81 16 145545 145546 145547 145548 145549 145550 199205 199296 199883 215796 215971 216062 216403 2845 3018 3019
171775 0
236227 18 111441 128165 128166 171399 217599 217600 217601 233523 233862 236224 236225 236226 24450 45345 50247 50248 7504 85450
204573 18 1075 1541 204502 204503 204514 204516 204518 204520 204574 204575 204576 23110 31149 4275 55792 55793 55808 55812
236225 20 111441 128165 128166 171399 217599 217600 217601 233523 233862 236222 236223 236224 236226 236227 24450 45345 50247 50248 7504 85450
236226 19 111441 128165 128166 171399 217599 217600 217601 233523 233862 236223 236224 236225 236227 24450 45345 50247 50248 7504 85450
68 16 246392 246397 250175 250176 250177 5574 56994 56995 57002 57465 6313 6314 6315 6316 88361 88362
204576 19 1075 1541 204502 204503 204514 204516 204518 204520 204573 204574 204575 204577 23110 31149 4275 55792 55793 55808 55812
204577 18 1075 1541 204502 204503 204514 204516 204518 204520 204574 204575 204576 23110 31149 4275 55792 55793 55808 55812
204574 19 1075 1541 204502 204503 204514 204516 204518 204520 204573 204575 204576 204577 23110 31149 4275 55792 55793 55808 55812
55792 17 203719 204502 204504 204512 204513 204514 204516 204517 204518 204573 204574 204575 204576 204577 23110 55793 55812
204575 19 1075 1541 204502 204503 204514 204516 204518 204520 204573 204574 204576 204577 23110 31149 4275 55792 55793 55808 55812
55793 20 1075 203719 204502 204503 204504 204512 204513 204514 204516 204517 204518 204573 204574 204575 204576 204577 23110 55792 55808 55812
167054 15 106108 134162 166944 166945 167053 167170 167195 167197 167493 167494 167495 168143 168144 84662 84663
167053 15 106108 134162 166944 166945 167054 167170 167195 167197 167493 167494 167495 168143 168144 84662 84663
60707 0
236218 18 111441 128165 128166 171399 217599 217600 217601 233523 233862 236215 236216 236221 24450 45345 50247 50248 7504 85450
136020 31 136019 136026 136027 136071 136072 136073 136074 136075 136076 136077 136078 136079 136080 136082 136083 136084 136085 136086 136087 136088 136089 136090 136091 139072 139073 139074 139090 139091 139092 139207 23208
236214 17 111441 128165 128166 171399 217599 217600 217601 233523 233862 236215 236216 24450 45345 50247 50248 7504 85450
236215 18 111441 128165 128166 171399 217599 217600 217601 233523 233862 236214 236216 236218 24450 45345 50247 50248 7504 85450
236216 18 111441 128165 128166 171399 217599 217600 217601 233523 233862 236214 236215 236218 24450 45345 50247 50248 7504 85450
4126 15 4006 4068 4188 4466 4467 447 578 5900 6003 62025 63521 63522 63523 6527 7588
60090 17 2718 59443 59945 59951 60051 60053 60069 60070 60095 60483 60484 60485 60486 60487 60490 60491 60492
3506 1 7318
4466 15 4006 4068 4126 4188 4467 447 578 5900 6003 62025 63521 63522 63523 6527 7588
4467 15 4006 4068 4126 4188 4466 447 578 5900 6003 62025 63521 63522 63523 6527 7588
60095 17 2718 59443 59945 59951 60051 60053 60069 60070 60090 60483 60484 60485 60486 60487 60490 60491 60492
35050 16 127575 127576 127577 127578 127580 127581 127586 127589 127590 127591 127592 127593 127594 127597 127598 51
4275 17 203719 204502 204504 204512 204513 204514 204516 204517 204518 204520 204573 204574 204575 204576 204577 23110 5843
236222 19 111441 128165 128166 171399 217599 217600 217601 233523 233862 236221 236223 236224 236225 24450 45345 50247 50248 7504 85450
236221 19 111441 128165 128166 171399 217599 217600 217601 233523 233862 236218 236222 236223 236224 24450 45345 50247 50248 7504 85450
236224 21 111441 128165 128166 171399 217599 217600 217601 233523 233862 236221 236222 236223 236225 236226 236227 24450 45345 50247 50248 7504 85450
236223 20 111441 128165 128166 171399 217599 217600 217601 233523 233862 236221 236222 236224 236225 236226 24450 45345 50247 50248 7504 85450
104657 15 103854 104238 104335 104479 104494 105041 105066 105078 105122 105142 105237 105282 105934 186689 6313
136019 31 136020 136026 136027 136071 136072 136073 136074 136075 136076 136077 136078 136079 136080 136082 136083 136084 136085 136086 136087 136088 136089 136090 136091 139072 139073 139074 139090 139091 139092 139207 23208
236209 15 111441 128165 128166 171399 217599 217600 217601 233523 233862 24450 45345 50247 50248 7504 85450
182703 14 135010 138121 138137 206437 211009 211983 211984 211985 211986 211987 211989 211993 211994 211999
199205 16 145545 145546 145547 145548 145549 145550 199296 199883 215796 215971 216062 216403 2845 3018 3019 81
233523 95 111441 125826 125827 125907 128165 128166 128167 128168 128169 128170 128171 131263 131264 131272 131273 131274 131275 131276 131277 131278 131279 171399 217599 217600 217601 223936 223937 223939 224083 224084 224087 232733 232770 232822 232823 232824 232848 232865 232962 232963 232964 232966 233040 233041 233042 233043 233132 233133 233134 233192 233193 233194 233263 233264 233265 233349 233350 233413 233414 233460 233461 233462 233555 233556 233557 233575 233576 233577 233767 233768 233769 233862 233863 233893 234003 234740 236182 236209 236214 236215 236216 236218 236221 236222 236223 236224 236225 236226 236227 24450 45345 50247 50248 7504 85450
242519 15 242520 242521 242522 242523 242524 242525 242526 242527 242528 242529 242530 242531 242532 242533 242534
171399 95 111441 125826 125827 125907 128165 128166 128167 128168 128169 128170 128171 131263 131264 131272 131273 131274 131275 131276 131277 131278 131279 217599 217600 217601 223936 223937 223939 224083 224084 224087 232733 232770 232822 232823 232824 232848 232865 232962 232963 232964 232966 233040 233041 233042 233043 233132 233133 233134 233192 233193 233194 233263 233264 233265 233349 233350 233413 233414 233460 233461 233462 233523 233555 233556 233557 233575 233576 233577 233767 233768 233769 233862 233863 233893 234003 234740 236182 236209 236214 236215 236216 236218 236221 236222 236223 236224 236225 236226 236227 24450 45345 50247 50248 7504 85450
235791 25 196020 203 236104 237270 237271 237591 237593 239660 239663 239665 239929 239931 239934 240062 241558 241559 241561 241562 241838 243980 244050 244370 244970 244971 245092
170942 15 129135 129136 129149 129153 129217 129218 129238 129255 166 240 387 449 475 8290 8291
217599 95 111441 125826 125827 125907 128165 128166 128167 128168 128169 128170 128171 131263 131264 131272 131273 131274 131275 131276 131277 131278 131279 171399 217600 217601 223936 223937 223939 224083 224084 224087 232733 232770 232822 232823 232824 232848 232865 232962 232963 232964 232966 233040 233041 233042 233043 233132 233133 233134 233192 233193 233194 233263 233264 233265 233349 233350 233413 233414 233460 233461 233462 233523 233555 233556 233557 233575 233576 233577 233767 233768 233769 233862 233863 233893 234003 234740 236182 236209 236214 236215 236216 236218 236221 236222 236223 236224 236225 236226 236227 24450 45345 50247 50248 7504 85450
234740 15 111441 128165 128166 171399 217599 217600 217601 233523 233862 24450 45345 50247 50248 7504 85450
51 17 178248 34472 34474 34491 34524 35050 35089 52539 62394 62395 62396 62397 63376 63481 74600 74624 7689
151898 16 138985 138986 138987 138988 138989 138990 138991 138992 138993 138994 138995 138996 138997 138999 28387 79326
136026 31 136019 136020 136027 136071 136072 136073 136074 136075 136076 136077 136078 136079 136080 136082 136083 136084 136085 136086 136087 136088 136089 136090 136091 139072 139073 139074 139090 139091 139092 139207 23208
136027 31 136019 136020 136026 136071 136072 136073 136074 136075 136076 136077 136078 136079 136080 136082 136083 136084 136085 136086 136087 136088 136089 136090 136091 139072 139073 139074 139090 139091 139092 139207 23208
4068 15 4006 4126 4188 4466 4467 447 578 5900 6003 62025 63521 63522 63523 6527 7588
98320 15 120482 189893 97614 98266 98289 98290 98319 98321 98322 98323 98324 98325 98326 98327 98328
127580 17 127575 127576 127577 127578 127581 127586 127587 127589 127590 127591 127592 127593 127594 127597 127598 35050 35089
63496 16 132366 1845 49480 57813 5894 5898 5902 5917 63488 63489 63490 63491 63492 63493 63494 63495
98321 15 120482 189893 97614 98266 98289 98290 98319 98320 98322 98323 98324 98325 98326 98327 98328
99340 15 99333 99334 99335 99336 99337 99338 99339 99341 99342 99343 99344 99345 99346 99347 99348
63493 16 132366 1845 49480 57813 5894 5898 5902 5917 63488 63489 63490 63491 63492 63494 63495 63496
48446 15 179069 47778 48435 48436 48437 48438 48439 48440 48441 48442 48443 48444 48445 48447 7908
98324 15 120482 189893 97614 98266 98289 98290 98319 98320 98321 98322 98323 98325 98326 98327 98328
167495 15 106108 134162 166944 166945 167053 167054 167170 167195 167197 167493 167494 168143 168144 84662 84663
63492 16 132366 1845 49480 57813 5894 5898 5902 5917 63488 63489 63490 63491 63493 63494 63495 63496
48447 15 179069 47778 48435 48436 48437 48438 48439 48440 48441 48442 48443 48444 48445 48446 7908
98325 15 120482 189893 97614 98266 98289 98290 98319 98320 98321 98322 98323 98324 98326 98327 98328
167494 15 106108 134162 166944 166945 167053 167054 167170 167195 167197 167493 167495 168143 168144 84662 84663
63495 16 132366 1845 49480 57813 5894 5898 5902 5917 63488 63489 63490 63491 63492 63493 63494 63496
50248 95 111441 125826 125827 125907 128165 128166 128167 128168 128169 128170 128171 131263 131264 131272 131273 131274 131275 131276 131277 131278 131279 171399 217599 217600 217601 223936 223937 223939 224083 224084 224087 232733 232770 232822 232823 232824 232848 232865 232962 232963 232964 232966 233040 233041 233042 233043 233132 233133 233134 233192 233193 233194 233263 233264 233265 233349 233350 233413 233414 233460 233461 233462 233523 233555 233556 233557 233575 233576 233577 233767 233768 233769 233862 233863 233893 234003 234740 236182 236209 236214 236215 236216 236218 236221 236222 236223 236224 236225 236226 236227 24450 45345 50247 7504 85450
48444 15 179069 47778 48435 48436 48437 48438 48439 48440 48441 48442 48443 48445 48446 48447 7908
98322 15 120482 189893 97614 98266 98289 98290 98319 98320 98321 98323 98324 98325 98326 98327 98328
167493 15 106108 134162 166944 166945 167053 167054 167170 167195 167197 167494 167495 168143 168144 84662 84663
63494 16 132366 1845 49480 57813 5894 5898 5902 5917 63488 63489 63490 63491 63492 63493 63495 63496
50247 95 111441 125826 125827 125907 128165 128166 128167 128168 128169 128170 128171 131263 131264 131272 131273 131274 131275 131276 131277 131278 131279 171399 217599 217600 217601 223936 223937 223939 224083 224084 224087 232733 232770 232822 232823 232824 232848 232865 232962 232963 232964 232966 233040 233041 233042 233043 233132 233133 233134 233192 233193 233194 233263 233264 233265 233349 233350 233413 233414 233460 233461 233462 233523 233555 233556 233557 233575 233576 233577 233767 233768 233769 233862 233863 233893 234003 234740 236182 236209 236214 236215 236216 236218 236221 236222 236223 236224 236225 236226 236227 24450 45345 50248 7504 85450
48445 15 179069 47778 48435 48436 48437 48438 48439 48440 48441 48442 48443 48444 48446 48447 7908
98323 15 120482 189893 97614 98266 98289 98290 98319 98320 98321 98322 98324 98325 98326 98327 98328
98328 15 120482 189893 97614 98266 98289 98290 98319 98320 98321 98322 98323 98324 98325 98326 98327
127587 16 127575 127576 127577 127578 127580 127581 127586 127589 127590 127591 127592 127593 127594 127597 127598 35089
98326 16 107833 120482 189893 97614 98266 98289 98290 98319 98320 98321 98322 98323 98324 98325 98327 98328
127586 17 127575 127576 127577 127578 127580 127581 127587 127589 127590 127591 127592 127593 127594 127597 127598 35050 35089
98327 16 120482 189893 97614 98266 98289 98290 98319 98320 98321 98322 98323 98324 98325 98326 98328 99333
198310 14 188377 191595 198300 198306 198307 198308 198309 20725 27383 51890 5843 61547 62318 94626
34474 15 178248 34472 34491 34524 51 52539 62394 62395 62396 62397 63376 63481 74600 74624 7689
127581 16 127575 127577 127578 127580 127586 127587 127589 127590 127591 127592 127593 127594 127597 127598 35050 35089
242527 15 242519 242520 242521 242522 242523 242524 242525 242526 242528 242529 242530 242531 242532 242533 242534
34472 15 178248 34474 34491 34524 51 52539 62394 62395 62396 62397 63376 63481 74600 74624 7689
242528 15 242519 242520 242521 242522 242523 242524 242525 242526 242527 242529 242530 242531 242532 242533 242534
5843 17 188377 191595 198300 198306 198307 198308 198309 198310 20725 237593 245092 27383 4275 51890 61547 62318 94626
242525 15 242519 242520 242521 242522 242523 242524 242526 242527 242528 242529 242530 242531 242532 242533 242534
242526 15 242519 242520 242521 242522 242523 242524 242525 242527 242528 242529 242530 242531 242532 242533 242534
242529 15 242519 242520 242521 242522 242523 242524 242525 242526 242527 242528 242530 242531 242532 242533 242534
127578 17 127575 127576 127577 127580 127581 127586 127587 127589 127590 127591 127592 127593 127594 127597 127598 35050 35089
48443 15 179069 47778 48435 48436 48437 48438 48439 48440 48441 48442 48444 48445 48446 48447 7908
99345 15 99333 99334 99335 99336 99337 99338 99339 99340 99341 99342 99343 99344 99346 99347 99348
242520 15 242519 242521 242522 242523 242524 242525 242526 242527 242528 242529 242530 242531 242532 242533 242534
48442 15 179069 47778 48435 48436 48437 48438 48439 48440 48441 48443 48444 48445 48446 48447 7908
99346 15 99333 99334 99335 99336 99337 99338 99339 99340 99341 99342 99343 99344 99345 99347 99348
63490 16 132366 1845 49480 57813 5894 5898 5902 5917 63488 63489 63491 63492 63493 63494 63495 63496
48441 15 179069 47778 48435 48436 48437 48438 48439 48440 48442 48443 48444 48445 48446 48447 7908
99347 15 99333 99334 99335 99336 99337 99338 99339 99340 99341 99342 99343 99344 99345 99346 99348
63491 16 132366 1845 49480 57813 5894 5898 5902 5917 63488 63489 63490 63492 63493 63494 63495 63496
48440 15 179069 47778 48435 48436 48437 48438 48439 48441 48442 48443 48444 48445 48446 48447 7908
99348 15 99333 99334 99335 99336 99337 99338 99339 99340 99341 99342 99343 99344 99345 99346 99347
242523 15 242519 242520 242521 242522 242524 242525 242526 242527 242528 242529 242530 242531 242532 242533 242534
99341 15 99333 99334 99335 99336 99337 99338 99339 99340 99342 99343 99344 99345 99346 99347 99348
242524 15 242519 242520 242521 242522 242523 242525 242526 242527 242528 242529 242530 242531 242532 242533 242534
99342 15 99333 99334 99335 99336 99337 99338 99339 99340 99341 99343 99344 99345 99346 99347 99348
242521 15 242519 242520 242522 242523 242524 242525 242526 242527 242528 242529 242530 242531 242532 242533 242534
99343 15 99333 99334 99335 99336 99337 99338 99339 99340 99341 99342 99344 99345 99346 99347 99348
242522 15 242519 242520 242521 242523 242524 242525 242526 242527 242528 242529 242530 242531 242532 242533 242534
99344 15 99333 99334 99335 99336 99337 99338 99339 99340 99341 99342 99343 99345 99346 99347 99348
223937 17 111441 128165 128166 171399 217599 217600 217601 223936 223939 233523 233862 24450 45345 50247 50248 7504 85450
63488 17 132366 1845 49480 57813 5894 5898 5902 5917 6003 63489 63490 63491 63492 63493 63494 63495 63496
48437 16 14827 179069 47778 48435 48436 48438 48439 48440 48441 48442 48443 48444 48445 48446 48447 7908
48438 15 179069 47778 48435 48436 48437 48439 48440 48441 48442 48443 48444 48445 48446 48447 7908
48439 15 179069 47778 48435 48436 48437 48438 48440 48441 48442 48443 48444 48445 48446 48447 7908
223936 21 111441 128165 128166 171399 217599 217600 217601 223937 223939 224083 232865 233192 233523 233767 233862 24450 45345 50247 50248 7504 85450
104606 15 104607 104608 104609 104610 104611 104612 104613 104614 104615 104616 104617 104618 104619 104620 91425
223939 17 111441 128165 128166 171399 217599 217600 217601 223936 223937 233523 233862 24450 45345 50247 50248 7504 85450
48435 15 179069 47778 48436 48437 48438 48439 48440 48441 48442 48443 48444 48445 48446 48447 7908
63481 15 178248 34472 34474 34491 34524 51 52539 62394 62395 62396 62397 63376 74600 74624 7689
48436 15 179069 47778 48435 48437 48438 48439 48440 48441 48442 48443 48444 48445 48446 48447 7908
104609 15 104606 104607 104608 104610 104611 104612 104613 104614 104615 104616 104617 104618 104619 104620 91425
127575 17 127576 127577 127578 127580 127581 127586 127587 127589 127590 127591 127592 127593 127594 127597 127598 35050 35089
129663 15 129404 129405 129406 129407 129408 129409 129410 129411 129658 129659 129660 129661 129662 129664 129665
14827 5 16208 16218 16256 392 48437
129662 15 129404 129405 129406 129407 129408 129409 129410 129411 129658 129659 129660 129661 129663 129664 129665
104607 15 104606 104608 104609 104610 104611 104612 104613 104614 104615 104616 104617 104618 104619 104620 91425
127577 17 127575 127576 127578 127580 127581 127586 127587 127589 127590 127591 127592 127593 127594 127597 127598 35050 35089
129661 15 129404 129405 129406 129407 129408 129409 129410 129411 129658 129659 129660 129662 129663 129664 129665
475 15 129135 129136 129149 129153 129217 129218 129238 129255 166 170942 240 387 449 8290 8291
104608 15 104606 104607 104609 104610 104611 104612 104613 104614 104615 104616 104617 104618 104619 104620 91425
127576 16 127575 127577 127578 127580 127586 127587 127589 127590 127591 127592 127593 127594 127597 127598 35050 35089
129660 15 129404 129405 129406 129407 129408 129409 129410 129411 129658 129659 129661 129662 129663 129664 129665
98319 15 120482 189893 97614 98266 98289 98290 98320 98321 98322 98323 98324 98325 98326 98327 98328
129665 15 129404 129405 129406 129407 129408 129409 129410 129411 129658 129659 129660 129661 129662 129663 129664
63489 16 132366 1845 49480 57813 5894 5898 5902 5917 63488 63490 63491 63492 63493 63494 63495 63496
105078 14 103854 104238 104335 104479 104494 104657 105041 105066 105122 105142 105237 105282 105934 186689
129664 15 129404 129405 129406 129407 129408 129409 129410 129411 129658 129659 129660 129661 129662 129663 129665
141285 21 135010 138121 138137 186114 187219 193870 194446 194447 206437 211009 211978 211992 220517 225597 225600 225610 228109 228110 229946 233968 244968
129659 15 129404 129405 129406 129407 129408 129409 129410 129411 129658 129660 129661 129662 129663 129664 129665
129658 15 129404 129405 129406 129407 129408 129409 129410 129411 129659 129660 129661 129662 129663 129664 129665
242530 15 242519 242520 242521 242522 242523 242524 242525 242526 242527 242528 242529 242531 242532 242533 242534
242531 15 242519 242520 242521 242522 242523 242524 242525 242526 242527 242528 242529 242530 242532 242533 242534
242532 15 242519 242520 242521 242522 242523 242524 242525 242526 242527 242528 242529 242530 242531 242533 242534
242533 15 242519 242520 242521 242522 242523 242524 242525 242526 242527 242528 242529 242530 242531 242532 242534
211009 18 135010 138121 141285 182703 186114 186412 187219 193870 194446 206437 211985 211986 211989 228109 228110 229946 233968 244968
242534 15 242519 242520 242521 242522 242523 242524 242525 242526 242527 242528 242529 242530 242531 242532 242533
104335 14 103854 104238 104479 104494 104657 105041 105066 105078 105122 105142 105237 105282 105934 186689
104614 15 104606 104607 104608 104609 104610 104611 104612 104613 104615 104616 104617 104618 104619 104620 91425
104615 15 104606 104607 104608 104609 104610 104611 104612 104613 104614 104616 104617 104618 104619 104620 91425
104616 15 104606 104607 104608 104609 104610 104611 104612 104613 104614 104615 104617 104618 104619 104620 91425
104617 15 104606 104607 104608 104609 104610 104611 104612 104613 104614 104615 104616 104618 104619 104620 91425
104610 15 104606 104607 104608 104609 104611 104612 104613 104614 104615 104616 104617 104618 104619 104620 91425
104611 15 104606 104607 104608 104609 104610 104612 104613 104614 104615 104616 104617 104618 104619 104620 91425
104612 15 104606 104607 104608 104609 104610 104611 104613 104614 104615 104616 104617 104618 104619 104620 91425
104613 15 104606 104607 104608 104609 104610 104611 104612 104614 104615 104616 104617 104618 104619 104620 91425
63376 15 178248 34472 34474 34491 34524 51 52539 62394 62395 62396 62397 63481 74600 74624 7689
105066 14 103854 104238 104335 104479 104494 104657 105041 105078 105122 105142 105237 105282 105934 186689
107801 15 107814 107821 107822 107823 107824 107825 107826 107827 107828 107829 107830 107831 107832 107833 107834
104618 15 104606 104607 104608 104609 104610 104611 104612 104613 104614 104615 104616 104617 104619 104620 91425
134162 15 106108 166944 166945 167053 167054 167170 167195 167197 167493 167494 167495 168143 168144 84662 84663
104619 15 104606 104607 104608 104609 104610 104611 104612 104613 104614 104615 104616 104617 104618 104620 91425
34491 15 178248 34472 34474 34524 51 52539 62394 62395 62396 62397 63376 63481 74600 74624 7689
104620 15 104606 104607 104608 104609 104610 104611 104612 104613 104614 104615 104616 104617 104618 104619 91425
392 7 14827 16198 16208 16209 16218 16256 6095
2390 13 139339 139340 139341 139342 139345 139346 139347 139348 139349 139350 140231 140232 140233
107814 15 107801 107821 107822 107823 107824 107825 107826 107827 107828 107829 107830 107831 107832 107833 107834
57813 16 132366 1845 49480 5894 5898 5902 5917 63488 63489 63490 63491 63492 63493 63494 63495 63496
16256 7 14827 16198 16208 16209 16218 392 6095
99338 15 99333 99334 99335 99336 99337 99339 99340 99341 99342 99343 99344 99345 99346 99347 99348
99339 15 99333 99334 99335 99336 99337 99338 99340 99341 99342 99343 99344 99345 99346 99347 99348
5574 16 246392 246397 250175 250176 250177 56994 56995 57002 57465 6313 6314 6315 6316 68 88361 88362
107821 15 107801 107814 107822 107823 107824 107825 107826 107827 107828 107829 107830 107831 107832 107833 107834
45345 93 125826 125827 125907 128165 128166 128167 128168 128169 128170 128171 131263 131264 131272 131273 131274 131275 131276 131277 131278 131279 171399 217599 217600 217601 223936 223937 223939 224083 224084 224087 232733 232770 232822 232823 232824 232848 232865 232962 232963 232964 232966 233040 233041 233042 233043 233132 233133 233134 233192 233193 233194 233263 233264 233265 233349 233350 233413 233414 233460 233461 233462 233523 233555 233556 233557 233575 233576 233577 233767 233768 233769 233862 233863 233893 234003 234740 236182 236209 236214 236215 236216 236218 236221 236222 236223 236224 236225 236226 236227 50247 50248 7504 85450
74501 1 74600
99333 16 98327 99334 99335 99336 99337 99338 99339 99340 99341 99342 99343 99344 99345 99346 99347 99348
246392 15 246397 250175 250176 5574 56994 56995 57002 57465 6313 6314 6315 6316 68 88361 88362
99336 15 99333 99334 99335 99337 99338 99339 99340 99341 99342 99343 99344 99345 99346 99347 99348
99337 16 129331 99333 99334 99335 99336 99338 99339 99340 99341 99342 99343 99344 99345 99346 99347 99348
99334 15 99333 99335 99336 99337 99338 99339 99340 99341 99342 99343 99344 99345 99346 99347 99348
246397 16 246392 250175 250176 250177 5574 56994 56995 57002 57465 6313 6314 6315 6316 68 88361 88362
99335 15 99333 99334 99336 99337 99338 99339 99340 99341 99342 99343 99344 99345 99346 99347 99348
107827 15 107801 107814 107821 107822 107823 107824 107825 107826 107828 107829 107830 107831 107832 107833 107834
128167 20 111441 128165 128166 128168 128169 128170 171399 217599 217600 217601 233193 233413 233523 233862 24450 45345 50247 50248 7504 85450
129404 15 129405 129406 129407 129408 129409 129410 129411 129658 129659 129660 129661 129662 129663 129664 129665
7700 20 110022 110024 110025 110027 110056 110089 110092 110093 23272 23302 23330 5384 5385 59452 59455 59761 59762 59763 59764 59766
107826 15 107801 107814 107821 107822 107823 107824 107825 107827 107828 107829 107830 107831 107832 107833 107834
128166 96 111441 125826 125827 125907 128165 128167 128168 128169 128170 128171 131263 131264 131272 131273 131274 131275 131276 131277 131278 131279 171399 204502 217599 217600 217601 223936 223937 223939 224083 224084 224087 232733 232770 232822 232823 232824 232848 232865 232962 232963 232964 232966 233040 233041 233042 233043 233132 233133 233134 233192 233193 233194 233263 233264 233265 233349 233350 233413 233414 233460 233461 233462 233523 233555 233556 233557 233575 233576 233577 233767 233768 233769 233862 233863 233893 234003 234740 236182 236209 236214 236215 236216 236218 236221 236222 236223 236224 236225 236226 236227 24450 45345 50247 50248 7504 85450
129405 15 129404 129406 129407 129408 129409 129410 129411 129658 129659 129660 129661 129662 129663 129664 129665
107829 15 107801 107814 107821 107822 107823 107824 107825 107826 107827 107828 107830 107831 107832 107833 107834
128165 95 111441 125826 125827 125907 128166 128167 128168 128169 128170 128171 131263 131264 131272 131273 131274 131275 131276 131277 131278 131279 171399 217599 217600 217601 223936 223937 223939 224083 224084 224087 232733 232770 232822 232823 232824 232848 232865 232962 232963 232964 232966 233040 233041 233042 233043 233132 233133 233134 233192 233193 233194 233263 233264 233265 233349 233350 233413 233414 233460 233461 233462 233523 233555 233556 233557 233575 233576 233577 233767 233768 233769 233862 233863 233893 234003 234740 236182 236209 236214 236215 236216 236218 236221 236222 236223 236224 236225 236226 236227 24450 45345 50247 50248 7504 85450
129406 15 129404 129405 129407 129408 129409 129410 129411 129658 129659 129660 129661 129662 129663 129664 129665
245092 17 196020 203 235791 236104 237270 237271 237591 237593 239660 239931 239934 243980 244050 244370 244970 244971 5843
107828 15 107801 107814 107821 107822 107823 107824 107825 107826 107827 107829 107830 107831 107832 107833 107834
129407 15 129404 129405 129406 129408 129409 129410 129411 129658 129659 129660 129661 129662 129663 129664 129665
240 15 129135 129136 129149 129153 129217 129218 129238 129255 166 170942 387 449 475 8290 8291
98266 15 120482 189893 97614 98289 98290 98319 98320 98321 98322 98323 98324 98325 98326 98327 98328
107823 15 107801 107814 107821 107822 107824 107825 107826 107827 107828 107829 107830 107831 107832 107833 107834
129408 15 129404 129405 129406 129407 129409 129410 129411 129658 129659 129660 129661 129662 129663 129664 129665
5894 16 132366 1845 49480 57813 5898 5902 5917 63488 63489 63490 63491 63492 63493 63494 63495 63496
107822 15 107801 107814 107821 107823 107824 107825 107826 107827 107828 107829 107830 107831 107832 107833 107834
129409 15 129404 129405 129406 129407 129408 129410 129411 129658 129659 129660 129661 129662 129663 129664 129665
107825 15 107801 107814 107821 107822 107823 107824 107826 107827 107828 107829 107830 107831 107832 107833 107834
128169 19 111441 128165 128166 128167 128168 128170 128171 171399 217599 217600 217601 233523 233862 24450 45345 50247 50248 7504 85450
107824 15 107801 107814 107821 107822 107823 107825 107826 107827 107828 107829 107830 107831 107832 107833 107834
128168 20 111441 128165 128166 128167 128169 128170 128171 171399 217599 217600 217601 232823 233523 233862 24450 45345 50247 50248 7504 85450
111441 92 125826 125827 125907 128165 128166 128167 128168 128169 128170 128171 131263 131264 131272 131273 131274 131275 131276 131277 131278 131279 171399 217599 217600 217601 223936 223937 223939 224083 224084 224087 232733 232770 232822 232823 232824 232848 232865 232962 232963 232964 232966 233040 233041 233042 233043 233132 233133 233134 233192 233193 233194 233263 233264 233265 233349 233350 233413 233414 233460 233461 233462 233523 233555 233556 233557 233575 233576 233577 233767 233768 233769 233862 233863 233893 234003 234740 236182 236209 236214 236215 236216 236218 236221 236222 236223 236224 236225 236226 236227 50247 50248 85450
7908 15 179069 47778 48435 48436 48437 48438 48439 48440 48441 48442 48443 48444 48445 48446 48447
6316 16 246392 246397 250175 250176 250177 5574 56994 56995 57002 57465 6313 6314 6315 68 88361 88362
387 15 129135 129136 129149 129153 129217 129218 129238 129255 166 170942 240 449 475 8290 8291
6315 16 246392 246397 250175 250176 250177 5574 56994 56995 57002 57465 6313 6314 6316 68 88361 88362
6314 16 246392 246397 250175 250176 250177 5574 56994 56995 57002 57465 6313 6315 6316 68 88361 88362
215971 13 145545 145546 145547 145548 145549 145550 199205 199296 199883 2845 3018 3019 81
107830 15 107801 107814 107821 107822 107823 107824 107825 107826 107827 107828 107829 107831 107832 107833 107834
243980 15 196020 203 235791 236104 237270 237271 237591 237593 239660 239931 239934 244050 244370 244970 245092
62396 15 178248 34472 34474 34491 34524 51 52539 62394 62395 62397 63376 63481 74600 74624 7689
107831 15 107801 107814 107821 107822 107823 107824 107825 107826 107827 107828 107829 107830 107832 107833 107834
129410 15 129404 129405 129406 129407 129408 129409 129411 129658 129659 129660 129661 129662 129663 129664 129665
62397 15 178248 34472 34474 34491 34524 51 52539 62394 62395 62396 63376 63481 74600 74624 7689
107832 15 107801 107814 107821 107822 107823 107824 107825 107826 107827 107828 107829 107830 107831 107833 107834
62394 15 178248 34472 34474 34491 34524 51 52539 62395 62396 62397 63376 63481 74600 74624 7689
62395 15 178248 34472 34474 34491 34524 51 52539 62394 62396 62397 63376 63481 74600 74624 7689
129411 15 129404 129405 129406 129407 129408 129409 129410 129658 129659 129660 129661 129662 129663 129664 129665
107834 15 107801 107814 107821 107822 107823 107824 107825 107826 107827 107828 107829 107830 107831 107832 107833
107833 16 107801 107814 107821 107822 107823 107824 107825 107826 107827 107828 107829 107830 107831 107832 107834 98326
167197 15 106108 134162 166944 166945 167053 167054 167170 167195 167493 167494 167495 168143 168144 84662 84663
7504 93 125826 125827 125907 128165 128166 128167 128168 128169 128170 128171 131263 131264 131272 131273 131274 131275 131276 131277 131278 131279 171399 217599 217600 217601 223936 223937 223939 224083 224084 224087 232733 232770 232822 232823 232824 232848 232865 232962 232963 232964 232966 233040 233041 233042 233043 233132 233133 233134 233192 233193 233194 233263 233264 233265 233349 233350 233413 233414 233460 233461 233462 233523 233555 233556 233557 233575 233576 233577 233767 233768 233769 233862 233863 233893 234003 234740 236182 236209 236214 236215 236216 236218 236221 236222 236223 236224 236225 236226 236227 24450 45345 50247 50248
128170 20 111441 128165 128166 128167 128168 128169 128171 171399 217599 217600 217601 233523 233576 233862 24450 45345 50247 50248 7504 85450
6313 22 104479 104494 104657 105282 105934 186689 246392 246397 250175 250176 250177 5574 56994 56995 57002 57465 6314 6315 6316 68 88361 88362
128171 20 111441 128165 128166 128168 128169 128170 171399 217599 217600 217601 233193 233523 233768 233862 24450 45345 50247 50248 7504 85450
167195 15 106108 134162 166944 166945 167053 167054 167170 167197 167493 167494 167495 168143 168144 84662 84663
91425 15 104606 104607 104608 104609 104610 104611 104612 104613 104614 104615 104616 104617 104618 104619 104620
189893 15 120482 97614 98266 98289 98290 98319 98320 98321 98322 98323 98324 98325 98326 98327 98328
31149 15 203719 204502 204504 204512 204513 204514 204516 204517 204520 204573 204574 204575 204576 204577 23110
136700 15 136690 136691 136692 136693 136694 136695 136696 136697 136698 136699 136701 136702 136764 142 8904
136701 15 136690 136691 136692 136693 136694 136695 136696 136697 136698 136699 136700 136702 136765 142 8904
136702 15 136690 136691 136692 136693 136694 136695 136696 136697 136698 136699 136700 136701 136766 142 8904
20725 14 188377 191595 198300 198306 198307 198308 198309 198310 27383 51890 5843 61547 62318 94626
5384 20 110022 110024 110025 110027 110056 110089 110092 110093 23272 23302 23330 5385 59452 59455 59761 59762 59763 59764 59766 7700
5385 20 110022 110024 110025 110027 110056 110089 110092 110093 23272 23302 23330 5384 59452 59455 59761 59762 59763 59764 59766 7700
78938 16 110 129323 129324 129325 129327 129328 129329 129331 129332 129333 1861 27710 56857 78937 78944 78945
78937 16 110 129323 129324 129325 129327 129328 129329 129331 129332 129333 1861 27710 56857 78938 78944 78945
215487 0
198300 14 188377 191595 198306 198307 198308 198309 198310 20725 27383 51890 5843 61547 62318 94626
242316 1 242315
104457 16 136764 136765 139339 139340 139341 139342 139345 139346 139347 139348 139349 139350 140231 140232 140233 94214
84662 15 106108 134162 166944 166945 167053 167054 167170 167195 167197 167493 167494 167495 168143 168144 84663
198306 14 188377 191595 198300 198307 198308 198309 198310 20725 27383 51890 5843 61547 62318 94626
84663 15 106108 134162 166944 166945 167053 167054 167170 167195 167197 167493 167494 167495 168143 168144 84662
198307 14 188377 191595 198300 198306 198308 198309 198310 20725 27383 51890 5843 61547 62318 94626
242315 1 242316
216062 13 145545 145546 145547 145548 145549 145550 199205 199296 199883 2845 3018 3019 81
198308 15 188377 191595 198300 198306 198307 198309 198310 203719 20725 27383 51890 5843 61547 62318 94626
198309 14 188377 191595 198300 198306 198307 198308 198310 20725 27383 51890 5843 61547 62318 94626
6527 15 4006 4068 4126 4188 4466 4467 447 578 5900 6003 62025 63521 63522 63523 7588
230016 0
16198 5 16208 16209 16218 16256 392
206437 30 135010 138121 141285 182703 186114 186412 187219 193870 194446 194447 211009 211978 211983 211984 211985 211986 211987 211989 211993 211994 211999 220517 225597 225600 225610 228109 228110 229946 233968 244968
57002 16 246392 246397 250175 250176 250177 5574 56994 56995 57465 6313 6314 6315 6316 68 88361 88362
78945 15 110 129323 129324 129325 129327 129328 129329 129331 129332 129333 1861 27710 78937 78938 78944
103854 14 104238 104335 104479 104494 104657 105041 105066 105078 105122 105142 105237 105282 105934 186689
78944 16 110 129323 129324 129325 129327 129328 129329 129331 129332 129333 1861 27710 56857 78937 78938 78945
