peel_15 31
rep136698 179
136694 0
139341 0
63495 0
1845 0
107831 0
78938 0
107823 0
136696 0
15110 0
136691 0
4068 0
129149 0
8291 0
139349 0
57813 0
129323 0
8290 0
129324 0
140232 0
132366 0
475 0
98328 0
63488 0
15113 0
7588 0
27710 0
1861 0
15117 0
63496 0
99348 0
136761 0
107828 0
98323 0
129325 0
129331 0
99342 0
136755 0
387 0
447 0
107814 0
136759 0
49480 0
5898 0
99344 0
98326 0
129333 0
7318 0
22167 0
99336 0
4188 0
129218 0
142 0
15118 0
136762 0
136699 0
107822 0
136693 0
129217 0
129329 0
22166 0
99333 0
136763 0
6003 0
107801 0
139340 0
99337 0
22171 0
107827 0
189893 0
98324 0
99345 0
15124 0
129238 0
4467 0
15116 0
110 0
140233 0
5917 0
136701 0
240 0
129136 0
140231 0
136702 0
15132 0
129327 0
139342 0
107832 0
107821 0
129328 0
129255 0
120482 0
98322 0
99341 0
136756 0
170942 0
136700 0
78945 0
15123 0
98327 0
4006 0
136760 0
136764 0
107830 0
98319 0
78937 0
56857 0
15121 0
15112 0
63490 0
63492 0
136766 0
136695 0
136758 0
104457 0
5894 0
98321 0
129332 0
139339 0
129135 0
98266 0
99338 0
107829 0
107826 0
107824 0
4126 0
5900 0
2390 0
107825 0
578 0
63523 0
166 0
15129 0
15109 0
98290 0
99347 0
15133 0
3506 0
62025 0
63489 0
99346 0
136757 0
94214 0
139347 0
136754 0
63494 0
99339 0
136698 0
8904 0
136692 0
98320 0
139350 0
139346 0
449 0
99343 0
139348 0
98325 0
107834 0
107833 0
63522 0
139345 0
78944 0
129153 0
15125 0
6527 0
63491 0
63493 0
99340 0
136765 0
4466 0
97614 0
99334 0
63521 0
22175 0
136690 0
98289 0
99335 0
5902 0
136697 0
8905 0
rep242521 16
242526 0
242524 0
242529 0
242534 0
242525 0
242532 0
242521 0
242520 0
242523 0
242530 0
242528 0
242519 0
242533 0
242531 0
242527 0
242522 0
173718 0
rep62396 35
178248 0
127591 0
35089 0
127594 0
62397 0
74624 0
34491 0
63376 0
34474 0
7689 0
127575 0
127597 0
62395 0
127586 0
35050 0
127598 0
127578 0
127576 0
127590 0
34472 0
127592 0
127593 0
127577 0
127580 0
74501 0
51 0
127581 0
127589 0
62394 0
74600 0
62396 0
63481 0
52539 0
34524 0
127587 0
rep105078 32
6315 0
105934 0
105066 0
104335 0
246397 0
68 0
105142 0
103854 0
250175 0
104479 0
6313 0
88362 0
6314 0
105078 0
186689 0
57465 0
250177 0
105122 0
250176 0
56995 0
105282 0
105041 0
105237 0
104238 0
5574 0
57002 0
246392 0
56994 0
6316 0
104657 0
88361 0
104494 0
235465 0
rep104616 16
91425 0
104612 0
104607 0
104619 0
104610 0
104616 0
104614 0
104620 0
104617 0
104611 0
104613 0
104608 0
104606 0
104609 0
104618 0
104615 0
rep61130 3
61130 0
61134 0
61131 0
rep48437 42
48444 0
60484 0
48436 0
48437 0
60490 0
48443 0
16256 0
48439 0
14827 0
60485 0
59951 0
16218 0
48441 0
59945 0
2718 0
179069 0
48435 0
60492 0
60487 0
16198 0
60090 0
7908 0
60486 0
48445 0
16208 0
60070 0
60483 0
59443 0
48438 0
48442 0
47778 0
60095 0
6095 0
60051 0
48446 0
16209 0
60053 0
48440 0
48447 0
60491 0
60069 0
392 0
rep171399 195
193870 0
55793 0
27383 0
233462 0
206437 0
7504 0
20725 0
234003 0
194447 0
217599 0
233349 0
125907 0
236223 0
239931 0
204577 0
233134 0
204576 0
233132 0
239660 0
131273 0
236215 0
236221 0
204513 0
131263 0
233350 0
236104 0
198310 0
233555 0
1075 0
232962 0
128165 0
233042 0
233575 0
244971 0
55808 0
211983 0
217601 0
204520 0
237271 0
223939 0
237270 0
23110 0
236224 0
125827 0
225597 0
241562 0
182703 0
186412 0
240062 0
233043 0
233556 0
131277 0
220517 0
128170 0
131278 0
211987 0
211992 0
204504 0
237593 0
24450 0
233040 0
236226 0
217600 0
236227 0
211985 0
198306 0
225610 0
239663 0
204573 0
233576 0
236218 0
232848 0
225600 0
233263 0
228110 0
203719 0
187219 0
194446 0
241558 0
128171 0
62318 0
204503 0
233461 0
131274 0
204518 0
211986 0
243980 0
128168 0
232865 0
236209 0
51890 0
244370 0
223937 0
138121 0
232733 0
232824 0
131264 0
233768 0
204512 0
233041 0
223936 0
171399 0
232823 0
239929 0
135010 0
61547 0
198300 0
128166 0
94626 0
204514 0
233577 0
131272 0
50247 0
233192 0
244970 0
235791 0
233265 0
236225 0
186114 0
237591 0
138137 0
211009 0
233893 0
55812 0
31149 0
233557 0
245092 0
232822 0
241838 0
232963 0
224083 0
211994 0
232964 0
232770 0
204517 0
233769 0
211993 0
233194 0
5843 0
233460 0
236214 0
211984 0
198307 0
203 0
85450 0
233414 0
233413 0
228109 0
128169 0
131279 0
211989 0
191595 0
244968 0
131275 0
141285 0
236216 0
131276 0
229946 0
1541 0
239665 0
45345 0
233862 0
233133 0
244050 0
111441 0
233968 0
234740 0
55792 0
196020 0
204575 0
236222 0
233767 0
236182 0
204502 0
128167 0
241559 0
50248 0
4275 0
233863 0
233523 0
233264 0
241561 0
211978 0
204574 0
224087 0
233193 0
239934 0
125826 0
198309 0
224084 0
204516 0
188377 0
232966 0
198308 0
211999 0
rep151574 16
151703 0
160552 0
151573 0
151704 0
151708 0
151574 0
151570 0
118977 0
151702 0
151705 0
151569 0
151572 0
151568 0
151707 0
151706 0
151571 0
10784 0
76680 0
241661 0
185073 0
rep167493 16
167495 0
166945 0
84662 0
167170 0
166944 0
106108 0
167054 0
168144 0
168143 0
167493 0
167494 0
167197 0
167195 0
84663 0
134162 0
167053 0
rep161450 16
161455 0
161448 0
161450 0
161451 0
161445 0
161443 0
161447 0
161452 0
161441 0
161442 0
161454 0
161449 0
161440 0
161444 0
161446 0
161453 0
rep129404 16
129662 0
129404 0
129409 0
129410 0
129665 0
129658 0
129408 0
129663 0
129659 0
129406 0
129411 0
129661 0
129660 0
129664 0
129407 0
129405 0
60707 0
209120 0
171775 0
rep110093 21
59761 0
5384 0
110025 0
110092 0
110024 0
110022 0
23330 0
110093 0
59762 0
5385 0
59764 0
23302 0
110089 0
59763 0
59455 0
59452 0
59766 0
110056 0
7700 0
23272 0
110027 0
rep69608 16
69617 0
69620 0
69614 0
69611 0
69606 0
69610 0
69618 0
69608 0
69609 0
69605 0
69621 0
69619 0
69616 0
69615 0
69607 0
69613 0
rep242315 2
242316 0
242315 0
rep138991 17
138991 0
138995 0
138994 0
138993 0
138999 0
138989 0
138992 0
138986 0
138985 0
151898 0
138990 0
138987 0
79326 0
28387 0
138996 0
138997 0
138988 0
rep136019 33
136084 0
136027 0
139207 0
136077 0
139090 0
136019 0
136026 0
136091 0
136072 0
23208 0
136075 0
136074 0
139072 0
136087 0
136020 0
136078 0
136079 0
136088 0
139092 0
136089 0
94524 0
136090 0
139073 0
136071 0
136076 0
136080 0
136082 0
136083 0
136073 0
139074 0
139091 0
136085 0
136086 0
230016 0
173150 0
rep155614 2
155614 0
155615 0
215487 0
rep199883 17
216062 0
145547 0
3019 0
145549 0
216403 0
145548 0
215796 0
2845 0
199883 0
215971 0
199205 0
145546 0
145550 0
3018 0
145545 0
199296 0
81 0
