125635 0
253333 23 100683 141523 1590 1631 20992 214727 214825 214899 231574 231575 232543 233554 234696 235862 235873 241660 247027 247192 247561 248920 253318 288 322
33042 19 102376 117940 12 1316 151665 151666 151667 151668 151669 151670 151671 151672 151673 151674 27 39966 48883 5836 695
1318 1 1316
1316 20 102376 117940 12 1318 151665 151666 151667 151668 151669 151670 151671 151672 151673 151674 27 33042 39966 48883 5836 695
102376 19 117940 12 1316 151665 151666 151667 151668 151669 151670 151671 151672 151673 151674 27 33042 39966 48883 5836 695
254412 20 100683 141523 1590 1631 20992 214727 214752 214825 214899 230607 231574 231575 232498 232542 235862 249413 254413 288 322 81172
254413 25 100683 141523 1590 1631 20992 214727 214825 214899 231574 231575 232543 233554 234696 235862 235873 241660 247027 247192 247561 248920 253318 253705 254412 288 322
18350 19 165412 178858 178859 178860 178861 178862 178863 178864 178877 178878 18253 18256 18261 18266 18293 18321 18412 18609 18676
235862 44 100683 141523 1590 20992 214727 214752 214899 230607 231574 231575 232498 232542 235873 241660 242324 242572 242576 243622 243623 244001 244002 244931 246518 247027 247192 247561 247946 248920 248921 249413 253318 253333 253705 253706 254412 254413 255529 255530 255531 255532 255533 255534 255536 81172
27 19 102376 117940 12 1316 151665 151666 151667 151668 151669 151670 151671 151672 151673 151674 33042 39966 48883 5836 695
1590 42 20992 230607 231574 231575 232498 232542 232543 233554 234696 235862 235873 241660 242324 242572 242576 243622 243623 244001 244002 244931 246518 247027 247192 247561 247946 248920 248921 249413 253318 253333 253705 253706 254412 254413 255529 255530 255531 255532 255533 255534 255536 81172
240620 19 235623 240537 240606 240619 240668 240669 240670 240672 240695 240751 240755 240764 240905 240906 241123 241124 241139 241148 241289
240764 19 235623 240537 240606 240619 240620 240668 240669 240670 240672 240695 240751 240755 240905 240906 241123 241124 241139 241148 241289
30706 20 195908 195942 195943 195944 195945 195946 195948 20665 238938 238939 238940 252482 30700 30701 30702 30703 30704 30705 7377 8839
249413 32 100683 141523 1590 1631 20992 214727 214825 214899 231574 231575 232543 233554 234696 235862 235873 241660 247027 247192 247561 248920 253318 253705 254412 255529 255530 255531 255532 255533 255534 255536 288 322
246518 20 100683 141523 1590 20992 214727 214825 214899 231574 231575 232543 233554 234696 235862 235873 242324 242572 242576 243622 244001 244002
81172 23 1590 20992 214752 235862 241660 242324 242572 243622 244001 247027 247192 247561 248920 253318 253705 254412 255529 255530 255531 255532 255533 255534 255536
247192 22 100683 141523 1590 1631 20992 214727 214752 214825 214899 230607 231574 231575 232498 232542 235862 249413 253333 253706 254413 288 322 81172
12 19 102376 117940 1316 151665 151666 151667 151668 151669 151670 151671 151672 151673 151674 27 33042 39966 48883 5836 695
240755 19 235623 240537 240606 240619 240620 240668 240669 240670 240672 240695 240751 240764 240905 240906 241123 241124 241139 241148 241289
234696 22 100683 1590 20992 214727 214899 230607 231574 231575 232498 232542 235873 242576 243623 244002 244931 246518 247946 248921 249413 253333 253706 254413
85440 22 24166 85438 85439 85441 85442 86020 86021 86022 86023 86024 86025 86026 86027 86028 86029 86030 87107 87108 87109 87110 87111 87127
214899 37 141523 230607 232498 233554 234696 235862 235873 241660 242324 242572 242576 243622 243623 244001 244002 244931 246518 247027 247192 247561 247946 248920 248921 249413 253318 253333 253705 253706 254412 254413 255529 255530 255531 255532 255533 255534 255536
85441 22 24166 85438 85439 85440 85442 86020 86021 86022 86023 86024 86025 86026 86027 86028 86029 86030 87107 87108 87109 87110 87111 87127
153143 19 101448 105760 153081 155722 173059 5097 6254 67076 89038 89192 89253 89559 97069 97338 97363 97480 97932 98090 98605
85442 22 24166 85438 85439 85440 85441 86020 86021 86022 86023 86024 86025 86026 86027 86028 86029 86030 87107 87108 87109 87110 87111 87127
240751 19 235623 240537 240606 240619 240620 240668 240669 240670 240672 240695 240755 240764 240905 240906 241123 241124 241139 241148 241289
105760 19 101448 153081 153143 155722 173059 5097 6254 67076 89038 89192 89253 89559 97069 97338 97363 97480 97932 98090 98605
240906 19 235623 240537 240606 240619 240620 240668 240669 240670 240672 240695 240751 240755 240764 240905 241123 241124 241139 241148 241289
240905 19 235623 240537 240606 240619 240620 240668 240669 240670 240672 240695 240751 240755 240764 240906 241123 241124 241139 241148 241289
244931 20 100683 141523 1590 20992 214727 214825 214899 231574 231575 232543 233554 234696 235862 235873 242324 242572 242576 243622 244001 244002
179638 20 102208 10527 179290 179292 179294 179449 179450 179451 179452 179552 179553 179587 179588 179589 179590 179591 179592 179593 179639 179640
179639 20 102208 10527 179290 179292 179294 179449 179450 179451 179452 179552 179553 179587 179588 179589 179590 179591 179592 179593 179638 179640
173059 19 101448 105760 153081 153143 155722 5097 6254 67076 89038 89192 89253 89559 97069 97338 97363 97480 97932 98090 98605
195908 20 195942 195943 195944 195945 195946 195948 20665 238938 238939 238940 252482 30700 30701 30702 30703 30704 30705 30706 7377 8839
24166 22 85438 85439 85440 85441 85442 86020 86021 86022 86023 86024 86025 86026 86027 86028 86029 86030 87107 87108 87109 87110 87111 87127
322 20 214727 214825 247192 248920 248921 249413 253318 253333 253705 253706 254412 254413 255529 255530 255531 255532 255533 255534 255536 288
20665 19 195908 195942 195943 195944 195945 195946 195948 238938 238939 238940 30700 30701 30702 30703 30704 30705 30706 7377 8839
179640 20 102208 10527 179290 179292 179294 179449 179450 179451 179452 179552 179553 179587 179588 179589 179590 179591 179592 179593 179638 179639
240537 19 235623 240606 240619 240620 240668 240669 240670 240672 240695 240751 240755 240764 240905 240906 241123 241124 241139 241148 241289
241660 21 100683 141523 1590 20992 214727 214752 214825 214899 230607 231574 231575 232498 232542 235862 247946 248921 249413 253333 253706 254413 81172
18321 19 165412 178858 178859 178860 178861 178862 178863 178864 178877 178878 18253 18256 18261 18266 18293 18350 18412 18609 18676
230607 28 100683 1590 214899 231574 231575 232543 233554 234696 235862 241660 242324 242572 243622 244001 247027 247192 247561 248920 253318 253705 254412 255529 255530 255531 255532 255533 255534 255536
253705 21 100683 141523 1590 1631 20992 214727 214752 214825 214899 230607 231574 231575 232498 232542 235862 249413 253706 254413 288 322 81172
253706 24 100683 141523 1590 1631 20992 214727 214825 214899 231574 231575 232543 233554 234696 235862 235873 241660 247027 247192 247561 248920 253318 253705 288 322
18261 19 165412 178858 178859 178860 178861 178862 178863 178864 178877 178878 18253 18256 18266 18293 18321 18350 18412 18609 18676
18609 19 165412 178858 178859 178860 178861 178862 178863 178864 178877 178878 18253 18256 18261 18266 18293 18321 18350 18412 18676
8839 20 195908 195942 195943 195944 195945 195946 195948 20665 238938 238939 238940 252482 30700 30701 30702 30703 30704 30705 30706 7377
18266 19 165412 178858 178859 178860 178861 178862 178863 178864 178877 178878 18253 18256 18261 18293 18321 18350 18412 18609 18676
247027 22 100683 141523 1590 1631 20992 214727 214752 214825 214899 230607 231574 231575 232498 232542 235862 247946 248921 249413 253333 253706 254413 81172
240672 19 235623 240537 240606 240619 240620 240668 240669 240670 240695 240751 240755 240764 240905 240906 241123 241124 241139 241148 241289
240670 19 235623 240537 240606 240619 240620 240668 240669 240672 240695 240751 240755 240764 240905 240906 241123 241124 241139 241148 241289
97480 19 101448 105760 153081 153143 155722 173059 5097 6254 67076 89038 89192 89253 89559 97069 97338 97363 97932 98090 98605
179552 20 102208 10527 179290 179292 179294 179449 179450 179451 179452 179553 179587 179588 179589 179590 179591 179592 179593 179638 179639 179640
241139 19 235623 240537 240606 240619 240620 240668 240669 240670 240672 240695 240751 240755 240764 240905 240906 241123 241124 241148 241289
98605 19 101448 105760 153081 153143 155722 173059 5097 6254 67076 89038 89192 89253 89559 97069 97338 97363 97480 97932 98090
179553 20 102208 10527 179290 179292 179294 179449 179450 179451 179452 179552 179587 179588 179589 179590 179591 179592 179593 179638 179639 179640
87127 22 24166 85438 85439 85440 85441 85442 86020 86021 86022 86023 86024 86025 86026 86027 86028 86029 86030 87107 87108 87109 87110 87111
67076 19 101448 105760 153081 153143 155722 173059 5097 6254 89038 89192 89253 89559 97069 97338 97363 97480 97932 98090 98605
247561 23 100683 141523 1590 1631 20992 214727 214752 214825 214899 230607 231574 231575 232498 232542 235862 247946 248921 249413 253333 253706 254413 288 81172
48883 19 102376 117940 12 1316 151665 151666 151667 151668 151669 151670 151671 151672 151673 151674 27 33042 39966 5836 695
89192 19 101448 105760 153081 153143 155722 173059 5097 6254 67076 89038 89253 89559 97069 97338 97363 97480 97932 98090 98605
240668 19 235623 240537 240606 240619 240620 240669 240670 240672 240695 240751 240755 240764 240905 240906 241123 241124 241139 241148 241289
241148 19 235623 240537 240606 240619 240620 240668 240669 240670 240672 240695 240751 240755 240764 240905 240906 241123 241124 241139 241289
240669 19 235623 240537 240606 240619 240620 240668 240670 240672 240695 240751 240755 240764 240905 240906 241123 241124 241139 241148 241289
243622 20 100683 141523 1590 20992 214727 214752 214825 214899 230607 231574 231575 232498 232542 235862 243623 244001 244002 244931 246518 81172
243623 19 100683 141523 1590 20992 214727 214825 214899 231574 231575 232543 233554 234696 235862 235873 242324 242572 242576 243622 244001
18253 19 165412 178858 178859 178860 178861 178862 178863 178864 178877 178878 18256 18261 18266 18293 18321 18350 18412 18609 18676
235623 19 240537 240606 240619 240620 240668 240669 240670 240672 240695 240751 240755 240764 240905 240906 241123 241124 241139 241148 241289
85439 22 24166 85438 85440 85441 85442 86020 86021 86022 86023 86024 86025 86026 86027 86028 86029 86030 87107 87108 87109 87110 87111 87127
85438 22 24166 85439 85440 85441 85442 86020 86021 86022 86023 86024 86025 86026 86027 86028 86029 86030 87107 87108 87109 87110 87111 87127
18256 19 165412 178858 178859 178860 178861 178862 178863 178864 178877 178878 18253 18261 18266 18293 18321 18350 18412 18609 18676
235873 23 100683 141523 1590 20992 214727 214899 231574 231575 232543 233554 234696 235862 242576 243623 244002 244931 246518 247946 248921 249413 253333 253706 254413
253318 22 100683 141523 1590 1631 20992 214727 214752 214825 214899 230607 231574 231575 232498 232542 235862 249413 253333 253706 254413 288 322 81172
87111 22 24166 85438 85439 85440 85441 85442 86020 86021 86022 86023 86024 86025 86026 86027 86028 86029 86030 87107 87108 87109 87110 87127
179666 0
252482 19 195908 195942 195943 195944 195945 195946 195948 238938 238939 238940 30700 30701 30702 30703 30704 30705 30706 7377 8839
97363 19 101448 105760 153081 153143 155722 173059 5097 6254 67076 89038 89192 89253 89559 97069 97338 97480 97932 98090 98605
87110 22 24166 85438 85439 85440 85441 85442 86020 86021 86022 86023 86024 86025 86026 86027 86028 86029 86030 87107 87108 87109 87111 87127
178859 19 165412 178858 178860 178861 178862 178863 178864 178877 178878 18253 18256 18261 18266 18293 18321 18350 18412 18609 18676
178858 19 165412 178859 178860 178861 178862 178863 178864 178877 178878 18253 18256 18261 18266 18293 18321 18350 18412 18609 18676
240695 19 235623 240537 240606 240619 240620 240668 240669 240670 240672 240751 240755 240764 240905 240906 241123 241124 241139 241148 241289
7377 20 195908 195942 195943 195944 195945 195946 195948 20665 238938 238939 238940 252482 30700 30701 30702 30703 30704 30705 30706 8839
87107 22 24166 85438 85439 85440 85441 85442 86020 86021 86022 86023 86024 86025 86026 86027 86028 86029 86030 87108 87109 87110 87111 87127
87108 22 24166 85438 85439 85440 85441 85442 86020 86021 86022 86023 86024 86025 86026 86027 86028 86029 86030 87107 87109 87110 87111 87127
87109 22 24166 85438 85439 85440 85441 85442 86020 86021 86022 86023 86024 86025 86026 86027 86028 86029 86030 87107 87108 87110 87111 87127
153081 19 101448 105760 153143 155722 173059 5097 6254 67076 89038 89192 89253 89559 97069 97338 97363 97480 97932 98090 98605
248920 23 100683 141523 1590 1631 20992 214727 214752 214825 214899 230607 231574 231575 232498 232542 235862 248921 249413 253333 253706 254413 288 322 81172
232498 29 100683 1590 20992 214899 231574 231575 232543 233554 234696 235862 241660 242324 242572 243622 244001 247027 247192 247561 248920 253318 253705 254412 255529 255530 255531 255532 255533 255534 255536
248921 21 100683 141523 1590 1631 20992 214727 214825 214899 231574 231575 232543 233554 234696 235862 235873 241660 247027 247561 248920 288 322
241123 19 235623 240537 240606 240619 240620 240668 240669 240670 240672 240695 240751 240755 240764 240905 240906 241124 241139 241148 241289
241124 19 235623 240537 240606 240619 240620 240668 240669 240670 240672 240695 240751 240755 240764 240905 240906 241123 241139 241148 241289
178864 19 165412 178858 178859 178860 178861 178862 178863 178877 178878 18253 18256 18261 18266 18293 18321 18350 18412 18609 18676
214752 21 235862 241660 242324 242572 243622 244001 247027 247192 247561 248920 253318 253705 254412 255529 255530 255531 255532 255533 255534 255536 81172
247946 19 100683 141523 1590 1631 20992 214727 214825 214899 231574 231575 232543 233554 234696 235862 235873 241660 247027 247561 288
178860 19 165412 178858 178859 178861 178862 178863 178864 178877 178878 18253 18256 18261 18266 18293 18321 18350 18412 18609 18676
178861 19 165412 178858 178859 178860 178862 178863 178864 178877 178878 18253 18256 18261 18266 18293 18321 18350 18412 18609 18676
178862 19 165412 178858 178859 178860 178861 178863 178864 178877 178878 18253 18256 18261 18266 18293 18321 18350 18412 18609 18676
178863 19 165412 178858 178859 178860 178861 178862 178864 178877 178878 18253 18256 18261 18266 18293 18321 18350 18412 18609 18676
57171 0
151674 19 102376 117940 12 1316 151665 151666 151667 151668 151669 151670 151671 151672 151673 27 33042 39966 48883 5836 695
241289 19 235623 240537 240606 240619 240620 240668 240669 240670 240672 240695 240751 240755 240764 240905 240906 241123 241124 241139 241148
151672 19 102376 117940 12 1316 151665 151666 151667 151668 151669 151670 151671 151673 151674 27 33042 39966 48883 5836 695
151673 19 102376 117940 12 1316 151665 151666 151667 151668 151669 151670 151671 151672 151674 27 33042 39966 48883 5836 695
151670 19 102376 117940 12 1316 151665 151666 151667 151668 151669 151671 151672 151673 151674 27 33042 39966 48883 5836 695
151671 19 102376 117940 12 1316 151665 151666 151667 151668 151669 151670 151672 151673 151674 27 33042 39966 48883 5836 695
242324 20 100683 141523 1590 20992 214727 214752 214825 214899 230607 231574 231575 232498 232542 235862 242576 243623 244002 244931 246518 81172
178878 19 165412 178858 178859 178860 178861 178862 178863 178864 178877 18253 18256 18261 18266 18293 18321 18350 18412 18609 18676
178877 19 165412 178858 178859 178860 178861 178862 178863 178864 178878 18253 18256 18261 18266 18293 18321 18350 18412 18609 18676
255534 23 100683 141523 1590 1631 20992 214727 214752 214825 214899 230607 231574 231575 232498 232542 235862 249413 255531 255532 255533 255536 288 322 81172
288 22 214727 214825 247192 247561 247946 248920 248921 249413 253318 253333 253705 253706 254412 254413 255529 255530 255531 255532 255533 255534 255536 322
255536 21 100683 141523 1590 1631 20992 214727 214752 214825 214899 230607 231574 231575 232498 232542 235862 249413 255533 255534 288 322 81172
255530 23 100683 141523 1590 1631 20992 214727 214752 214825 214899 230607 231574 231575 232498 232542 235862 249413 255529 255531 255532 255533 288 322 81172
179290 20 102208 10527 179292 179294 179449 179450 179451 179452 179552 179553 179587 179588 179589 179590 179591 179592 179593 179638 179639 179640
255531 24 100683 141523 1590 1631 20992 214727 214752 214825 214899 230607 231574 231575 232498 232542 235862 249413 255529 255530 255532 255533 255534 288 322 81172
255532 24 100683 141523 1590 1631 20992 214727 214752 214825 214899 230607 231574 231575 232498 232542 235862 249413 255529 255530 255531 255533 255534 288 322 81172
255533 24 100683 141523 1590 1631 20992 214727 214752 214825 214899 230607 231574 231575 232498 232542 235862 249413 255530 255531 255532 255534 255536 288 322 81172
179294 20 102208 10527 179290 179292 179449 179450 179451 179452 179552 179553 179587 179588 179589 179590 179591 179592 179593 179638 179639 179640
18412 19 165412 178858 178859 178860 178861 178862 178863 178864 178877 178878 18253 18256 18261 18266 18293 18321 18350 18609 18676
179292 20 102208 10527 179290 179294 179449 179450 179451 179452 179552 179553 179587 179588 179589 179590 179591 179592 179593 179638 179639 179640
240606 19 235623 240537 240619 240620 240668 240669 240670 240672 240695 240751 240755 240764 240905 240906 241123 241124 241139 241148 241289
98090 19 101448 105760 153081 153143 155722 173059 5097 6254 67076 89038 89192 89253 89559 97069 97338 97363 97480 97932 98605
240619 19 235623 240537 240606 240620 240668 240669 240670 240672 240695 240751 240755 240764 240905 240906 241123 241124 241139 241148 241289
179593 20 102208 10527 179290 179292 179294 179449 179450 179451 179452 179552 179553 179587 179588 179589 179590 179591 179592 179638 179639 179640
69344 19 69325 69326 69327 69328 69329 69330 69331 69332 69333 69334 69335 69336 69337 69338 69339 69340 69341 69342 69343
100683 38 230607 232498 232542 232543 233554 234696 235862 235873 241660 242324 242572 242576 243622 243623 244001 244002 244931 246518 247027 247192 247561 247946 248920 248921 249413 253318 253333 253705 253706 254412 254413 255529 255530 255531 255532 255533 255534 255536
179590 20 102208 10527 179290 179292 179294 179449 179450 179451 179452 179552 179553 179587 179588 179589 179591 179592 179593 179638 179639 179640
179592 20 102208 10527 179290 179292 179294 179449 179450 179451 179452 179552 179553 179587 179588 179589 179590 179591 179593 179638 179639 179640
116356 19 28505 38801 38812 38813 38814 38815 38816 38817 38818 38819 38820 38821 80123 80124 80125 80126 80127 80128 80129
179591 20 102208 10527 179290 179292 179294 179449 179450 179451 179452 179552 179553 179587 179588 179589 179590 179592 179593 179638 179639 179640
151669 19 102376 117940 12 1316 151665 151666 151667 151668 151670 151671 151672 151673 151674 27 33042 39966 48883 5836 695
86030 22 24166 85438 85439 85440 85441 85442 86020 86021 86022 86023 86024 86025 86026 86027 86028 86029 87107 87108 87109 87110 87111 87127
151665 19 102376 117940 12 1316 151666 151667 151668 151669 151670 151671 151672 151673 151674 27 33042 39966 48883 5836 695
151666 19 102376 117940 12 1316 151665 151667 151668 151669 151670 151671 151672 151673 151674 27 33042 39966 48883 5836 695
97069 19 101448 105760 153081 153143 155722 173059 5097 6254 67076 89038 89192 89253 89559 97338 97363 97480 97932 98090 98605
151667 19 102376 117940 12 1316 151665 151666 151668 151669 151670 151671 151672 151673 151674 27 33042 39966 48883 5836 695
18293 19 165412 178858 178859 178860 178861 178862 178863 178864 178877 178878 18253 18256 18261 18266 18321 18350 18412 18609 18676
20992 37 1590 232498 233554 234696 235862 235873 241660 242324 242572 242576 243622 243623 244001 244002 244931 246518 247027 247192 247561 247946 248920 248921 249413 253318 253333 253705 253706 254412 254413 255529 255530 255531 255532 255533 255534 255536 81172
151668 19 102376 117940 12 1316 151665 151666 151667 151669 151670 151671 151672 151673 151674 27 33042 39966 48883 5836 695
5836 19 102376 117940 12 1316 151665 151666 151667 151668 151669 151670 151671 151672 151673 151674 27 33042 39966 48883 695
69341 19 69325 69326 69327 69328 69329 69330 69331 69332 69333 69334 69335 69336 69337 69338 69339 69340 69342 69343 69344
69340 19 69325 69326 69327 69328 69329 69330 69331 69332 69333 69334 69335 69336 69337 69338 69339 69341 69342 69343 69344
69343 19 69325 69326 69327 69328 69329 69330 69331 69332 69333 69334 69335 69336 69337 69338 69339 69340 69341 69342 69344
69342 19 69325 69326 69327 69328 69329 69330 69331 69332 69333 69334 69335 69336 69337 69338 69339 69340 69341 69343 69344
39966 19 102376 117940 12 1316 151665 151666 151667 151668 151669 151670 151671 151672 151673 151674 27 33042 48883 5836 695
179587 20 102208 10527 179290 179292 179294 179449 179450 179451 179452 179552 179553 179588 179589 179590 179591 179592 179593 179638 179639 179640
179588 20 102208 10527 179290 179292 179294 179449 179450 179451 179452 179552 179553 179587 179589 179590 179591 179592 179593 179638 179639 179640
214727 37 141523 214825 234696 235862 235873 241660 242324 242572 242576 243622 243623 244001 244002 244931 246518 247027 247192 247561 247946 248920 248921 249413 253318 253333 253705 253706 254412 254413 255529 255530 255531 255532 255533 255534 255536 288 322
179589 20 102208 10527 179290 179292 179294 179449 179450 179451 179452 179552 179553 179587 179588 179590 179591 179592 179593 179638 179639 179640
69335 19 69325 69326 69327 69328 69329 69330 69331 69332 69333 69334 69336 69337 69338 69339 69340 69341 69342 69343 69344
69336 19 69325 69326 69327 69328 69329 69330 69331 69332 69333 69334 69335 69337 69338 69339 69340 69341 69342 69343 69344
69333 19 69325 69326 69327 69328 69329 69330 69331 69332 69334 69335 69336 69337 69338 69339 69340 69341 69342 69343 69344
10527 19 179290 179292 179294 179449 179450 179451 179452 179552 179553 179587 179588 179589 179590 179591 179592 179593 179638 179639 179640
69334 19 69325 69326 69327 69328 69329 69330 69331 69332 69333 69335 69336 69337 69338 69339 69340 69341 69342 69343 69344
69339 19 69325 69326 69327 69328 69329 69330 69331 69332 69333 69334 69335 69336 69337 69338 69340 69341 69342 69343 69344
69337 19 69325 69326 69327 69328 69329 69330 69331 69332 69333 69334 69335 69336 69338 69339 69340 69341 69342 69343 69344
69338 19 69325 69326 69327 69328 69329 69330 69331 69332 69333 69334 69335 69336 69337 69339 69340 69341 69342 69343 69344
89253 19 101448 105760 153081 153143 155722 173059 5097 6254 67076 89038 89192 89559 97069 97338 97363 97480 97932 98090 98605
165412 20 178858 178859 178860 178861 178862 178863 178864 178877 178878 18253 18256 18261 18266 18293 18321 18350 18412 18609 18676 242627
86022 22 24166 85438 85439 85440 85441 85442 86020 86021 86023 86024 86025 86026 86027 86028 86029 86030 87107 87108 87109 87110 87111 87127
86023 22 24166 85438 85439 85440 85441 85442 86020 86021 86022 86024 86025 86026 86027 86028 86029 86030 87107 87108 87109 87110 87111 87127
86020 22 24166 85438 85439 85440 85441 85442 86021 86022 86023 86024 86025 86026 86027 86028 86029 86030 87107 87108 87109 87110 87111 87127
86021 22 24166 85438 85439 85440 85441 85442 86020 86022 86023 86024 86025 86026 86027 86028 86029 86030 87107 87108 87109 87110 87111 87127
86026 22 24166 85438 85439 85440 85441 85442 86020 86021 86022 86023 86024 86025 86027 86028 86029 86030 87107 87108 87109 87110 87111 87127
86027 22 24166 85438 85439 85440 85441 85442 86020 86021 86022 86023 86024 86025 86026 86028 86029 86030 87107 87108 87109 87110 87111 87127
86024 20 24166 85438 85439 85440 85441 85442 86020 86021 86022 86023 86025 86026 86027 86030 87107 87108 87109 87110 87111 87127
86025 22 24166 85438 85439 85440 85441 85442 86020 86021 86022 86023 86024 86026 86027 86028 86029 86030 87107 87108 87109 87110 87111 87127
155722 19 101448 105760 153081 153143 173059 5097 6254 67076 89038 89192 89253 89559 97069 97338 97363 97480 97932 98090 98605
86028 21 24166 85438 85439 85440 85441 85442 86020 86021 86022 86023 86025 86026 86027 86029 86030 87107 87108 87109 87110 87111 87127
86029 21 24166 85438 85439 85440 85441 85442 86020 86021 86022 86023 86025 86026 86027 86028 86030 87107 87108 87109 87110 87111 87127
69332 19 69325 69326 69327 69328 69329 69330 69331 69333 69334 69335 69336 69337 69338 69339 69340 69341 69342 69343 69344
97338 19 101448 105760 153081 153143 155722 173059 5097 6254 67076 89038 89192 89253 89559 97069 97363 97480 97932 98090 98605
69331 19 69325 69326 69327 69328 69329 69330 69332 69333 69334 69335 69336 69337 69338 69339 69340 69341 69342 69343 69344
69330 19 69325 69326 69327 69328 69329 69331 69332 69333 69334 69335 69336 69337 69338 69339 69340 69341 69342 69343 69344
695 19 102376 117940 12 1316 151665 151666 151667 151668 151669 151670 151671 151672 151673 151674 27 33042 39966 48883 5836
69325 19 69326 69327 69328 69329 69330 69331 69332 69333 69334 69335 69336 69337 69338 69339 69340 69341 69342 69343 69344
69326 19 69325 69327 69328 69329 69330 69331 69332 69333 69334 69335 69336 69337 69338 69339 69340 69341 69342 69343 69344
89559 19 101448 105760 153081 153143 155722 173059 5097 6254 67076 89038 89192 89253 97069 97338 97363 97480 97932 98090 98605
69327 19 69325 69326 69328 69329 69330 69331 69332 69333 69334 69335 69336 69337 69338 69339 69340 69341 69342 69343 69344
69328 19 69325 69326 69327 69329 69330 69331 69332 69333 69334 69335 69336 69337 69338 69339 69340 69341 69342 69343 69344
69329 19 69325 69326 69327 69328 69330 69331 69332 69333 69334 69335 69336 69337 69338 69339 69340 69341 69342 69343 69344
233554 21 100683 1590 20992 214899 230607 231574 231575 232498 232542 235873 242576 243623 244002 244931 246518 247946 248921 249413 253333 253706 254413
242627 1 165412
97932 19 101448 105760 153081 153143 155722 173059 5097 6254 67076 89038 89192 89253 89559 97069 97338 97363 97480 98090 98605
117940 19 102376 12 1316 151665 151666 151667 151668 151669 151670 151671 151672 151673 151674 27 33042 39966 48883 5836 695
255529 22 100683 141523 1590 1631 20992 214727 214752 214825 214899 230607 231574 231575 232498 232542 235862 249413 255530 255531 255532 288 322 81172
1631 20 247027 247192 247561 247946 248920 248921 249413 253318 253333 253705 253706 254412 254413 255529 255530 255531 255532 255533 255534 255536
89038 19 101448 105760 153081 153143 155722 173059 5097 6254 67076 89192 89253 89559 97069 97338 97363 97480 97932 98090 98605
38816 20 116356 28505 38801 38812 38813 38814 38815 38817 38818 38819 38820 38821 80122 80123 80124 80125 80126 80127 80128 80129
38817 20 116356 28505 38801 38812 38813 38814 38815 38816 38818 38819 38820 38821 80122 80123 80124 80125 80126 80127 80128 80129
38818 20 116356 28505 38801 38812 38813 38814 38815 38816 38817 38819 38820 38821 80122 80123 80124 80125 80126 80127 80128 80129
38819 20 116356 28505 38801 38812 38813 38814 38815 38816 38817 38818 38820 38821 80122 80123 80124 80125 80126 80127 80128 80129
38812 20 116356 28505 38801 38813 38814 38815 38816 38817 38818 38819 38820 38821 80122 80123 80124 80125 80126 80127 80128 80129
38813 20 116356 28505 38801 38812 38814 38815 38816 38817 38818 38819 38820 38821 80122 80123 80124 80125 80126 80127 80128 80129
38814 20 116356 28505 38801 38812 38813 38815 38816 38817 38818 38819 38820 38821 80122 80123 80124 80125 80126 80127 80128 80129
38815 20 116356 28505 38801 38812 38813 38814 38816 38817 38818 38819 38820 38821 80122 80123 80124 80125 80126 80127 80128 80129
231575 40 1590 230607 231574 232498 232542 232543 233554 234696 235862 235873 241660 242324 242572 242576 243622 243623 244001 244002 244931 246518 247027 247192 247561 247946 248920 248921 249413 253318 253333 253705 253706 254412 254413 255529 255530 255531 255532 255533 255534 255536
82387 0
231574 40 1590 230607 231575 232498 232542 232543 233554 234696 235862 235873 241660 242324 242572 242576 243622 243623 244001 244002 244931 246518 247027 247192 247561 247946 248920 248921 249413 253318 253333 253705 253706 254412 254413 255529 255530 255531 255532 255533 255534 255536
18676 19 165412 178858 178859 178860 178861 178862 178863 178864 178877 178878 18253 18256 18261 18266 18293 18321 18350 18412 18609
101448 19 105760 153081 153143 155722 173059 5097 6254 67076 89038 89192 89253 89559 97069 97338 97363 97480 97932 98090 98605
244001 20 100683 141523 1590 20992 214727 214752 214825 214899 230607 231574 231575 232498 232542 235862 243622 243623 244002 244931 246518 81172
214825 34 141523 214727 241660 242324 242572 242576 243622 243623 244001 244002 244931 246518 247027 247192 247561 247946 248920 248921 249413 253318 253333 253705 253706 254412 254413 255529 255530 255531 255532 255533 255534 255536 288 322
179449 20 102208 10527 179290 179292 179294 179450 179451 179452 179552 179553 179587 179588 179589 179590 179591 179592 179593 179638 179639 179640
80129 20 116356 28505 38801 38812 38813 38814 38815 38816 38817 38818 38819 38820 38821 80122 80123 80124 80125 80126 80127 80128
38821 20 116356 28505 38801 38812 38813 38814 38815 38816 38817 38818 38819 38820 80122 80123 80124 80125 80126 80127 80128 80129
6254 19 101448 105760 153081 153143 155722 173059 5097 67076 89038 89192 89253 89559 97069 97338 97363 97480 97932 98090 98605
38820 20 116356 28505 38801 38812 38813 38814 38815 38816 38817 38818 38819 38821 80122 80123 80124 80125 80126 80127 80128 80129
242572 19 100683 141523 1590 20992 214727 214752 214825 214899 230607 231574 231575 232498 232542 235862 243623 244002 244931 246518 81172
242576 19 100683 141523 1590 20992 214727 214825 214899 231574 231575 232543 233554 234696 235862 235873 242324 243623 244002 244931 246518
179451 20 102208 10527 179290 179292 179294 179449 179450 179452 179552 179553 179587 179588 179589 179590 179591 179592 179593 179638 179639 179640
179450 20 102208 10527 179290 179292 179294 179449 179451 179452 179552 179553 179587 179588 179589 179590 179591 179592 179593 179638 179639 179640
179452 20 102208 10527 179290 179292 179294 179449 179450 179451 179552 179553 179587 179588 179589 179590 179591 179592 179593 179638 179639 179640
102208 19 179290 179292 179294 179449 179450 179451 179452 179552 179553 179587 179588 179589 179590 179591 179592 179593 179638 179639 179640
238939 20 195908 195942 195943 195944 195945 195946 195948 20665 238938 238940 252482 30700 30701 30702 30703 30704 30705 30706 7377 8839
28505 20 116356 38801 38812 38813 38814 38815 38816 38817 38818 38819 38820 38821 80122 80123 80124 80125 80126 80127 80128 80129
195943 20 195908 195942 195944 195945 195946 195948 20665 238938 238939 238940 252482 30700 30701 30702 30703 30704 30705 30706 7377 8839
141523 35 214727 214825 214899 235862 235873 241660 242324 242572 242576 243622 243623 244001 244002 244931 246518 247027 247192 247561 247946 248920 248921 249413 253318 253333 253705 253706 254412 254413 255529 255530 255531 255532 255533 255534 255536
195942 20 195908 195943 195944 195945 195946 195948 20665 238938 238939 238940 252482 30700 30701 30702 30703 30704 30705 30706 7377 8839
195945 20 195908 195942 195943 195944 195946 195948 20665 238938 238939 238940 252482 30700 30701 30702 30703 30704 30705 30706 7377 8839
238938 19 195908 195942 195943 195944 195945 195946 20665 238939 238940 252482 30700 30701 30702 30703 30704 30705 30706 7377 8839
195944 20 195908 195942 195943 195945 195946 195948 20665 238938 238939 238940 252482 30700 30701 30702 30703 30704 30705 30706 7377 8839
195946 20 195908 195942 195943 195944 195945 195948 20665 238938 238939 238940 252482 30700 30701 30702 30703 30704 30705 30706 7377 8839
80128 20 116356 28505 38801 38812 38813 38814 38815 38816 38817 38818 38819 38820 38821 80122 80123 80124 80125 80126 80127 80129
195948 19 195908 195942 195943 195944 195945 195946 20665 238939 238940 252482 30700 30701 30702 30703 30704 30705 30706 7377 8839
80127 20 116356 28505 38801 38812 38813 38814 38815 38816 38817 38818 38819 38820 38821 80122 80123 80124 80125 80126 80128 80129
80126 20 116356 28505 38801 38812 38813 38814 38815 38816 38817 38818 38819 38820 38821 80122 80123 80124 80125 80127 80128 80129
80125 20 116356 28505 38801 38812 38813 38814 38815 38816 38817 38818 38819 38820 38821 80122 80123 80124 80126 80127 80128 80129
238940 20 195908 195942 195943 195944 195945 195946 195948 20665 238938 238939 252482 30700 30701 30702 30703 30704 30705 30706 7377 8839
80124 20 116356 28505 38801 38812 38813 38814 38815 38816 38817 38818 38819 38820 38821 80122 80123 80125 80126 80127 80128 80129
80123 20 116356 28505 38801 38812 38813 38814 38815 38816 38817 38818 38819 38820 38821 80122 80124 80125 80126 80127 80128 80129
80122 19 28505 38801 38812 38813 38814 38815 38816 38817 38818 38819 38820 38821 80123 80124 80125 80126 80127 80128 80129
30704 20 195908 195942 195943 195944 195945 195946 195948 20665 238938 238939 238940 252482 30700 30701 30702 30703 30705 30706 7377 8839
155650 0
30705 20 195908 195942 195943 195944 195945 195946 195948 20665 238938 238939 238940 252482 30700 30701 30702 30703 30704 30706 7377 8839
30702 20 195908 195942 195943 195944 195945 195946 195948 20665 238938 238939 238940 252482 30700 30701 30703 30704 30705 30706 7377 8839
30703 20 195908 195942 195943 195944 195945 195946 195948 20665 238938 238939 238940 252482 30700 30701 30702 30704 30705 30706 7377 8839
30700 20 195908 195942 195943 195944 195945 195946 195948 20665 238938 238939 238940 252482 30701 30702 30703 30704 30705 30706 7377 8839
30701 20 195908 195942 195943 195944 195945 195946 195948 20665 238938 238939 238940 252482 30700 30702 30703 30704 30705 30706 7377 8839
5097 19 101448 105760 153081 153143 155722 173059 6254 67076 89038 89192 89253 89559 97069 97338 97363 97480 97932 98090 98605
244002 21 100683 141523 1590 20992 214727 214825 214899 231574 231575 232543 233554 234696 235862 235873 242324 242572 242576 243622 244001 244931 246518
38801 20 116356 28505 38812 38813 38814 38815 38816 38817 38818 38819 38820 38821 80122 80123 80124 80125 80126 80127 80128 80129
232542 27 100683 1590 231574 231575 232543 233554 234696 235862 241660 242324 242572 243622 244001 247027 247192 247561 248920 253318 253705 254412 255529 255530 255531 255532 255533 255534 255536
232543 19 100683 1590 230607 231574 231575 232498 232542 235873 242576 243623 244002 244931 246518 247946 248921 249413 253333 253706 254413
