peel_19 15
82387 0
rep178877 21
18256 0
18609 0
18321 0
178860 0
18676 0
178862 0
178858 0
178863 0
18350 0
178877 0
178878 0
178859 0
18261 0
178861 0
18412 0
18253 0
18293 0
165412 0
242627 0
178864 0
18266 0
rep179290 21
179553 0
179639 0
179591 0
179590 0
179589 0
179452 0
102208 0
179449 0
179294 0
179588 0
179451 0
179450 0
179638 0
10527 0
179592 0
179640 0
179552 0
179593 0
179290 0
179587 0
179292 0
57171 0
rep20992 52
255529 0
243622 0
81172 0
253318 0
246518 0
1590 0
241660 0
247561 0
242572 0
247027 0
231575 0
253333 0
247946 0
234696 0
214727 0
100683 0
232543 0
214899 0
248921 0
231574 0
1631 0
255530 0
288 0
20992 0
243623 0
244001 0
247192 0
249413 0
255533 0
230607 0
255531 0
255532 0
214825 0
253705 0
244002 0
235862 0
242576 0
244931 0
254412 0
235873 0
232542 0
248920 0
255536 0
214752 0
242324 0
255534 0
253706 0
322 0
141523 0
233554 0
232498 0
254413 0
rep69335 20
69335 0
69328 0
69332 0
69338 0
69337 0
69343 0
69339 0
69327 0
69336 0
69333 0
69344 0
69330 0
69334 0
69325 0
69329 0
69341 0
69342 0
69326 0
69340 0
69331 0
rep38814 21
80128 0
80124 0
28505 0
38816 0
116356 0
38813 0
38817 0
80122 0
38812 0
38815 0
38814 0
38820 0
38818 0
38819 0
80126 0
38801 0
80125 0
80123 0
80127 0
80129 0
38821 0
155650 0
179666 0
rep195948 21
195946 0
195908 0
30702 0
20665 0
30700 0
252482 0
30705 0
195948 0
195943 0
238938 0
195942 0
30706 0
238940 0
195945 0
8839 0
30703 0
195944 0
30701 0
7377 0
238939 0
30704 0
125635 0
rep155722 20
89559 0
5097 0
67076 0
153143 0
89192 0
105760 0
89038 0
6254 0
155722 0
89253 0
101448 0
97069 0
97338 0
153081 0
98605 0
97480 0
173059 0
98090 0
97363 0
97932 0
rep85441 23
86020 0
85438 0
86025 0
85440 0
86029 0
86021 0
87109 0
86024 0
87107 0
85439 0
86028 0
86030 0
85441 0
24166 0
87108 0
86022 0
87111 0
86027 0
86023 0
87110 0
87127 0
86026 0
85442 0
rep102376 21
1318 0
39966 0
151672 0
5836 0
102376 0
151671 0
151666 0
151674 0
151665 0
12 0
151673 0
151667 0
48883 0
151669 0
151670 0
695 0
117940 0
151668 0
27 0
33042 0
1316 0
rep240620 20
241139 0
235623 0
240751 0
241124 0
240672 0
240606 0
240668 0
240695 0
240764 0
241123 0
240755 0
240905 0
240670 0
240537 0
240669 0
241289 0
240619 0
241148 0
240906 0
240620 0
