119678 35 119679 119714 119715 127816 127817 127818 127819 127820 127821 128149 128150 128154 128155 128156 128157 128158 128159 128160 128172 128361 128362 128363 128364 128365 128366 128367 128368 128369 128370 128371 128372 177495 177496 36236 78457
119679 35 119678 119714 119715 127816 127817 127818 127819 127820 127821 128149 128150 128154 128155 128156 128157 128158 128159 128160 128172 128361 128362 128363 128364 128365 128366 128367 128368 128369 128370 128371 128372 177495 177496 36236 78457
128361 35 119678 119679 119714 119715 127816 127817 127818 127819 127820 127821 128149 128150 128154 128155 128156 128157 128158 128159 128160 128172 128362 128363 128364 128365 128366 128367 128368 128369 128370 128371 128372 177495 177496 36236 78457
128362 35 119678 119679 119714 119715 127816 127817 127818 127819 127820 127821 128149 128150 128154 128155 128156 128157 128158 128159 128160 128172 128361 128363 128364 128365 128366 128367 128368 128369 128370 128371 128372 177495 177496 36236 78457
128363 35 119678 119679 119714 119715 127816 127817 127818 127819 127820 127821 128149 128150 128154 128155 128156 128157 128158 128159 128160 128172 128361 128362 128364 128365 128366 128367 128368 128369 128370 128371 128372 177495 177496 36236 78457
128364 35 119678 119679 119714 119715 127816 127817 127818 127819 127820 127821 128149 128150 128154 128155 128156 128157 128158 128159 128160 128172 128361 128362 128363 128365 128366 128367 128368 128369 128370 128371 128372 177495 177496 36236 78457
128365 35 119678 119679 119714 119715 127816 127817 127818 127819 127820 127821 128149 128150 128154 128155 128156 128157 128158 128159 128160 128172 128361 128362 128363 128364 128366 128367 128368 128369 128370 128371 128372 177495 177496 36236 78457
128366 35 119678 119679 119714 119715 127816 127817 127818 127819 127820 127821 128149 128150 128154 128155 128156 128157 128158 128159 128160 128172 128361 128362 128363 128364 128365 128367 128368 128369 128370 128371 128372 177495 177496 36236 78457
128367 35 119678 119679 119714 119715 127816 127817 127818 127819 127820 127821 128149 128150 128154 128155 128156 128157 128158 128159 128160 128172 128361 128362 128363 128364 128365 128366 128368 128369 128370 128371 128372 177495 177496 36236 78457
119715 35 119678 119679 119714 127816 127817 127818 127819 127820 127821 128149 128150 128154 128155 128156 128157 128158 128159 128160 128172 128361 128362 128363 128364 128365 128366 128367 128368 128369 128370 128371 128372 177495 177496 36236 78457
128368 35 119678 119679 119714 119715 127816 127817 127818 127819 127820 127821 128149 128150 128154 128155 128156 128157 128158 128159 128160 128172 128361 128362 128363 128364 128365 128366 128367 128369 128370 128371 128372 177495 177496 36236 78457
119714 35 119678 119679 119715 127816 127817 127818 127819 127820 127821 128149 128150 128154 128155 128156 128157 128158 128159 128160 128172 128361 128362 128363 128364 128365 128366 128367 128368 128369 128370 128371 128372 177495 177496 36236 78457
36236 35 119678 119679 119714 119715 127816 127817 127818 127819 127820 127821 128149 128150 128154 128155 128156 128157 128158 128159 128160 128172 128361 128362 128363 128364 128365 128366 128367 128368 128369 128370 128371 128372 177495 177496 78457
128369 35 119678 119679 119714 119715 127816 127817 127818 127819 127820 127821 128149 128150 128154 128155 128156 128157 128158 128159 128160 128172 128361 128362 128363 128364 128365 128366 128367 128368 128370 128371 128372 177495 177496 36236 78457
128160 35 119678 119679 119714 119715 127816 127817 127818 127819 127820 127821 128149 128150 128154 128155 128156 128157 128158 128159 128172 128361 128362 128363 128364 128365 128366 128367 128368 128369 128370 128371 128372 177495 177496 36236 78457
78457 35 119678 119679 119714 119715 127816 127817 127818 127819 127820 127821 128149 128150 128154 128155 128156 128157 128158 128159 128160 128172 128361 128362 128363 128364 128365 128366 128367 128368 128369 128370 128371 128372 177495 177496 36236
127821 35 119678 119679 119714 119715 127816 127817 127818 127819 127820 128149 128150 128154 128155 128156 128157 128158 128159 128160 128172 128361 128362 128363 128364 128365 128366 128367 128368 128369 128370 128371 128372 177495 177496 36236 78457
127820 35 119678 119679 119714 119715 127816 127817 127818 127819 127821 128149 128150 128154 128155 128156 128157 128158 128159 128160 128172 128361 128362 128363 128364 128365 128366 128367 128368 128369 128370 128371 128372 177495 177496 36236 78457
128149 35 119678 119679 119714 119715 127816 127817 127818 127819 127820 127821 128150 128154 128155 128156 128157 128158 128159 128160 128172 128361 128362 128363 128364 128365 128366 128367 128368 128369 128370 128371 128372 177495 177496 36236 78457
177496 35 119678 119679 119714 119715 127816 127817 127818 127819 127820 127821 128149 128150 128154 128155 128156 128157 128158 128159 128160 128172 128361 128362 128363 128364 128365 128366 128367 128368 128369 128370 128371 128372 177495 36236 78457
177495 35 119678 119679 119714 119715 127816 127817 127818 127819 127820 127821 128149 128150 128154 128155 128156 128157 128158 128159 128160 128172 128361 128362 128363 128364 128365 128366 128367 128368 128369 128370 128371 128372 177496 36236 78457
128371 35 119678 119679 119714 119715 127816 127817 127818 127819 127820 127821 128149 128150 128154 128155 128156 128157 128158 128159 128160 128172 128361 128362 128363 128364 128365 128366 128367 128368 128369 128370 128372 177495 177496 36236 78457
128372 35 119678 119679 119714 119715 127816 127817 127818 127819 127820 127821 128149 128150 128154 128155 128156 128157 128158 128159 128160 128172 128361 128362 128363 128364 128365 128366 128367 128368 128369 128370 128371 177495 177496 36236 78457
128370 35 119678 119679 119714 119715 127816 127817 127818 127819 127820 127821 128149 128150 128154 128155 128156 128157 128158 128159 128160 128172 128361 128362 128363 128364 128365 128366 128367 128368 128369 128371 128372 177495 177496 36236 78457
128172 35 119678 119679 119714 119715 127816 127817 127818 127819 127820 127821 128149 128150 128154 128155 128156 128157 128158 128159 128160 128361 128362 128363 128364 128365 128366 128367 128368 128369 128370 128371 128372 177495 177496 36236 78457
127816 35 119678 119679 119714 119715 127817 127818 127819 127820 127821 128149 128150 128154 128155 128156 128157 128158 128159 128160 128172 128361 128362 128363 128364 128365 128366 128367 128368 128369 128370 128371 128372 177495 177496 36236 78457
128150 35 119678 119679 119714 119715 127816 127817 127818 127819 127820 127821 128149 128154 128155 128156 128157 128158 128159 128160 128172 128361 128362 128363 128364 128365 128366 128367 128368 128369 128370 128371 128372 177495 177496 36236 78457
128159 35 119678 119679 119714 119715 127816 127817 127818 127819 127820 127821 128149 128150 128154 128155 128156 128157 128158 128160 128172 128361 128362 128363 128364 128365 128366 128367 128368 128369 128370 128371 128372 177495 177496 36236 78457
128157 35 119678 119679 119714 119715 127816 127817 127818 127819 127820 127821 128149 128150 128154 128155 128156 128158 128159 128160 128172 128361 128362 128363 128364 128365 128366 128367 128368 128369 128370 128371 128372 177495 177496 36236 78457
128158 35 119678 119679 119714 119715 127816 127817 127818 127819 127820 127821 128149 128150 128154 128155 128156 128157 128159 128160 128172 128361 128362 128363 128364 128365 128366 128367 128368 128369 128370 128371 128372 177495 177496 36236 78457
127819 35 119678 119679 119714 119715 127816 127817 127818 127820 127821 128149 128150 128154 128155 128156 128157 128158 128159 128160 128172 128361 128362 128363 128364 128365 128366 128367 128368 128369 128370 128371 128372 177495 177496 36236 78457
128155 35 119678 119679 119714 119715 127816 127817 127818 127819 127820 127821 128149 128150 128154 128156 128157 128158 128159 128160 128172 128361 128362 128363 128364 128365 128366 128367 128368 128369 128370 128371 128372 177495 177496 36236 78457
128156 35 119678 119679 119714 119715 127816 127817 127818 127819 127820 127821 128149 128150 128154 128155 128157 128158 128159 128160 128172 128361 128362 128363 128364 128365 128366 128367 128368 128369 128370 128371 128372 177495 177496 36236 78457
127817 35 119678 119679 119714 119715 127816 127818 127819 127820 127821 128149 128150 128154 128155 128156 128157 128158 128159 128160 128172 128361 128362 128363 128364 128365 128366 128367 128368 128369 128370 128371 128372 177495 177496 36236 78457
127818 35 119678 119679 119714 119715 127816 127817 127819 127820 127821 128149 128150 128154 128155 128156 128157 128158 128159 128160 128172 128361 128362 128363 128364 128365 128366 128367 128368 128369 128370 128371 128372 177495 177496 36236 78457
128154 35 119678 119679 119714 119715 127816 127817 127818 127819 127820 127821 128149 128150 128155 128156 128157 128158 128159 128160 128172 128361 128362 128363 128364 128365 128366 128367 128368 128369 128370 128371 128372 177495 177496 36236 78457
