peel_12 75
rep113153 24
178 0
113320 0
1221 0
87316 0
113498 0
113231 0
113492 0
113534 0
108353 0
113257 0
113535 0
113533 0
113336 0
113258 0
108374 0
112872 0
108370 0
113475 0
113153 0
113497 0
113122 0
111801 0
113154 0
113271 0
rep138493 19
6711 0
22513 0
138493 0
138487 0
138485 0
138489 0
138488 0
6715 0
138491 0
138486 0
63850 0
22482 0
5151 0
6751 0
138484 0
138492 0
22506 0
5150 0
138490 0
71253 0
rep60092 4
60093 0
60094 0
60092 0
60091 0
37270 0
rep194591 13
194606 0
194639 0
194603 0
194607 0
194635 0
76335 0
194637 0
194600 0
194608 0
180247 0
194591 0
194636 0
194638 0
55129 0
rep199876 5
199877 0
215576 0
199876 0
211248 0
211249 0
rep131318 34
10074 0
184639 0
183562 0
10077 0
184644 0
131320 0
131295 0
183559 0
183558 0
131294 0
183565 0
184643 0
74867 0
184645 0
10073 0
183567 0
184642 0
118807 0
183568 0
116645 0
183561 0
183563 0
10076 0
183566 0
10075 0
184640 0
131297 0
131296 0
183564 0
183560 0
184641 0
131318 0
131319 0
7690 0
rep135953 15
135957 0
135968 0
135954 0
134852 0
135960 0
135953 0
135970 0
135955 0
134787 0
50937 0
1605 0
135956 0
134851 0
75737 0
135969 0
rep106419 13
77327 0
77329 0
77333 0
77331 0
77334 0
106419 0
77328 0
106411 0
77326 0
77332 0
106421 0
106429 0
77330 0
236333 0
rep218717 12
49532 0
218714 0
218715 0
218716 0
218712 0
218718 0
218709 0
218710 0
218720 0
218719 0
218717 0
218713 0
rep152831 12
152198 0
152846 0
152815 0
152845 0
152848 0
152847 0
152844 0
152830 0
152831 0
152849 0
152851 0
152828 0
rep112557 20
112557 0
113749 0
250068 0
249223 0
250070 0
246955 0
250071 0
241010 0
113742 0
960 0
113747 0
241008 0
113743 0
113745 0
247687 0
2491 0
113744 0
112558 0
113746 0
113748 0
141158 0
90466 0
211004 0
105020 0
rep53176 32
114453 0
36378 0
120038 0
59500 0
120033 0
59456 0
120050 0
126280 0
57326 0
5602 0
120053 0
53176 0
109251 0
120035 0
114106 0
120039 0
120036 0
120049 0
59690 0
120043 0
120052 0
120042 0
6880 0
120047 0
120041 0
120048 0
120040 0
109998 0
59688 0
120037 0
120051 0
120034 0
235396 0
28569 0
68443 0
102483 0
244894 0
rep126614 27
127963 0
217073 0
217089 0
979 0
217074 0
2384 0
127965 0
217070 0
217075 0
43 0
217072 0
127958 0
126614 0
6093 0
127964 0
49409 0
100330 0
123599 0
162862 0
127955 0
85398 0
217071 0
127956 0
124400 0
127962 0
127936 0
127957 0
rep67096 13
67105 0
67103 0
67092 0
67101 0
67102 0
67093 0
67097 0
67104 0
67098 0
67095 0
67091 0
67096 0
67094 0
rep125005 13
125012 0
125007 0
125013 0
125010 0
125016 0
125014 0
125005 0
125006 0
125015 0
125009 0
125008 0
125011 0
125017 0
rep27683 13
67958 0
67961 0
67962 0
67959 0
27683 0
67963 0
6506 0
67966 0
67964 0
66864 0
67960 0
66866 0
67965 0
rep244807 25
31076 0
31035 0
244811 0
7376 0
30302 0
30548 0
33307 0
244813 0
30373 0
54634 0
30998 0
3137 0
244807 0
54635 0
30190 0
244812 0
244808 0
244809 0
244815 0
244810 0
244814 0
244816 0
31219 0
244817 0
244818 0
2328 0
190958 0
rep5411 13
258181 0
258176 0
698 0
258172 0
258174 0
258173 0
258179 0
258175 0
258177 0
5412 0
258180 0
258178 0
5411 0
rep153402 3
153404 0
153405 0
153402 0
rep139582 2
211026 0
139582 0
141215 0
114828 0
rep132028 42
67080 0
132028 0
132326 0
132267 0
98844 0
132269 0
161953 0
132030 0
132026 0
5188 0
10350 0
10353 0
132263 0
132027 0
132034 0
132033 0
132019 0
10354 0
81845 0
132328 0
79555 0
161951 0
132327 0
10348 0
132032 0
161950 0
132324 0
100220 0
48651 0
10344 0
132265 0
10346 0
132038 0
132268 0
132031 0
132264 0
161948 0
132272 0
132323 0
161952 0
161949 0
132029 0
210528 0
rep132753 11
100774 0
29858 0
79004 0
58481 0
132753 0
115099 0
7051 0
134931 0
24023 0
67771 0
52548 0
27870 0
rep111036 39
25632 0
107988 0
114165 0
108090 0
3596 0
3598 0
125581 0
126196 0
108698 0
111045 0
128672 0
128676 0
25616 0
114167 0
114168 0
119682 0
113518 0
3597 0
108779 0
2805 0
114170 0
128673 0
120296 0
128670 0
111036 0
128675 0
128674 0
58313 0
46063 0
108687 0
25635 0
111389 0
126197 0
115214 0
114166 0
107788 0
128671 0
3599 0
114169 0
rep96720 13
96718 0
45688 0
96725 0
96730 0
96717 0
96716 0
45689 0
96671 0
96712 0
96719 0
96722 0
96720 0
96664 0
rep77294 13
77300 0
77301 0
77297 0
77305 0
77293 0
77299 0
77295 0
77302 0
77298 0
77303 0
77294 0
77296 0
77304 0
24364 0
rep10877 181
33954 0
6950 0
130490 0
210279 0
165877 0
57077 0
211971 0
179184 0
84984 0
10879 0
14377 0
195828 0
45943 0
185213 0
10877 0
10054 0
33952 0
33988 0
234337 0
130482 0
68934 0
185017 0
195850 0
195852 0
195833 0
14263 0
234451 0
195320 0
195827 0
14384 0
234309 0
8439 0
195025 0
193053 0
118277 0
195024 0
226255 0
210280 0
33996 0
185013 0
1744 0
165652 0
165653 0
193238 0
33951 0
84942 0
202267 0
130483 0
144555 0
84544 0
113688 0
7931 0
194801 0
2943 0
195152 0
68933 0
234344 0
10872 0
195023 0
140675 0
10873 0
74377 0
84940 0
130485 0
14809 0
195029 0
84545 0
185203 0
195028 0
8441 0
185119 0
234360 0
202268 0
140672 0
211970 0
195829 0
130484 0
210277 0
1742 0
140091 0
234347 0
195832 0
130910 0
84944 0
115258 0
185293 0
10878 0
195026 0
5449 0
195160 0
195851 0
234361 0
185019 0
84941 0
234346 0
85787 0
10 0
10888 0
198017 0
195313 0
5177 0
7932 0
33953 0
2939 0
185117 0
33991 0
49777 0
59845 0
115067 0
6822 0
130488 0
185016 0
195818 0
14381 0
113689 0
130489 0
6821 0
68932 0
10874 0
33483 0
33990 0
14787 0
140674 0
195831 0
14378 0
195027 0
1743 0
234388 0
14382 0
151542 0
7331 0
28896 0
226253 0
185114 0
185116 0
140090 0
226254 0
195826 0
234399 0
195830 0
185014 0
196933 0
185118 0
165878 0
33989 0
130481 0
195825 0
210281 0
140673 0
10876 0
234310 0
130486 0
165656 0
8438 0
84943 0
36820 0
8443 0
10875 0
185115 0
195848 0
210944 0
195021 0
195020 0
185015 0
210278 0
14261 0
210964 0
84939 0
195162 0
165655 0
195849 0
8440 0
234359 0
210843 0
7 0
195310 0
226252 0
6820 0
130487 0
7742 0
680 0
236257 0
87522 0
201818 0
14 0
67176 0
49691 0
rep114762 13
114767 0
114764 0
114773 0
114762 0
114769 0
114763 0
114765 0
114770 0
114766 0
114761 0
114768 0
114772 0
114771 0
rep75020 29
138961 0
75021 0
57686 0
138960 0
57216 0
138963 0
116504 0
57690 0
57614 0
116505 0
57689 0
75019 0
138789 0
57684 0
57534 0
422 0
138790 0
104759 0
75020 0
57446 0
138962 0
138795 0
57522 0
138794 0
75022 0
57685 0
57688 0
57687 0
57691 0
rep90083 2
90085 0
90083 0
704 0
14117 0
rep212619 27
83093 0
95142 0
212627 0
95143 0
212623 0
212621 0
212622 0
212619 0
8975 0
95145 0
47999 0
212618 0
212624 0
212629 0
212628 0
34931 0
212631 0
212630 0
212626 0
95144 0
212620 0
34930 0
95140 0
95141 0
212625 0
34932 0
212632 0
rep141187 3
141188 0
141187 0
141189 0
206441 0
33451 0
79262 0
rep37004 43
134219 0
134218 0
177211 0
37001 0
134256 0
134213 0
177212 0
50208 0
177221 0
134214 0
134260 0
134251 0
177223 0
177220 0
177215 0
37004 0
36974 0
37000 0
37005 0
134253 0
134259 0
177214 0
134254 0
134255 0
134212 0
134258 0
37008 0
177216 0
134217 0
177222 0
177217 0
37006 0
177210 0
134203 0
134252 0
134257 0
37003 0
134215 0
37007 0
100080 0
37002 0
177213 0
134216 0
rep189735 2
189738 0
189735 0
rep141167 2
141168 0
141167 0
rep29542 449
81639 0
61948 0
29507 0
29512 0
69415 0
5105 0
29457 0
61973 0
110296 0
165079 0
165089 0
134892 0
164998 0
61931 0
106350 0
61936 0
110289 0
115435 0
69420 0
134891 0
165086 0
165071 0
81635 0
69433 0
29490 0
134620 0
164716 0
134894 0
165095 0
29533 0
165108 0
115433 0
29482 0
134616 0
69398 0
134895 0
125909 0
29502 0
61976 0
81634 0
69414 0
99009 0
29524 0
61941 0
69403 0
29513 0
115430 0
110187 0
165122 0
29534 0
61968 0
81427 0
134618 0
81426 0
69436 0
5111 0
29535 0
69406 0
165106 0
165100 0
81424 0
29531 0
29477 0
69438 0
84071 0
164715 0
165021 0
29516 0
110297 0
61978 0
61938 0
110230 0
134893 0
29521 0
165036 0
115437 0
165082 0
165081 0
29476 0
61952 0
61945 0
124282 0
61956 0
134902 0
126634 0
165038 0
29498 0
134899 0
61933 0
165109 0
61947 0
29450 0
151966 0
124284 0
126646 0
29472 0
69444 0
29522 0
29528 0
134910 0
81640 0
29503 0
115429 0
134610 0
165032 0
134904 0
172167 0
165098 0
29526 0
165022 0
126639 0
29452 0
69412 0
61937 0
165070 0
69437 0
29458 0
29510 0
164993 0
69439 0
69434 0
29517 0
165049 0
29508 0
165080 0
61935 0
165019 0
69427 0
61951 0
61934 0
151949 0
29473 0
165000 0
163205 0
165051 0
29515 0
125904 0
61957 0
61960 0
5110 0
29463 0
29495 0
164720 0
115446 0
165097 0
115444 0
29469 0
134897 0
125858 0
126632 0
61954 0
165101 0
165001 0
5106 0
165028 0
56637 0
165016 0
61965 0
102567 0
165119 0
164999 0
5107 0
29505 0
61975 0
29489 0
110188 0
165010 0
125947 0
29504 0
69424 0
125630 0
69425 0
69419 0
165030 0
69397 0
81641 0
69409 0
115438 0
29455 0
134907 0
29491 0
61970 0
134611 0
165047 0
61940 0
165011 0
165069 0
124309 0
134906 0
165005 0
122824 0
165057 0
165121 0
16269 0
5113 0
115441 0
115443 0
165096 0
134900 0
61963 0
126631 0
99010 0
29509 0
69408 0
61966 0
134605 0
29454 0
29527 0
69432 0
125897 0
165067 0
126641 0
134617 0
81633 0
134615 0
165024 0
61942 0
115445 0
29541 0
29496 0
29464 0
124319 0
29479 0
69446 0
69423 0
134601 0
110232 0
29497 0
110227 0
29525 0
29494 0
69426 0
29470 0
69443 0
29488 0
134898 0
165020 0
81430 0
61958 0
61932 0
61946 0
125908 0
106349 0
29506 0
29514 0
61977 0
69418 0
126644 0
134606 0
5112 0
126718 0
165078 0
134619 0
29518 0
69422 0
126642 0
134912 0
29501 0
126635 0
101231 0
69435 0
61950 0
69404 0
134602 0
34182 0
29520 0
165117 0
164997 0
165102 0
29461 0
165004 0
115426 0
165017 0
125880 0
165128 0
61959 0
165116 0
115436 0
29462 0
61939 0
29486 0
124317 0
29449 0
69441 0
165099 0
69407 0
165041 0
115442 0
134913 0
134612 0
165083 0
29448 0
29456 0
69413 0
69401 0
134908 0
5109 0
165043 0
126628 0
101253 0
69405 0
29475 0
69411 0
69402 0
29480 0
61949 0
69430 0
165012 0
126640 0
124318 0
165031 0
165056 0
61955 0
165126 0
165042 0
165120 0
29536 0
61971 0
134604 0
165129 0
165040 0
126633 0
115431 0
29485 0
134905 0
165063 0
134603 0
29447 0
106497 0
165002 0
134901 0
69410 0
165090 0
110231 0
115439 0
115428 0
29466 0
25475 0
134909 0
61964 0
69445 0
134607 0
1597 0
134621 0
164721 0
29523 0
165094 0
164719 0
61953 0
165023 0
69431 0
29471 0
134903 0
61961 0
165060 0
165044 0
165088 0
115447 0
29499 0
29519 0
165076 0
115427 0
110228 0
134890 0
29493 0
126643 0
165075 0
81638 0
61972 0
165003 0
29537 0
134614 0
124270 0
126433 0
29465 0
134896 0
165037 0
165114 0
110290 0
81637 0
81636 0
165058 0
115434 0
165115 0
165061 0
5108 0
165062 0
29459 0
61944 0
134600 0
29467 0
165055 0
134609 0
61969 0
81425 0
126627 0
165050 0
29532 0
125948 0
29483 0
164718 0
29468 0
165059 0
29540 0
29453 0
124269 0
165018 0
69399 0
29530 0
126645 0
29539 0
61962 0
134911 0
29542 0
29474 0
81429 0
115432 0
134613 0
69400 0
81428 0
69442 0
61974 0
165110 0
29492 0
61943 0
165118 0
124308 0
124283 0
134608 0
30465 0
115440 0
29484 0
69421 0
29500 0
165008 0
29451 0
165077 0
110229 0
164717 0
61967 0
29511 0
29538 0
125945 0
165039 0
30467 0
125946 0
29460 0
69440 0
29529 0
255872 0
153411 0
rep183085 11
30516 0
139573 0
173533 0
139571 0
30514 0
183085 0
139575 0
139572 0
183062 0
1248 0
139574 0
155595 0
rep105682 14
66017 0
105674 0
66012 0
105675 0
16729 0
105676 0
66014 0
105681 0
105682 0
105678 0
105677 0
66013 0
66015 0
66016 0
225620 0
rep141178 2
141181 0
141178 0
rep133876 8
133876 0
133887 0
133879 0
133888 0
133886 0
133878 0
133889 0
133877 0
91435 0
