257828 13 1653 180274 218395 257761 257765 257767 257780 257781 257823 257824 257825 257826 257827
257826 13 1653 180274 218395 257761 257765 257767 257780 257781 257823 257824 257825 257827 257828
257827 13 1653 180274 218395 257761 257765 257767 257780 257781 257823 257824 257825 257826 257828
330 2 537 7310
257824 13 1653 180274 218395 257761 257765 257767 257780 257781 257823 257825 257826 257827 257828
257825 13 1653 180274 218395 257761 257765 257767 257780 257781 257823 257824 257826 257827 257828
257823 13 1653 180274 218395 257761 257765 257767 257780 257781 257824 257825 257826 257827 257828
230643 11 10063 134451 230639 230640 230641 230642 230853 230854 230855 230856 53735
230641 11 10063 134451 230639 230640 230642 230643 230853 230854 230855 230856 53735
230642 11 10063 134451 230639 230640 230641 230643 230853 230854 230855 230856 53735
15356 11 15357 15359 15360 15361 15363 15364 15365 15367 15368 15369 15370
230640 11 10063 134451 230639 230641 230642 230643 230853 230854 230855 230856 53735
15357 11 15356 15359 15360 15361 15363 15364 15365 15367 15368 15369 15370
15359 13 15356 15357 15360 15361 15363 15364 15365 15367 15368 15369 15370 15376 15390
248059 4 243866 244306 248011 248017
196039 9 182707 183152 196025 196930 196931 198381 26905 46746 66186
537 1 330
130652 11 109080 128455 128457 128458 128459 128460 128461 128472 133858 84714 90669
165064 8 164731 165006 165025 165045 165065 165084 165103 165123
165065 8 164732 165007 165026 165046 165064 165085 165104 165124
69129 10 139271 139272 139273 139274 139275 139276 139277 139278 1844 35008
47209 10 113801 175885 175886 175887 47336 47522 56020 7310 90771 91998
216398 11 101639 101640 101641 130427 130428 130429 130430 130431 130432 14778 216399
165046 8 164732 165007 165026 165045 165065 165085 165104 165124
6094 12 125270 127342 127343 127492 127493 46301 46302 46303 46324 46325 46326 46327
165045 8 164731 165006 165025 165046 165064 165084 165103 165123
230855 11 10063 134451 230639 230640 230641 230642 230643 230853 230854 230856 53735
230854 11 10063 134451 230639 230640 230641 230642 230643 230853 230855 230856 53735
243866 4 244306 248011 248017 248059
216399 12 101639 101640 101641 130427 130428 130429 130430 130431 130432 14778 15379 216398
230856 11 10063 134451 230639 230640 230641 230642 230643 230853 230854 230855 53735
6882 12 1147 76185 76186 76188 76189 76190 76193 76194 76195 76196 76197 80778
230853 11 10063 134451 230639 230640 230641 230642 230643 230854 230855 230856 53735
75199 11 54359 75198 75200 75201 75202 75203 75204 75205 75206 75208 75217
1 13 135850 249550 249551 249552 249553 249554 249555 3277 4 54395 54396 54397 55561
75198 11 54359 75199 75200 75201 75202 75203 75204 75205 75206 75207 75216
4 6 1 116433 60836 60959 62160 99173
9 7 234475 234514 234530 234567 234615 234644 234647
183152 6 182707 196025 196039 196930 196931 198381
176558 11 243360 243534 243535 243536 243537 243538 243539 243540 243541 243542 243543
130430 11 101639 101640 101641 130427 130428 130429 130431 130432 14778 216398 216399
130432 11 101639 101640 101641 130427 130428 130429 130430 130431 14778 216398 216399
130431 11 101639 101640 101641 130427 130428 130429 130430 130432 14778 216398 216399
52025 11 173057 173060 20994 24770 24785 32437 33664 50986 50987 52023 52024
157218 11 154257 154285 154404 154536 154940 155114 155860 155904 156695 157225 157237
52023 11 173057 173060 20994 24770 24785 32437 33664 50986 50987 52024 52025
52024 11 173057 173060 20994 24770 24785 32437 33664 50986 50987 52023 52025
135797 13 135784 135786 135787 135789 135790 135791 135792 135793 135794 135796 404 50803 60803
1844 2 2061 69129
108218 1 108771
28246 3 161742 161743 74909
135796 13 135784 135786 135787 135789 135790 135791 135792 135793 135794 135797 404 50803 60803
165084 8 164731 165006 165025 165045 165064 165085 165103 165123
176549 15 217494 217495 217496 217497 217498 217499 217500 217501 217620 217621 221902 221903 243888 33215 54723
165085 8 164732 165007 165026 165046 165065 165084 165104 165124
243888 13 176549 217494 217495 217496 217497 217498 217499 217500 217501 217620 217621 221902 221903
154257 13 154285 154404 154536 154940 155114 155860 155904 156695 157218 157225 157237 157242 157372
173057 11 173060 20994 24770 24785 32437 33664 50986 50987 52023 52024 52025
165103 8 164731 165006 165025 165045 165064 165084 165104 165123
135790 13 135784 135786 135787 135789 135791 135792 135793 135794 135796 135797 404 50803 60803
165104 8 164732 165007 165026 165046 165065 165085 165103 165124
135792 13 135784 135786 135787 135789 135790 135791 135793 135794 135796 135797 404 50803 60803
135791 13 135784 135786 135787 135789 135790 135792 135793 135794 135796 135797 404 50803 60803
135794 13 135784 135786 135787 135789 135790 135791 135792 135793 135796 135797 404 50803 60803
135793 13 135784 135786 135787 135789 135790 135791 135792 135794 135796 135797 404 50803 60803
128667 12 1220 123692 123693 128668 128669 14127 212583 244260 247072 250206 39951 90968
135784 12 135786 135787 135789 135790 135791 135792 135793 135794 135796 135797 404 60803
173060 11 173057 20994 24770 24785 32437 33664 50986 50987 52023 52024 52025
128668 12 1220 123692 123693 128667 128669 14127 212583 244260 247072 250206 39951 90968
196025 9 182707 183152 196039 196930 196931 198381 26905 46746 66186
128669 11 1220 123692 123693 128667 128668 14127 212583 247072 250206 39951 90968
135786 13 135784 135787 135789 135790 135791 135792 135793 135794 135796 135797 404 50803 60803
135787 13 135784 135786 135789 135790 135791 135792 135793 135794 135796 135797 404 50803 60803
135789 13 135784 135786 135787 135790 135791 135792 135793 135794 135796 135797 404 50803 60803
175003 9 195836 195837 195838 195839 195840 195841 195842 195843 210954
80709 14 122065 139566 216 218 221 31176 3132 3621 39943 7770 8460 8462 8463 99645
217620 14 176549 217494 217495 217496 217497 217498 217499 217500 217501 217621 221902 221903 243888 54723
217621 13 176549 217494 217495 217496 217497 217498 217499 217500 217501 217620 221902 221903 243888
250206 11 1220 123692 123693 128667 128668 128669 14127 212583 244260 39951 90968
230639 11 10063 134451 230640 230641 230642 230643 230853 230854 230855 230856 53735
162652 12 163418 163419 163420 163421 163422 163424 163425 163426 163427 163428 163442 163443
15397 11 15386 15388 15390 15391 15392 15393 15394 15398 15399 15401 15402
33586 9 139271 139272 139273 139274 139275 139276 139277 139278 35008
15398 11 15386 15388 15390 15391 15392 15393 15394 15397 15399 15401 15402
52001 10 127544 213179 225324 225325 225326 225327 225358 225360 225361 87183
15399 11 15386 15388 15390 15391 15392 15393 15394 15397 15398 15401 15402
15392 11 15386 15388 15390 15391 15393 15394 15397 15398 15399 15401 15402
157237 11 154257 154285 154536 155114 155860 155904 156695 157218 157225 157242 157372
15393 11 15386 15388 15390 15391 15392 15394 15397 15398 15399 15401 15402
15394 11 15386 15388 15390 15391 15392 15393 15397 15398 15399 15401 15402
113208 0
15390 12 15359 15386 15388 15391 15392 15393 15394 15397 15398 15399 15401 15402
15391 11 15386 15388 15390 15392 15393 15394 15397 15398 15399 15401 15402
90819 0
256521 0
248011 4 243866 244306 248017 248059
8463 14 122065 139566 216 218 221 31176 3132 3621 39943 7770 80709 8460 8462 99645
107070 11 106039 106439 106518 106596 106631 106792 107014 107018 107032 107043 107062
8462 14 122065 139566 216 218 221 31176 3132 3621 39943 7770 80709 8460 8463 99645
157242 9 154257 154285 154536 155114 155860 155904 156695 157237 157372
8460 14 122065 139566 216 218 221 31176 3132 3621 39943 7770 80709 8462 8463 99645
101560 2 100492 101033
63443 0
10063 11 134451 230639 230640 230641 230642 230643 230853 230854 230855 230856 53735
165124 8 164732 165007 165026 165046 165065 165085 165104 165123
127193 6 123526 126116 127194 127624 163551 166444
130428 12 101639 101640 101641 130427 130429 130430 130431 130432 14778 15385 216398 216399
165123 8 164731 165006 165025 165045 165064 165084 165103 165124
15388 12 15385 15386 15390 15391 15392 15393 15394 15397 15398 15399 15401 15402
130429 11 101639 101640 101641 130427 130428 130430 130431 130432 14778 216398 216399
221902 14 176549 217494 217495 217496 217497 217498 217499 217500 217501 217620 217621 221903 243888 54723
15385 16 130428 15370 15371 15375 15376 15377 15378 15379 15380 15381 15382 15383 15384 15386 15388 15402
107697 11 107612 107689 107690 107691 107692 107693 107694 107695 107696 107698 4022
221903 14 176549 217494 217495 217496 217497 217498 217499 217500 217501 217620 217621 221902 243888 54723
15386 14 15383 15384 15385 15388 15390 15391 15392 15393 15394 15397 15398 15399 15401 15402
107698 11 107612 107689 107690 107691 107692 107693 107694 107695 107696 107697 4022
127194 6 123526 126116 127193 127624 163551 166444
218310 11 201595 218300 218301 218302 218303 218304 218305 218306 218307 218308 218309
15383 12 15371 15375 15376 15377 15378 15379 15380 15381 15382 15384 15385 15386
90802 3 1710 1715 1720
107695 11 107612 107689 107690 107691 107692 107693 107694 107696 107697 107698 4022
15384 12 15371 15375 15376 15377 15378 15379 15380 15381 15382 15383 15385 15386
107696 11 107612 107689 107690 107691 107692 107693 107694 107695 107697 107698 4022
157225 11 154257 154285 154404 154536 154940 155114 155860 155904 156695 157218 157237
15381 11 15371 15375 15376 15377 15378 15379 15380 15382 15383 15384 15385
107693 11 107612 107689 107690 107691 107692 107694 107695 107696 107697 107698 4022
217076 3 217077 217078 217079
58312 1 3418
7583 1 13609
15382 11 15371 15375 15376 15377 15378 15379 15380 15381 15383 15384 15385
107694 11 107612 107689 107690 107691 107692 107693 107695 107696 107697 107698 4022
130427 11 101639 101640 101641 130428 130429 130430 130431 130432 14778 216398 216399
217077 4 217076 217078 217079 217080
155899 12 109080 128455 128457 128458 128459 128460 128461 128472 155897 155898 84714 90669
107691 11 107612 107689 107690 107692 107693 107694 107695 107696 107697 107698 4022
217078 5 217076 217077 217079 217080 217081
155898 12 109080 128455 128457 128458 128459 128460 128461 128472 155897 155899 84714 90669
15380 11 15371 15375 15376 15377 15378 15379 15381 15382 15383 15384 15385
107692 11 107612 107689 107690 107691 107693 107694 107695 107696 107697 107698 4022
217079 6 217076 217077 217078 217080 217081 217082
155897 12 109080 128455 128457 128458 128459 128460 128461 128472 155898 155899 84714 90669
107690 11 107612 107689 107691 107692 107693 107694 107695 107696 107697 107698 4022
256532 3 244580 256533 4125
248017 4 243866 244306 248011 248059
256533 3 244580 245100 256532
14635 8 139271 139272 139273 139274 139275 139276 139277 139278
218306 11 201595 218300 218301 218302 218303 218304 218305 218307 218308 218309 218310
218307 11 201595 218300 218301 218302 218303 218304 218305 218306 218308 218309 218310
218308 11 201595 218300 218301 218302 218303 218304 218305 218306 218307 218309 218310
218309 11 201595 218300 218301 218302 218303 218304 218305 218306 218307 218308 218310
217086 5 217083 217084 217085 217087 217088
69603 4 111525 33679 74338 92528
15370 14 15356 15357 15359 15360 15361 15363 15364 15365 15367 15368 15369 15371 15385 15402
217087 4 217084 217085 217086 217088
15371 14 15368 15369 15370 15375 15376 15377 15378 15379 15380 15381 15382 15383 15384 15385
217084 6 217081 217082 217083 217085 217086 217087
217085 6 217082 217083 217084 217086 217087 217088
217082 6 217079 217080 217081 217083 217084 217085
217083 6 217080 217081 217082 217084 217085 217086
15375 11 15371 15376 15377 15378 15379 15380 15381 15382 15383 15384 15385
217080 6 217077 217078 217079 217081 217082 217083
966 8 136767 136768 136769 136770 136771 136772 136773 136774
15376 12 15359 15371 15375 15377 15378 15379 15380 15381 15382 15383 15384 15385
217081 6 217078 217079 217080 217082 217083 217084
15377 11 15371 15375 15376 15378 15379 15380 15381 15382 15383 15384 15385
107689 12 107612 107690 107691 107692 107693 107694 107695 107696 107697 107698 154834 4022
257098 11 256688 256689 256690 256691 256692 256693 257099 257100 257101 46643 46644
217088 3 217085 217086 217087
257099 11 256688 256689 256690 256691 256692 256693 257098 257100 257101 46643 46644
15379 12 15371 15375 15376 15377 15378 15380 15381 15382 15383 15384 15385 216399
15378 11 15371 15375 15376 15377 15379 15380 15381 15382 15383 15384 15385
86930 1 4022
90017 10 135030 15537 15541 15544 15551 180226 180250 57088 57089 7482
15361 11 15356 15357 15359 15360 15363 15364 15365 15367 15368 15369 15370
3277 12 1 135850 249550 249551 249552 249553 249554 249555 54395 54396 54397 55561
46644 11 256688 256689 256690 256691 256692 256693 257098 257099 257100 257101 46643
15360 11 15356 15357 15359 15361 15363 15364 15365 15367 15368 15369 15370
1405 11 18901 201549 201550 225779 25012 25013 25014 25015 5190 5191 77042
15365 11 15356 15357 15359 15360 15361 15363 15364 15367 15368 15369 15370
46643 11 256688 256689 256690 256691 256692 256693 257098 257099 257100 257101 46644
15363 11 15356 15357 15359 15360 15361 15364 15365 15367 15368 15369 15370
15364 11 15356 15357 15359 15360 15361 15363 15365 15367 15368 15369 15370
55248 13 11782 1792 232774 2662 2663 2664 295 35038 35040 35041 35042 58393 8949
111524 11 111525 33679 33680 33681 46254 46255 46256 46257 46258 46259 74346
111525 4 111524 69603 74346 92528
135030 22 1076 15441 15443 15447 15523 15524 15531 15537 15551 180226 180250 30195 53404 57088 57089 6190 7482 83858 85939 90017 91914 99012
245334 8 1715 1720 1725 1730 49388 49389 49398 51431
84066 11 109626 111603 111604 83947 83948 83949 83950 83952 83953 83954 84067
84067 11 109626 111603 111604 83947 83948 83949 83950 83952 83953 83954 84066
63432 10 42 63431 7088 7089 7090 7091 7092 7093 7094 7095
15369 12 15356 15357 15359 15360 15361 15363 15364 15365 15367 15368 15370 15371
15368 12 15356 15357 15359 15360 15361 15363 15364 15365 15367 15369 15370 15371
63431 10 42 63432 7088 7089 7090 7091 7092 7093 7094 7095
15367 11 15356 15357 15359 15360 15361 15363 15364 15365 15368 15369 15370
112534 0
210566 12 122565 205302 205509 205510 205511 205533 205649 206852 206853 206960 208982 209544
232774 10 2662 2663 2664 295 35038 35039 35040 35041 35042 55248
3680 12 137484 137485 137486 137487 137488 137489 137490 137491 137492 137493 61283 61286
3003 12 101886 101888 229037 236697 33157 4793 92482 93678 93679 93680 93681 93682
156695 11 154257 154285 154404 154536 154940 155114 157218 157225 157237 157242 157372
213342 12 213089 213106 213249 213274 213375 213379 213383 213425 213426 214022 214122 214510
204659 10 156165 156167 204657 204658 204660 204661 204662 204663 204664 80778
204657 10 156165 156167 204658 204659 204660 204661 204662 204663 204664 80778
204658 10 156165 156167 204657 204659 204660 204661 204662 204663 204664 80778
214563 12 213106 213249 213375 214023 214359 214399 214503 214504 214510 214601 214605 214608
132325 1 132271
103347 4 103349 103351 103716 7407
103349 4 103347 103351 103716 7407
8934 11 113078 113079 113085 113089 113096 113098 113100 113107 113109 113111 113113
107466 9 107326 107364 107462 107710 107764 108056 108748 108761 108771
199085 2 215703 216368
92482 12 101886 101888 229037 236697 3003 33157 4793 93678 93679 93680 93681 93682
103351 4 103347 103349 103716 7407
93682 12 101886 101888 229037 236697 3003 33157 4793 92482 93678 93679 93680 93681
8297 11 111596 187536 187538 187539 187540 187542 187543 187544 187545 187546 187547
107462 9 107326 107364 107466 107710 107764 108056 108748 108761 108771
93680 12 101886 101888 229037 236697 3003 33157 4793 92482 93678 93679 93681 93682
93681 12 101886 101888 229037 236697 3003 33157 4793 92482 93678 93679 93680 93682
204664 10 156165 156167 204657 204658 204659 204660 204661 204662 204663 80778
204663 10 156165 156167 204657 204658 204659 204660 204661 204662 204664 80778
204662 10 156165 156167 204657 204658 204659 204660 204661 204663 204664 80778
204661 10 156165 156167 204657 204658 204659 204660 204662 204663 204664 80778
204660 10 156165 156167 204657 204658 204659 204661 204662 204663 204664 80778
245100 2 244580 256533
4022 13 107612 107689 107690 107691 107692 107693 107694 107695 107696 107697 107698 243534 86930
213375 13 213089 213106 213249 213274 213342 213379 213383 213425 213426 214023 214025 214359 214563
139489 23 139490 139491 139492 139493 139494 139495 139496 139497 139498 139499 139500 139501 139502 139503 139504 139505 139506 139507 139508 139509 139510 139511 139512
166444 6 11782 123526 127193 127194 127624 163551
160908 12 160895 160897 161167 59376 59377 59378 69091 69092 69093 69094 69095 7434
112821 12 110566 112813 112814 112815 112816 112817 112818 112819 112820 112822 3418 98464
8949 9 1792 228196 2663 2664 295 35038 35042 55248 58393
112820 12 110566 112813 112814 112815 112816 112817 112818 112819 112821 112822 3418 98464
209236 1 210480
244260 11 1220 123692 123693 128667 128668 14127 212583 247072 250206 39951 90968
112822 11 110566 112813 112814 112815 112816 112817 112818 112819 112820 112821 98464
122565 14 182187 182209 182336 205649 206853 206960 207016 207017 207460 207472 208982 209332 209544 210566
155860 12 154257 154285 154404 154536 154940 155114 155904 157218 157225 157237 157242 157372
213954 12 213089 213106 213249 213478 214022 214023 214025 214037 214038 214042 214121 214504
67502 13 123693 67499 67500 67501 67503 67504 67505 67506 67507 67508 67509 67510 67511
67503 12 67499 67500 67501 67502 67504 67505 67506 67507 67508 67509 67510 67511
228081 0
67500 13 244 67499 67501 67502 67503 67504 67505 67506 67507 67508 67509 67510 67511
67501 12 67499 67500 67502 67503 67504 67505 67506 67507 67508 67509 67510 67511
3418 12 110566 112813 112814 112815 112816 112817 112818 112819 112820 112821 58312 98464
67506 12 67499 67500 67501 67502 67503 67504 67505 67507 67508 67509 67510 67511
67507 12 67499 67500 67501 67502 67503 67504 67505 67506 67508 67509 67510 67511
5809 11 188675 188676 188678 188679 188680 188681 188682 188683 188684 188685 188687
93678 12 101886 101888 229037 236697 3003 33157 4793 92482 93679 93680 93681 93682
218300 11 201595 218301 218302 218303 218304 218305 218306 218307 218308 218309 218310
67504 12 67499 67500 67501 67502 67503 67505 67506 67507 67508 67509 67510 67511
93679 13 101886 101888 106439 229037 236697 3003 33157 4793 92482 93678 93680 93681 93682
218301 11 201595 218300 218302 218303 218304 218305 218306 218307 218308 218309 218310
67505 12 67499 67500 67501 67502 67503 67504 67506 67507 67508 67509 67510 67511
106596 12 106039 106439 106518 106631 106792 107014 107018 107032 107043 107062 107070 257770
218302 11 201595 218300 218301 218303 218304 218305 218306 218307 218308 218309 218310
187817 13 174700 174701 174702 174703 174704 174705 174706 174707 174708 185030 187816 187818 216837
218303 11 201595 218300 218301 218302 218304 218305 218306 218307 218308 218309 218310
187818 11 11782 1511 1792 187816 187817 228347 228348 228349 228350 228370 6519
218304 11 201595 218300 218301 218302 218303 218305 218306 218307 218308 218309 218310
67508 12 67499 67500 67501 67502 67503 67504 67505 67506 67507 67509 67510 67511
218305 11 201595 218300 218301 218302 218303 218304 218306 218307 218308 218309 218310
187816 11 11782 1511 1792 187817 187818 228347 228348 228349 228350 228370 6519
185030 11 174700 174701 174702 174703 174704 174705 174706 174707 174708 187817 216837
67509 13 123693 67499 67500 67501 67502 67503 67504 67505 67506 67507 67508 67510 67511
112816 12 110566 112813 112814 112815 112817 112818 112819 112820 112821 112822 3418 98464
112815 12 110566 112813 112814 112816 112817 112818 112819 112820 112821 112822 3418 98464
112814 12 110566 112813 112815 112816 112817 112818 112819 112820 112821 112822 3418 98464
234615 9 234475 234514 234530 234567 234569 234572 234644 234647 9
112813 12 110566 112814 112815 112816 112817 112818 112819 112820 112821 112822 3418 98464
32437 11 173057 173060 20994 24770 24785 33664 50986 50987 52023 52024 52025
213365 11 213179 216258 217725 217726 222175 222178 222179 225317 225323 235704 87183
112819 12 110566 112813 112814 112815 112816 112817 112818 112820 112821 112822 3418 98464
112818 12 110566 112813 112814 112815 112816 112817 112819 112820 112821 112822 3418 98464
112817 12 110566 112813 112814 112815 112816 112818 112819 112820 112821 112822 3418 98464
74909 2 228196 28246
66265 1 36352
144360 10 144231 144232 144233 144234 144236 144242 144245 144246 144247 668
38397 1 91314
228074 10 105809 109906 111006 114197 162741 228196 27926 36355 37027 74829
67510 12 67499 67500 67501 67502 67503 67504 67505 67506 67507 67508 67509 67511
67511 12 67499 67500 67501 67502 67503 67504 67505 67506 67507 67508 67509 67510
139273 12 139271 139272 139274 139275 139276 139277 139278 14635 33586 35008 69129 85250
70766 11 54359 71332 75207 75208 75209 75210 75211 75212 75213 75214 75215
139272 12 139271 139273 139274 139275 139276 139277 139278 14635 33586 35008 69129 85250
139271 12 139272 139273 139274 139275 139276 139278 14635 152767 33586 35008 69129 85250
139277 11 139272 139273 139274 139275 139276 139278 14635 33586 35008 69129 85250
139276 12 139271 139272 139273 139274 139275 139277 139278 14635 33586 35008 69129 85250
139275 12 139271 139272 139273 139274 139276 139277 139278 14635 33586 35008 69129 85250
139274 12 139271 139272 139273 139275 139276 139277 139278 14635 33586 35008 69129 85250
139278 12 139271 139272 139273 139274 139275 139276 139277 14635 33586 35008 69129 85250
80778 21 156165 204657 204658 204659 204660 204661 204662 204663 204664 257864 6882 76185 76186 76188 76189 76190 76193 76194 76195 76196 76197
6266 11 145180 145181 145182 145183 145184 145185 145186 145187 145188 145189 6267
6267 11 145180 145181 145182 145183 145184 145185 145186 145187 145188 145189 6266
49388 13 130534 161742 161743 162995 1710 1715 1720 1725 1730 245334 49389 49398 51431
49389 13 130534 161742 161743 162995 1710 1715 1720 1725 1730 245334 49388 49398 51431
214510 12 213106 213249 213342 214022 214122 214399 214503 214504 214563 214601 214605 214608
28870 11 154831 154832 154833 154834 154933 154934 154935 154936 154938 38599 71351
214503 12 213106 213249 213383 214037 214373 214399 214504 214510 214563 214601 214605 214608
214504 12 213089 213106 213249 213954 214121 214399 214503 214510 214563 214601 214605 214608
230267 13 227906 229093 229154 229593 230370 230548 230549 230550 231056 231064 231065 74148 8795
216368 3 199085 215703 28310
139493 13 107008 107145 107152 139489 139490 139491 139492 139494 139495 139496 33215 7519 7645
139492 12 107008 107145 107152 139489 139490 139491 139493 139494 139495 33215 7519 7645
139491 23 139489 139490 139492 139493 139494 139495 139496 139497 139498 139499 139500 139501 139502 139503 139504 139505 139506 139507 139508 139509 139510 139511 139512
139490 29 107008 107145 107152 139489 139491 139492 139493 139494 139495 139496 139497 139498 139499 139500 139501 139502 139503 139504 139505 139506 139507 139508 139509 139510 139511 139512 33215 7519 7645
124663 11 126168 126169 126170 126171 126172 126173 126174 126175 126176 37445 49417
139499 15 107008 107145 107152 139489 139490 139491 139496 139497 139498 139500 139501 139502 33215 7519 7645
49398 13 130534 161742 161743 162995 1710 1715 1720 1725 1730 245334 49388 49389 51431
139498 15 107008 107145 107152 139489 139490 139491 139495 139496 139497 139499 139500 139501 33215 7519 7645
139497 15 107008 107145 107152 139489 139490 139491 139494 139495 139496 139498 139499 139500 33215 7519 7645
139496 15 107008 107145 107152 139489 139490 139491 139493 139494 139495 139497 139498 139499 33215 7519 7645
139495 15 107008 107145 107152 139489 139490 139491 139492 139493 139494 139496 139497 139498 33215 7519 7645
58393 10 2662 2663 2664 295 35038 35039 35040 35041 55248 8949
139494 14 107008 107145 107152 139489 139490 139491 139492 139493 139495 139496 139497 33215 7519 7645
182795 11 178435 182788 182789 182790 182791 182792 182793 182794 182796 182797 182798
182796 11 178435 182788 182789 182790 182791 182792 182793 182794 182795 182797 182798
1653 14 13609 1519 218395 257761 257765 257767 257780 257781 257823 257824 257825 257826 257827 257828
182797 11 178435 182788 182789 182790 182791 182792 182793 182794 182795 182796 182798
182798 11 178435 182788 182789 182790 182791 182792 182793 182794 182795 182796 182797
243829 11 243752 243753 243827 243828 243830 243831 243832 243833 243834 243835 243836
243827 12 243752 243753 243828 243829 243830 243831 243832 243833 243834 243835 243836 295
27750 7 212119 228812 228814 237273 37278 7434 95048
243828 11 243752 243753 243827 243829 243830 243831 243832 243833 243834 243835 243836
129370 0
182790 12 127488 178435 182788 182789 182791 182792 182793 182794 182795 182796 182797 182798
230276 13 227906 229093 229154 229593 230370 230548 230549 230550 231056 231064 231065 74148 8795
182791 11 178435 182788 182789 182790 182792 182793 182794 182795 182796 182797 182798
182792 11 178435 182788 182789 182790 182791 182793 182794 182795 182796 182797 182798
182793 11 178435 182788 182789 182790 182791 182792 182794 182795 182796 182797 182798
182794 11 178435 182788 182789 182790 182791 182792 182793 182795 182796 182797 182798
90669 13 128455 128457 128458 128459 128460 128461 128472 130652 133856 133858 155897 155898 155899
162200 11 162201 162202 162203 162340 162341 162342 162343 162344 162350 162351 162352
213179 11 213365 216258 217725 217726 222175 222178 222179 225317 225323 235704 52001
207017 11 122565 205302 205509 205510 205511 205533 205649 206853 207016 207460 207472
162202 12 156165 162200 162201 162203 162340 162341 162342 162343 162344 162350 162351 162352
207016 12 122565 205302 205509 205510 205511 205533 205649 206852 206853 207017 207460 207472
162201 11 162200 162202 162203 162340 162341 162342 162343 162344 162350 162351 162352
162203 11 162200 162201 162202 162340 162341 162342 162343 162344 162350 162351 162352
99012 9 135030 15537 15541 15544 15551 180226 180250 57088 57089
100492 2 101033 101560
53735 12 10063 134451 230639 230640 230641 230642 230643 230853 230854 230855 230856 7089
182788 11 178435 182789 182790 182791 182792 182793 182794 182795 182796 182797 182798
182789 11 178435 182788 182790 182791 182792 182793 182794 182795 182796 182797 182798
243834 11 243752 243753 243827 243828 243829 243830 243831 243832 243833 243835 243836
243835 11 243752 243753 243827 243828 243829 243830 243831 243832 243833 243834 243836
243836 11 243752 243753 243827 243828 243829 243830 243831 243832 243833 243834 243835
243830 11 243752 243753 243827 243828 243829 243831 243832 243833 243834 243835 243836
243831 11 243752 243753 243827 243828 243829 243830 243832 243833 243834 243835 243836
243832 11 243752 243753 243827 243828 243829 243830 243831 243833 243834 243835 243836
235704 10 213179 213365 216258 217725 217726 222175 222178 222179 225317 225361
163551 5 123526 127193 127194 127624 166444
243833 11 243752 243753 243827 243828 243829 243830 243831 243832 243834 243835 243836
114270 0
87183 10 127544 213365 225324 225325 225326 225327 225358 225360 225361 52001
206960 18 122565 182187 182209 182336 205302 205509 205510 205511 205533 205649 206852 206853 207460 207472 208982 209332 209544 210566
234475 11 234470 234503 234514 234530 234567 234569 234572 234615 234644 234647 9
158719 11 158708 158709 158710 158711 158712 158713 158714 158720 158721 158722 158723
234470 9 234475 234503 234514 234530 234567 234569 234572 234644 234647
239097 0
158710 11 158708 158709 158711 158712 158713 158714 158719 158720 158721 158722 158723
30626 14 119586 137484 137485 137486 137487 137488 137489 137490 137491 137492 137493 30627 30629 67004
158711 11 158708 158709 158710 158712 158713 158714 158719 158720 158721 158722 158723
30627 14 119586 137484 137485 137486 137487 137488 137489 137490 137491 137492 137493 30626 30629 67004
158714 11 158708 158709 158710 158711 158712 158713 158719 158720 158721 158722 158723
158712 11 158708 158709 158710 158711 158713 158714 158719 158720 158721 158722 158723
158713 11 158708 158709 158710 158711 158712 158714 158719 158720 158721 158722 158723
24770 11 173057 173060 20994 24785 32437 33664 50986 50987 52023 52024 52025
229154 12 227906 229093 229593 230267 230276 230548 230549 230550 231056 231064 231065 74148
62160 3 15531 2061 4
15523 11 135030 15524 15537 15541 15544 15551 180226 180250 57088 57089 83858
67004 9 30513 30626 30627 30629 30631 30634 30635 30637 30638
15524 11 135030 15523 15537 15541 15544 15551 180226 180250 57088 57089 83858
180274 11 257761 257765 257767 257780 257781 257823 257824 257825 257826 257827 257828
153875 9 152751 152759 152767 152773 153448 153783 33428 62741 94159
114171 0
2426 11 18901 201549 201550 225779 25012 25013 25014 25015 5190 5191 77042
214870 1 2061
47522 10 113801 175885 175886 175887 47209 47336 56020 7310 90771 91998
206852 12 182187 182209 182336 206853 206960 207016 207460 207472 208982 209332 209544 210566
206853 20 122565 182187 182209 182336 205302 205509 205510 205511 205533 205649 206852 206960 207016 207017 207460 207472 208982 209332 209544 210566
15531 10 135030 15537 15541 15544 15551 180226 180250 57088 57089 62160
158720 11 158708 158709 158710 158711 158712 158713 158714 158719 158721 158722 158723
158721 11 158708 158709 158710 158711 158712 158713 158714 158719 158720 158722 158723
114158 11 113370 113381 113389 114150 114151 114152 114153 114154 114155 114156 114159
158722 11 158708 158709 158710 158711 158712 158713 158714 158719 158720 158721 158723
114159 11 113370 113381 113389 114150 114151 114152 114153 114154 114155 114156 114158
158723 11 158708 158709 158710 158711 158712 158713 158714 158719 158720 158721 158722
60803 12 1147 135784 135786 135787 135789 135790 135791 135792 135793 135794 135796 135797
24785 11 173057 173060 20994 24770 32437 33664 50986 50987 52023 52024 52025
99645 14 122065 139566 216 218 221 31176 3132 3621 39943 7770 80709 8460 8462 8463
139500 15 107008 107145 107152 139489 139490 139491 139497 139498 139499 139501 139502 139503 33215 7519 7645
139501 15 107008 107145 107152 139489 139490 139491 139498 139499 139500 139502 139503 139504 33215 7519 7645
15537 23 1076 135030 15443 15447 15523 15524 15531 15541 15544 15551 180226 180250 30195 53404 57088 57089 6190 7482 83858 85939 90017 91914 99012
15541 19 1076 15443 15447 15523 15524 15531 15537 15544 180226 30195 53404 57088 6190 7482 83858 85939 90017 91914 99012
154536 12 154257 154285 154940 155114 155860 155904 156695 157218 157225 157237 157242 157372
37278 13 108771 243360 243534 243535 243536 243537 243538 243539 243540 243541 243542 243543 27750
139507 15 107008 107145 107152 139489 139490 139491 139504 139505 139506 139508 139509 139510 33215 7519 7645
139506 15 107008 107145 107152 139489 139490 139491 139503 139504 139505 139507 139508 139509 33215 7519 7645
25014 12 1405 18901 201549 201550 225779 2426 25012 25013 25015 5190 5191 77042
139509 15 107008 107145 107152 139489 139490 139491 139506 139507 139508 139510 139511 139512 33215 7519 7645
178196 1 178202
25015 12 1405 18901 201549 201550 225779 2426 25012 25013 25014 5190 5191 77042
139508 15 107008 107145 107152 139489 139490 139491 139505 139506 139507 139509 139510 139511 33215 7519 7645
13609 3 1653 244 7583
133907 4 133905 133906 133908 133909
139503 15 107008 107145 107152 139489 139490 139491 139500 139501 139502 139504 139505 139506 33215 7519 7645
133906 4 133905 133907 133908 133909
139502 15 107008 107145 107152 139489 139490 139491 139499 139500 139501 139503 139504 139505 33215 7519 7645
133905 3 133906 133907 133908
139505 15 107008 107145 107152 139489 139490 139491 139502 139503 139504 139506 139507 139508 33215 7519 7645
139504 15 107008 107145 107152 139489 139490 139491 139501 139502 139503 139505 139506 139507 33215 7519 7645
61124 5 61122 61123 61125 61126 61127
61125 5 61122 61123 61124 61126 61127
139510 14 107008 107145 107152 139489 139490 139491 139507 139508 139509 139511 139512 33215 7519 7645
61126 4 61123 61124 61125 61127
133908 4 133905 133906 133907 133909
139511 13 107008 107145 107152 139489 139490 139491 139508 139509 139510 139512 33215 7519 7645
61127 3 61124 61125 61126
133909 3 133906 133907 133908
139512 12 107008 107145 107152 139489 139490 139491 139509 139510 139511 33215 7519 7645
25013 12 1405 18901 201549 201550 225779 2426 25012 25014 25015 5190 5191 77042
25012 12 1405 18901 201549 201550 225779 2426 25013 25014 25015 5190 5191 77042
114197 9 105809 109906 111006 162741 228074 27926 36355 37027 74829
201595 11 218300 218301 218302 218303 218304 218305 218306 218307 218308 218309 218310
61122 3 61123 61124 61125
61123 4 61122 61124 61125 61126
15544 20 1076 15441 15443 15447 15523 15524 15531 15537 15541 180226 30195 53404 57088 6190 7482 83858 85939 90017 91914 99012
15551 22 1076 135030 15441 15443 15447 15523 15524 15531 15537 180226 180250 30195 53404 57088 57089 6190 7482 83858 85939 90017 91914 99012
213249 33 213070 213089 213106 213274 213342 213375 213379 213383 213425 213426 213478 213954 214022 214023 214025 214037 214038 214042 214119 214121 214122 214359 214373 214375 214376 214399 214503 214504 214510 214563 214601 214605 214608
155904 12 154257 154285 154404 154536 154940 155114 155860 157218 157225 157237 157242 157372
116609 11 116611 116620 116621 116622 116629 116630 116631 116632 116636 116638 116639
106631 12 106039 106439 106518 106596 106792 107014 107018 107032 107043 107062 107070 257770
155114 13 154257 154285 154404 154536 154940 155860 155904 156695 157218 157225 157237 157242 157372
222175 11 213179 213365 216258 217725 217726 222178 222179 225317 225323 225327 235704
74412 11 68596 74403 74404 74405 74406 74407 74408 74409 74410 74411 74413
113801 10 175885 175886 175887 47209 47336 47522 56020 7310 90771 91998
74413 11 68596 74403 74404 74405 74406 74407 74408 74409 74410 74411 74412
74410 11 68596 74403 74404 74405 74406 74407 74408 74409 74411 74412 74413
125270 20 1043 127333 127334 127335 127336 127337 127338 127339 127342 127343 34961 34964 46301 46302 46303 46324 46325 46326 46327 6094
74411 12 139566 68596 74403 74404 74405 74406 74407 74408 74409 74410 74412 74413
133156 0
4070 9 2662 2663 2664 295 35038 35039 35040 35041 35042
152767 10 139271 152751 152759 152773 153448 153783 153875 33428 62741 94159
116433 1 4
152760 2 152759 75215
74409 11 68596 74403 74404 74405 74406 74407 74408 74410 74411 74412 74413
134210 0
18901 12 1405 201549 201550 225779 2426 25012 25013 25014 25015 5190 5191 77042
162340 11 162200 162201 162202 162203 162341 162342 162343 162344 162350 162351 162352
162341 11 162200 162201 162202 162203 162340 162342 162343 162344 162350 162351 162352
108056 9 107326 107364 107462 107466 107710 107764 108748 108761 108771
162344 11 162200 162201 162202 162203 162340 162341 162342 162343 162350 162351 162352
178435 11 182788 182789 182790 182791 182792 182793 182794 182795 182796 182797 182798
162342 11 162200 162201 162202 162203 162340 162341 162343 162344 162350 162351 162352
162343 11 162200 162201 162202 162203 162340 162341 162342 162344 162350 162351 162352
152759 10 152751 152760 152767 152773 153448 153783 153875 33428 62741 94159
2662 9 232774 2663 2664 295 35038 35042 4070 55248 58393
2663 13 232774 2662 2664 295 35038 35039 35040 35041 35042 4070 55248 58393 8949
2664 13 232774 2662 2663 295 35038 35039 35040 35041 35042 4070 55248 58393 8949
213274 12 213089 213106 213249 213342 213375 213379 213383 213425 213426 213478 214119 214399
152751 10 152759 152767 152773 153448 153783 153875 33428 62741 85250 94159
163419 12 162652 163418 163420 163421 163422 163424 163425 163426 163427 163428 163442 163443
222178 11 213179 213365 216258 217725 217726 222175 222179 225317 225323 225358 235704
222179 11 213179 213365 216258 217725 217726 222175 222178 225317 225323 225360 235704
163418 12 162652 163419 163420 163421 163422 163424 163425 163426 163427 163428 163442 163443
60836 1 4
70680 12 2326 53447 53451 70667 70675 70676 70677 70678 70679 70681 70682 70683
70681 12 2326 53447 53451 70667 70675 70676 70677 70678 70679 70680 70682 70683
70682 12 2326 53447 53451 70667 70675 70676 70677 70678 70679 70680 70681 70683
66186 8 182244 182707 196025 196039 207380 210970 210980 220487
70683 12 2326 53447 53451 70667 70675 70676 70677 70678 70679 70680 70681 70682
198381 7 182707 183152 196025 196039 196930 196931 26905
162350 11 162200 162201 162202 162203 162340 162341 162342 162343 162344 162351 162352
162351 11 162200 162201 162202 162203 162340 162341 162342 162343 162344 162350 162352
162352 11 162200 162201 162202 162203 162340 162341 162342 162343 162344 162350 162351
7770 11 139566 216 218 221 3132 39943 80709 8460 8462 8463 99645
30195 9 135030 15537 15541 15544 15551 180226 180250 57088 57089
7089 12 106518 42 53735 63431 63432 7088 7090 7091 7092 7093 7094 7095
7088 11 257770 42 63431 63432 7089 7090 7091 7092 7093 7094 7095
30634 15 119586 137484 137485 137486 137487 137488 137489 137490 137491 137492 137493 30631 30635 30637 67004
96890 9 95952 95953 95954 95955 95956 96526 96887 96888 96889
30635 5 119586 30634 30637 30638 67004
74403 11 68596 74404 74405 74406 74407 74408 74409 74410 74411 74412 74413
74404 11 68596 74403 74405 74406 74407 74408 74409 74410 74411 74412 74413
74405 11 68596 74403 74404 74406 74407 74408 74409 74410 74411 74412 74413
30638 14 119586 137484 137485 137486 137487 137488 137489 137490 137491 137492 137493 30635 30637 67004
74406 11 68596 74403 74404 74405 74407 74408 74409 74410 74411 74412 74413
126116 4 127193 127194 127624 32
74407 11 68596 74403 74404 74405 74406 74408 74409 74410 74411 74412 74413
74408 11 68596 74403 74404 74405 74406 74407 74409 74410 74411 74412 74413
30637 5 119586 30634 30635 30638 67004
70678 12 2326 53447 53451 70667 70675 70676 70677 70679 70680 70681 70682 70683
158709 11 158708 158710 158711 158712 158713 158714 158719 158720 158721 158722 158723
70679 12 2326 53447 53451 70667 70675 70676 70677 70678 70680 70681 70682 70683
70676 12 2326 53447 53451 70667 70675 70677 70678 70679 70680 70681 70682 70683
70677 12 2326 53447 53451 70667 70675 70676 70678 70679 70680 70681 70682 70683
70675 11 53447 53451 70667 70676 70677 70678 70679 70680 70681 70682 70683
30631 4 119586 30629 30634 67004
158708 11 158709 158710 158711 158712 158713 158714 158719 158720 158721 158722 158723
35042 12 232774 2662 2663 2664 295 35038 35039 35040 35041 4070 55248 8949
217494 14 176549 217495 217496 217497 217498 217499 217500 217501 217620 217621 221902 221903 243888 54723
57088 23 1076 135030 15443 15447 15523 15524 15531 15537 15541 15544 15551 180226 180250 30195 53404 57089 6190 7482 83858 85939 90017 91914 99012
35041 11 232774 2663 2664 295 35038 35039 35040 35042 4070 55248 58393
57089 22 1076 135030 15441 15443 15447 15523 15524 15531 15537 15551 180226 180250 30195 53404 57088 6190 7482 83858 85939 90017 91914 99012
35040 11 232774 2663 2664 295 35038 35039 35041 35042 4070 55248 58393
217498 14 176549 217494 217495 217496 217497 217499 217500 217501 217620 217621 221902 221903 243888 54723
7094 10 42 63431 63432 7088 7089 7090 7091 7092 7093 7095
217497 14 176549 217494 217495 217496 217498 217499 217500 217501 217620 217621 221902 221903 243888 54723
7095 10 42 63431 63432 7088 7089 7090 7091 7092 7093 7094
139566 15 122065 216 218 221 31176 3132 3621 39943 74411 7770 80709 8460 8462 8463 99645
234644 10 234470 234475 234514 234530 234567 234569 234572 234615 234647 9
217496 14 176549 217494 217495 217497 217498 217499 217500 217501 217620 217621 221902 221903 243888 54723
182707 6 183152 196025 196039 198381 46746 66186
217495 14 176549 217494 217496 217497 217498 217499 217500 217501 217620 217621 221902 221903 243888 54723
30629 5 119586 30626 30627 30631 67004
7090 10 42 63431 63432 7088 7089 7091 7092 7093 7094 7095
92528 4 111525 33680 69603 74336
7091 10 42 63431 63432 7088 7089 7090 7092 7093 7094 7095
7092 10 42 63431 63432 7088 7089 7090 7091 7093 7094 7095
234647 10 234470 234475 234514 234530 234567 234569 234572 234615 234644 9
217499 14 176549 217494 217495 217496 217497 217498 217500 217501 217620 217621 221902 221903 243888 54723
7093 10 42 63431 63432 7088 7089 7090 7091 7092 7094 7095
212171 1 37445
76185 12 257864 6882 76186 76188 76189 76190 76193 76194 76195 76196 76197 80778
182336 13 122565 182187 182209 205302 205509 205510 205511 205533 205649 206852 206853 206960 209544
107043 12 106039 106439 106518 106596 106631 106792 107014 107018 107032 107062 107070 257770
134451 11 10063 230639 230640 230641 230642 230643 230853 230854 230855 230856 53735
214037 12 213106 213249 213379 213478 213954 214022 214023 214025 214038 214042 214373 214503
35038 13 232774 2662 2663 2664 295 35039 35040 35041 35042 4070 55248 58393 8949
96889 9 95952 95953 95954 95955 95956 96526 96887 96888 96890
76186 12 257864 6882 76185 76188 76189 76190 76193 76194 76195 76196 76197 80778
96888 9 95952 95953 95954 95955 95956 96526 96887 96889 96890
35039 10 232774 2663 2664 295 35038 35040 35041 35042 4070 58393
96887 9 95952 95953 95954 95955 95956 96526 96888 96889 96890
76188 12 257864 6882 76185 76186 76189 76190 76193 76194 76195 76196 76197 80778
76189 12 257864 6882 76185 76186 76188 76190 76193 76194 76195 76196 76197 80778
216837 11 174700 174701 174702 174703 174704 174705 174706 174707 174708 185030 187817
188685 13 104859 1764 188675 188676 188678 188679 188680 188681 188682 188683 188684 188687 5809
188684 12 1764 188675 188676 188678 188679 188680 188681 188682 188683 188685 188687 5809
67499 12 67500 67501 67502 67503 67504 67505 67506 67507 67508 67509 67510 67511
188683 13 104859 1764 188675 188676 188678 188679 188680 188681 188682 188684 188685 188687 5809
188687 13 104859 1764 188675 188676 188678 188679 188680 188681 188682 188683 188684 188685 5809
5179 13 119586 137484 137485 137486 137487 137488 137489 137490 137491 137492 137493 61283 61286
175885 10 113801 175886 175887 47209 47336 47522 56020 7310 90771 91998
188680 13 104859 1764 188675 188676 188678 188679 188681 188682 188683 188684 188685 188687 5809
175886 10 113801 175885 175887 47209 47336 47522 56020 7310 90771 91998
188681 13 104859 1764 188675 188676 188678 188679 188680 188682 188683 188684 188685 188687 5809
188682 13 104859 1764 188675 188676 188678 188679 188680 188681 188683 188684 188685 188687 5809
175887 10 113801 175885 175886 47209 47336 47522 56020 7310 90771 91998
214038 12 213106 213249 213425 213478 213954 214022 214023 214025 214037 214042 214375 214605
20994 11 173057 173060 24770 24785 32437 33664 50986 50987 52023 52024 52025
107032 12 106039 106439 106518 106596 106631 106792 107014 107018 107043 107062 107070 257770
210970 5 207380 210980 210990 210991 66186
187547 12 111596 187536 187538 187539 187540 187542 187543 187544 187545 187546 187548 8297
111596 11 187536 187538 187539 187540 187542 187543 187544 187545 187546 187547 8297
227906 14 229093 229154 229593 230267 230276 230370 230548 230549 230550 231056 231064 231065 74148 8795
187548 10 187536 187538 187539 187540 187542 187543 187544 187545 187546 187547
214042 12 213106 213249 213426 213478 213954 214022 214023 214025 214037 214038 214376 214608
51431 13 130534 161742 161743 162995 1710 1715 1720 1725 1730 245334 49388 49389 49398
187542 12 111596 187536 187538 187539 187540 187543 187544 187545 187546 187547 187548 8297
188675 13 104859 1764 188676 188678 188679 188680 188681 188682 188683 188684 188685 188687 5809
187540 12 111596 187536 187538 187539 187542 187543 187544 187545 187546 187547 187548 8297
187545 12 111596 187536 187538 187539 187540 187542 187543 187544 187546 187547 187548 8297
188676 13 104859 1764 188675 188678 188679 188680 188681 188682 188683 188684 188685 188687 5809
187546 12 111596 187536 187538 187539 187540 187542 187543 187544 187545 187547 187548 8297
188679 13 104859 1764 188675 188676 188678 188680 188681 188682 188683 188684 188685 188687 5809
187543 12 111596 187536 187538 187539 187540 187542 187544 187545 187546 187547 187548 8297
188678 13 104859 1764 188675 188676 188679 188680 188681 188682 188683 188684 188685 188687 5809
187544 12 111596 187536 187538 187539 187540 187542 187543 187545 187546 187547 187548 8297
205649 16 122565 182187 182209 182336 205302 205510 205511 205533 206853 206960 207016 207017 208982 209332 209544 210566
7519 23 139490 139492 139493 139494 139495 139496 139497 139498 139499 139500 139501 139502 139503 139504 139505 139506 139507 139508 139509 139510 139511 139512 209544
77042 10 1405 18901 2426 25012 25013 25014 25015 5190 5191 60959
107062 11 106039 106439 106518 106596 106631 106792 107014 107018 107032 107043 107070
205509 18 1511 182187 182209 182336 205302 205510 205511 205533 206853 206960 207016 207017 207460 207472 208982 209332 209544 210566
97726 0
231056 13 227906 229093 229154 229593 230267 230276 230370 230548 230549 230550 2620 74148 8795
231064 14 227906 229093 229154 229593 230267 230276 230370 230548 230549 230550 231065 2620 74148 8795
231065 14 227906 229093 229154 229593 230267 230276 230370 230548 230549 230550 231064 2620 74148 8795
205510 19 1511 182187 182209 182336 205302 205509 205511 205533 205649 206853 206960 207016 207017 207460 207472 208982 209332 209544 210566
205511 18 182187 182209 182336 205302 205509 205510 205533 205649 206853 206960 207016 207017 207460 207472 208982 209332 209544 210566
180226 23 1076 135030 15443 15447 15523 15524 15531 15537 15541 15544 15551 180250 30195 53404 57088 57089 6190 7482 83858 85939 90017 91914 99012
76190 12 257864 6882 76185 76186 76188 76189 76193 76194 76195 76196 76197 80778
82499 0
76196 12 257864 6882 76185 76186 76188 76189 76190 76193 76194 76195 76197 80778
76195 12 257864 6882 76185 76186 76188 76189 76190 76193 76194 76196 76197 80778
76194 12 257864 6882 76185 76186 76188 76189 76190 76193 76195 76196 76197 80778
76193 12 257864 6882 76185 76186 76188 76189 76190 76194 76195 76196 76197 80778
35008 10 139271 139272 139273 139274 139275 139276 139277 139278 33586 69129
210954 9 175003 195836 195837 195838 195839 195840 195841 195842 195843
76197 12 257864 6882 76185 76186 76188 76189 76190 76193 76194 76195 76196 80778
214601 12 213070 213106 213249 213379 214025 214399 214503 214504 214510 214563 214605 214608
214605 12 213106 213249 213425 214038 214375 214399 214503 214504 214510 214563 214601 214608
214608 12 213106 213249 213426 214042 214376 214399 214503 214504 214510 214563 214601 214605
38599 11 154831 154832 154833 154834 154933 154934 154935 154936 154938 28870 71351
116620 11 116609 116611 116621 116622 116629 116630 116631 116632 116636 116638 116639
154285 14 154257 154404 154536 154940 155114 155860 155904 156695 157218 157225 157237 157242 157372 32
26792 1 207380
116621 11 116609 116611 116620 116622 116629 116630 116631 116632 116636 116638 116639
196930 6 183152 196025 196039 196931 198381 46746
1147 2 60803 6882
196931 6 183152 196025 196039 196930 198381 46746
85250 9 139271 139272 139273 139274 139275 139276 139277 139278 152751
225358 10 127544 222178 225324 225325 225326 225327 225360 225361 52001 87183
225360 10 127544 222179 225324 225325 225326 225327 225358 225361 52001 87183
225361 11 127544 225323 225324 225325 225326 225327 225358 225360 235704 52001 87183
165006 8 164731 165007 165025 165045 165064 165084 165103 165123
165007 8 164732 165006 165026 165046 165065 165085 165104 165124
257101 11 256688 256689 256690 256691 256692 256693 257098 257099 257100 46643 46644
218395 12 1653 257761 257765 257767 257780 257781 257823 257824 257825 257826 257827 257828
116611 11 116609 116620 116621 116622 116629 116630 116631 116632 116636 116638 116639
257100 11 256688 256689 256690 256691 256692 256693 257098 257099 257101 46643 46644
164731 8 164732 165006 165025 165045 165064 165084 165103 165123
164732 8 164731 165007 165026 165046 165065 165085 165104 165124
116631 11 116609 116611 116620 116621 116622 116629 116630 116632 116636 116638 116639
137484 13 137485 137486 137487 30513 30626 30627 30634 30638 3680 5179 61283 61286 96932
116632 11 116609 116611 116620 116621 116622 116629 116630 116631 116636 116638 116639
116630 11 116609 116611 116620 116621 116622 116629 116631 116632 116636 116638 116639
137488 16 137485 137486 137487 137489 137490 137491 30513 30626 30627 30634 30638 3680 5179 61283 61286 96932
137487 16 137484 137485 137486 137488 137489 137490 30513 30626 30627 30634 30638 3680 5179 61283 61286 96932
137486 15 137484 137485 137487 137488 137489 30513 30626 30627 30634 30638 3680 5179 61283 61286 96932
137485 14 137484 137486 137487 137488 30513 30626 30627 30634 30638 3680 5179 61283 61286 96932
7310 11 113801 175885 175886 175887 330 47209 47336 47522 56020 90771 91998
123526 5 127193 127194 127624 163551 166444
94159 9 152751 152759 152767 152773 153448 153783 153875 33428 62741
37445 12 124663 126168 126169 126170 126171 126172 126173 126174 126175 126176 212171 49417
127624 6 123526 126116 127193 127194 163551 166444
257864 11 76185 76186 76188 76189 76190 76193 76194 76195 76196 76197 80778
116629 11 116609 116611 116620 116621 116622 116630 116631 116632 116636 116638 116639
229593 12 227906 229093 229154 230267 230276 230548 230549 230550 231056 231064 231065 74148
217725 11 213179 213365 216258 217726 222175 222178 222179 225317 225323 225325 235704
217726 11 213179 213365 216258 217725 222175 222178 222179 225317 225323 225326 235704
116622 11 116609 116611 116620 116621 116629 116630 116631 116632 116636 116638 116639
210990 6 182181 182244 207380 210970 210980 210991
201550 11 1405 18901 201549 225779 2426 25012 25013 25014 25015 5190 5191
37027 10 105809 109906 111006 114197 162741 228074 228196 27926 36355 74829
137493 13 137490 137491 137492 30513 30626 30627 30634 30638 3680 5179 61283 61286 96932
137492 14 137489 137490 137491 137493 30513 30626 30627 30634 30638 3680 5179 61283 61286 96932
180250 22 1076 135030 15441 15443 15447 15523 15524 15531 15537 15551 180226 30195 53404 57088 57089 6190 7482 83858 85939 90017 91914 99012
137491 15 137488 137489 137490 137492 137493 30513 30626 30627 30634 30638 3680 5179 61283 61286 96932
55561 11 1 249550 249551 249552 249553 249554 249555 3277 54395 54396 54397
137490 16 137487 137488 137489 137491 137492 137493 30513 30626 30627 30634 30638 3680 5179 61283 61286 96932
107710 9 107326 107364 107462 107466 107764 108056 108748 108761 108771
136373 0
8795 10 227906 230267 230276 230370 230548 230549 230550 231056 231064 231065
153448 9 152751 152759 152767 152773 153783 153875 33428 62741 94159
116636 11 116609 116611 116620 116621 116622 116629 116630 116631 116632 116638 116639
165025 8 164731 165006 165026 165045 165064 165084 165103 165123
165026 8 164732 165007 165025 165046 165065 165085 165104 165124
116638 11 116609 116611 116620 116621 116622 116629 116630 116631 116632 116636 116639
137489 16 137486 137487 137488 137490 137491 137492 30513 30626 30627 30634 30638 3680 5179 61283 61286 96932
187536 12 111596 187538 187539 187540 187542 187543 187544 187545 187546 187547 187548 8297
210980 5 207380 210970 210990 210991 66186
187539 12 111596 187536 187538 187540 187542 187543 187544 187545 187546 187547 187548 8297
201549 11 1405 18901 201550 225779 2426 25012 25013 25014 25015 5190 5191
187538 12 111596 187536 187539 187540 187542 187543 187544 187545 187546 187547 187548 8297
116639 11 116609 116611 116620 116621 116622 116629 116630 116631 116632 116636 116638
114636 0
5190 12 1405 18901 201549 201550 225779 2426 25012 25013 25014 25015 5191 77042
5191 12 1405 18901 201549 201550 225779 2426 25012 25013 25014 25015 5190 77042
107018 12 106039 106439 106518 106596 106631 106792 107014 107032 107043 107062 107070 257770
107014 12 106039 106439 106518 106596 106631 106792 107018 107032 107043 107062 107070 257770
244580 3 245100 256532 256533
227321 0
107008 22 139490 139492 139493 139494 139495 139496 139497 139498 139499 139500 139501 139502 139503 139504 139505 139506 139507 139508 139509 139510 139511 139512
214022 12 213106 213249 213342 213478 213954 214023 214025 214037 214038 214042 214122 214510
105809 9 109906 111006 114197 162741 228074 27926 36355 37027 74829
103716 4 103347 103349 103351 7407
210991 6 182181 207380 210970 210980 210990 26905
214023 12 213106 213249 213375 213478 213954 214022 214025 214037 214038 214042 214359 214563
214025 12 213070 213106 213249 213375 213478 213954 214022 214023 214037 214038 214042 214601
111006 9 105809 109906 114197 162741 228074 27926 36355 37027 74829
107764 10 107326 107364 107462 107466 107710 108056 108748 108761 108771 25634
26905 4 196025 196039 198381 210991
46254 11 111524 33679 33680 33681 46255 46256 46257 46258 46259 74340 74341
243753 11 243752 243827 243828 243829 243830 243831 243832 243833 243834 243835 243836
243752 11 243753 243827 243828 243829 243830 243831 243832 243833 243834 243835 243836
251866 10 254327 254331 254345 254347 254348 254349 254350 255188 255189 82633
46259 11 111524 33679 33680 33681 46254 46255 46256 46257 46258 74345 90771
46255 10 111524 33679 33680 33681 46254 46256 46257 46258 46259 74341
46256 10 111524 33679 33680 33681 46254 46255 46257 46258 46259 74342
46257 10 111524 33679 33680 33681 46254 46255 46256 46258 46259 74343
205302 18 182187 182209 182336 205509 205510 205511 205533 205649 206853 206960 207016 207017 207460 207472 208982 209332 209544 210566
145189 11 145180 145181 145182 145183 145184 145185 145186 145187 145188 6266 6267
46258 10 111524 33679 33680 33681 46254 46255 46256 46257 46259 74344
1725 9 130534 161742 161743 162995 245334 49388 49389 49398 51431
154936 11 154831 154832 154833 154834 154933 154934 154935 154938 28870 38599 71351
33680 12 111524 33679 33681 46254 46255 46256 46257 46258 46259 74336 74341 92528
33681 11 111524 33679 33680 46254 46255 46256 46257 46258 46259 74339 74341
154938 12 154831 154832 154833 154834 154933 154934 154935 154936 154940 28870 38599 71351
1720 10 130534 161742 161743 162995 245334 49388 49389 49398 51431 90802
109626 11 111603 111604 83947 83948 83949 83950 83952 83953 83954 84066 84067
104162 11 130233 130234 130241 130242 130243 130244 130245 130246 130248 130258 130261
154933 11 154831 154832 154833 154834 154934 154935 154936 154938 28870 38599 71351
154934 11 154831 154832 154833 154834 154933 154935 154936 154938 28870 38599 71351
154935 11 154831 154832 154833 154834 154933 154934 154936 154938 28870 38599 71351
157372 9 154257 154285 154536 155114 155860 155904 156695 157237 157242
111604 11 109626 111603 83947 83948 83949 83950 83952 83953 83954 84066 84067
111603 11 109626 111604 83947 83948 83949 83950 83952 83953 83954 84066 84067
126629 0
96721 0
7482 10 135030 15537 15541 15544 15551 180226 180250 57088 57089 90017
136772 8 136767 136768 136769 136770 136771 136773 136774 966
136773 8 136767 136768 136769 136770 136771 136772 136774 966
136770 8 136767 136768 136769 136771 136772 136773 136774 966
136771 8 136767 136768 136769 136770 136772 136773 136774 966
14778 11 101639 101640 101641 130427 130428 130429 130430 130431 130432 216398 216399
154940 12 154257 154285 154404 154536 154938 155114 155860 155904 156695 157218 157225 32
107364 9 107326 107462 107466 107710 107764 108056 108748 108761 108771
404 12 135784 135786 135787 135789 135790 135791 135792 135793 135794 135796 135797 50803
136769 8 136767 136768 136770 136771 136772 136773 136774 966
1715 10 130534 161742 161743 162995 245334 49388 49389 49398 51431 90802
136768 8 136767 136769 136770 136771 136772 136773 136774 966
33157 12 101886 101888 229037 236697 3003 4793 92482 93678 93679 93680 93681 93682
136767 8 136768 136769 136770 136771 136772 136773 136774 966
96526 9 95952 95953 95954 95955 95956 96887 96888 96889 96890
1710 9 130534 161742 161743 162995 49388 49389 49398 51431 90802
49417 11 124663 126168 126169 126170 126171 126172 126173 126174 126175 126176 37445
101886 12 101888 229037 236697 3003 33157 4793 92482 93678 93679 93680 93681 93682
101888 12 101886 229037 236697 3003 33157 4793 92482 93678 93679 93680 93681 93682
47336 10 113801 175885 175886 175887 47209 47522 56020 7310 90771 91998
8864 0
123693 14 1220 123692 128667 128668 128669 14127 212583 244260 247072 250206 39951 67502 67509 90968
254331 10 251866 254327 254345 254347 254348 254349 254350 255188 255189 82633
216 14 122065 139566 218 221 31176 3132 3621 39943 7770 80709 8460 8462 8463 99645
33664 11 173057 173060 20994 24770 24785 32437 50986 50987 52023 52024 52025
123692 12 1220 123693 128667 128668 128669 14127 212583 244260 247072 250206 39951 90968
218 14 122065 139566 216 221 31176 3132 3621 39943 7770 80709 8460 8462 8463 99645
245685 0
243535 14 176558 243360 243534 243536 243537 243538 243539 243540 243541 243542 243543 37278 95048 95050
243536 14 176558 243360 243534 243535 243537 243538 243539 243540 243541 243542 243543 37278 95048 95050
243534 15 176558 243360 243535 243536 243537 243538 243539 243540 243541 243542 243543 37278 4022 95048 95050
243539 14 176558 243360 243534 243535 243536 243537 243538 243540 243541 243542 243543 37278 95048 95050
243537 14 176558 243360 243534 243535 243536 243538 243539 243540 243541 243542 243543 37278 95048 95050
243538 14 176558 243360 243534 243535 243536 243537 243539 243540 243541 243542 243543 37278 95048 95050
225326 11 127544 217726 225323 225324 225325 225327 225358 225360 225361 52001 87183
225327 10 127544 222175 225324 225325 225326 225358 225360 225361 52001 87183
225324 11 127544 216258 225323 225325 225326 225327 225358 225360 225361 52001 87183
225325 11 127544 217725 225323 225324 225326 225327 225358 225360 225361 52001 87183
254327 10 251866 254331 254345 254347 254348 254349 254350 255188 255189 82633
221 14 122065 139566 216 218 31176 3132 3621 39943 7770 80709 8460 8462 8463 99645
225323 13 213179 213365 216258 217725 217726 222175 222178 222179 225317 225324 225325 225326 225361
145180 11 145181 145182 145183 145184 145185 145186 145187 145188 145189 6266 6267
145181 11 145180 145182 145183 145184 145185 145186 145187 145188 145189 6266 6267
145182 11 145180 145181 145183 145184 145185 145186 145187 145188 145189 6266 6267
33679 12 111524 33680 33681 46254 46255 46256 46257 46258 46259 69603 74338 74341
145183 11 145180 145181 145182 145184 145185 145186 145187 145188 145189 6266 6267
145184 11 145180 145181 145182 145183 145185 145186 145187 145188 145189 6266 6267
145185 11 145180 145181 145182 145183 145184 145186 145187 145188 145189 6266 6267
145186 11 145180 145181 145182 145183 145184 145185 145187 145188 145189 6266 6267
85939 10 135030 15537 15541 15544 15551 180226 180250 32 57088 57089
145187 11 145180 145181 145182 145183 145184 145185 145186 145188 145189 6266 6267
145188 11 145180 145181 145182 145183 145184 145185 145186 145187 145189 6266 6267
243540 14 176558 243360 243534 243535 243536 243537 243538 243539 243541 243542 243543 37278 95048 95050
243541 15 133899 176558 243360 243534 243535 243536 243537 243538 243539 243540 243542 243543 37278 95048 95050
243542 14 176558 243360 243534 243535 243536 243537 243538 243539 243540 243541 243543 37278 95048 95050
243543 14 176558 243360 243534 243535 243536 243537 243538 243539 243540 243541 243542 37278 95048 95050
237273 5 196 212119 228812 228814 27750
108371 0
225317 11 127544 213179 213365 216258 217725 217726 222175 222178 222179 225323 235704
255188 10 251866 254327 254331 254345 254347 254348 254349 254350 255189 82633
127493 11 1043 127333 127343 127492 34961 34964 46301 46303 46324 46327 6094
212119 4 228812 228814 237273 27750
228348 13 11782 1511 1792 187816 187818 228347 228349 228350 228366 228367 228370 228371 6519
228347 13 11782 1511 1792 187816 187818 228348 228349 228350 228366 228367 228370 228371 6519
127492 21 1043 127333 127334 127335 127336 127337 127338 127339 127342 127343 127493 34961 34964 46301 46302 46303 46324 46325 46326 46327 6094
118454 0
101641 11 101639 101640 130427 130428 130429 130430 130431 130432 14778 216398 216399
101640 11 101639 101641 130427 130428 130429 130430 130431 130432 14778 216398 216399
122204 13 122200 122201 122202 122203 122283 122284 122285 122286 122287 122288 122289 122290 89840
122203 12 122200 122201 122202 122204 122283 122284 122285 122287 122288 122289 122290 89840
122200 13 122201 122202 122203 122204 122283 122284 122285 122286 122287 122288 122289 122290 89840
442 11 1044 127488 134366 134367 134368 134369 134371 134372 134373 134374 134375
122202 12 122200 122201 122203 122204 122283 122284 122285 122286 122288 122289 122290 89840
122201 13 122200 122202 122203 122204 122283 122284 122285 122286 122287 122288 122289 122290 89840
255189 10 251866 254327 254331 254345 254347 254348 254349 254350 255188 82633
6190 10 1076 135030 15537 15541 15544 15551 180226 180250 57088 57089
256692 11 256688 256689 256690 256691 256693 257098 257099 257100 257101 46643 46644
256693 11 256688 256689 256690 256691 256692 257098 257099 257100 257101 46643 46644
256690 11 256688 256689 256691 256692 256693 257098 257099 257100 257101 46643 46644
256691 11 256688 256689 256690 256692 256693 257098 257099 257100 257101 46643 46644
36355 11 105809 109906 111006 114197 162741 228074 228196 27926 36352 37027 74829
70667 12 2326 53447 53451 70675 70676 70677 70678 70679 70680 70681 70682 70683
182187 13 122565 182209 182336 205302 205509 205510 205511 205533 205649 206852 206853 206960 209544
130534 9 1710 1715 1720 1725 1730 49388 49389 49398 51431
162995 9 1710 1715 1720 1725 1730 49388 49389 49398 51431
33428 9 152751 152759 152767 152773 153448 153783 153875 62741 94159
36352 2 36355 66265
109906 9 105809 111006 114197 162741 228074 27926 36355 37027 74829
256689 11 256688 256690 256691 256692 256693 257098 257099 257100 257101 46643 46644
256688 11 256689 256690 256691 256692 256693 257098 257099 257100 257101 46643 46644
136774 8 136767 136768 136769 136770 136771 136772 136773 966
205533 18 182187 182209 182336 205302 205509 205510 205511 205649 206853 206960 207016 207017 207460 207472 208982 209332 209544 210566
50987 11 173057 173060 20994 24770 24785 32437 33664 50986 52023 52024 52025
50986 11 173057 173060 20994 24770 24785 32437 33664 50987 52023 52024 52025
46746 5 182707 196025 196039 196930 196931
14127 12 1220 123692 123693 128667 128668 128669 212583 244260 247072 250206 39951 90968
162741 9 105809 109906 111006 114197 228074 27926 36355 37027 74829
127488 11 1044 134366 134367 134368 134369 134371 134372 134373 134374 182790 442
182181 4 182244 210990 210991 220487
53259 11 53256 53257 53258 53260 53261 53262 53263 53264 53265 53266 53267
53258 11 53256 53257 53259 53260 53261 53262 53263 53264 53265 53266 53267
53257 11 53256 53258 53259 53260 53261 53262 53263 53264 53265 53266 53267
53256 11 53257 53258 53259 53260 53261 53262 53263 53264 53265 53266 53267
74148 13 227906 229093 229154 229593 230267 230276 230370 230548 230549 230550 231056 231064 231065
113100 12 113077 113078 113079 113085 113089 113096 113098 113107 113109 113111 113113 8934
75209 12 70766 75200 75206 75207 75208 75210 75211 75212 75213 75214 75215 75218
53264 11 53256 53257 53258 53259 53260 53261 53262 53263 53265 53266 53267
75208 13 70766 75199 75205 75206 75207 75209 75210 75211 75212 75213 75214 75215 75217
53265 11 53256 53257 53258 53259 53260 53261 53262 53263 53264 53266 53267
113389 11 113370 113381 114150 114151 114152 114153 114154 114155 114156 114158 114159
53262 11 53256 53257 53258 53259 53260 53261 53263 53264 53265 53266 53267
53263 11 53256 53257 53258 53259 53260 53261 53262 53264 53265 53266 53267
75205 13 54359 75198 75199 75200 75201 75202 75203 75204 75206 75207 75208 75214 75223
75204 12 54359 75198 75199 75200 75201 75202 75203 75205 75206 75207 75213 75222
220487 3 182181 182244 66186
75207 14 70766 75198 75204 75205 75206 75208 75209 75210 75211 75212 75213 75214 75215 75216
53266 11 53256 53257 53258 53259 53260 53261 53262 53263 53264 53265 53267
113111 12 113077 113078 113079 113085 113089 113096 113098 113100 113107 113109 113113 8934
75206 14 54359 75198 75199 75200 75201 75202 75203 75204 75205 75207 75208 75209 75215 75224
53267 11 53256 53257 53258 53259 53260 53261 53262 53263 53264 53265 53266
75201 11 54359 75198 75199 75200 75202 75203 75204 75205 75206 75210 75219
75200 11 54359 75198 75199 75201 75202 75203 75204 75205 75206 75209 75218
152773 9 152751 152759 152767 153448 153783 153875 33428 62741 94159
75203 11 54359 75198 75199 75200 75201 75202 75204 75205 75206 75212 75221
75202 11 54359 75198 75199 75200 75201 75203 75204 75205 75206 75211 75220
28391 1 196
111890 11 111850 111862 111891 111892 111893 111894 111895 111896 111897 111898 111899
111891 11 111851 111862 111890 111892 111893 111894 111895 111896 111897 111898 111899
105688 1 105689
105689 1 105688
144246 10 144231 144232 144233 144234 144236 144242 144245 144247 144360 668
144245 10 144231 144232 144233 144234 144236 144242 144246 144247 144360 668
53261 11 53256 53257 53258 53259 53260 53262 53263 53264 53265 53266 53267
113107 12 113077 113078 113079 113085 113089 113096 113098 113100 113109 113111 113113 8934
144247 10 144231 144232 144233 144234 144236 144242 144245 144246 144360 668
53260 11 53256 53257 53258 53259 53261 53262 53263 53264 53265 53266 53267
113109 12 113077 113078 113079 113085 113089 113096 113098 113100 113107 113111 113113 8934
75219 11 71332 75201 75210 75216 75217 75218 75220 75221 75222 75223 75224
244371 0
75218 12 71332 75200 75209 75215 75216 75217 75219 75220 75221 75222 75223 75224
163422 12 162652 163418 163419 163420 163421 163424 163425 163426 163427 163428 163442 163443
144242 10 144231 144232 144233 144234 144236 144245 144246 144247 144360 668
75217 13 71332 75199 75208 75214 75215 75216 75218 75219 75220 75221 75222 75223 75224
163421 12 162652 163418 163419 163420 163422 163424 163425 163426 163427 163428 163442 163443
75216 14 71332 75198 75207 75213 75214 75215 75217 75218 75219 75220 75221 75222 75223 75224
213089 12 213106 213249 213274 213342 213375 213379 213383 213425 213426 213954 214121 214504
163420 12 162652 163418 163419 163421 163422 163424 163425 163426 163427 163428 163442 163443
75215 15 152760 70766 75206 75207 75208 75209 75210 75211 75212 75213 75214 75216 75217 75218 75224
228370 12 11782 1511 187816 187818 228347 228348 228349 228350 228366 228367 228371 6519
215703 3 199085 216368 28310
163427 12 162652 163418 163419 163420 163421 163422 163424 163425 163426 163428 163442 163443
75214 13 70766 75205 75207 75208 75209 75210 75211 75212 75213 75215 75216 75217 75223
228371 9 11782 1511 228347 228348 228349 228350 228366 228370 6519
163426 12 162652 163418 163419 163420 163421 163422 163424 163425 163427 163428 163442 163443
75213 12 70766 75204 75207 75208 75209 75210 75211 75212 75214 75215 75216 75222
163425 12 162652 163418 163419 163420 163421 163422 163424 163426 163427 163428 163442 163443
75212 11 70766 75203 75207 75208 75209 75210 75211 75213 75214 75215 75221
163424 12 162652 163418 163419 163420 163421 163422 163425 163426 163427 163428 163442 163443
75211 11 70766 75202 75207 75208 75209 75210 75212 75213 75214 75215 75220
75210 11 70766 75201 75207 75208 75209 75211 75212 75213 75214 75215 75219
54723 12 176549 217494 217495 217496 217497 217498 217499 217500 217501 217620 221902 221903
229093 13 227906 229154 229593 230267 230276 230370 230548 230549 230550 231056 231064 231065 74148
163428 12 162652 163418 163419 163420 163421 163422 163424 163425 163426 163427 163442 163443
111893 11 111853 111862 111890 111891 111892 111894 111895 111896 111897 111898 111899
114152 11 113370 113381 113389 114150 114151 114153 114154 114155 114156 114158 114159
111892 11 111852 111862 111890 111891 111893 111894 111895 111896 111897 111898 111899
114153 11 113370 113381 113389 114150 114151 114152 114154 114155 114156 114158 114159
56020 10 113801 175885 175886 175887 47209 47336 47522 7310 90771 91998
111895 11 111855 111862 111890 111891 111892 111893 111894 111896 111897 111898 111899
114150 11 113370 113381 113389 114151 114152 114153 114154 114155 114156 114158 114159
213478 12 213106 213249 213274 213954 214022 214023 214025 214037 214038 214042 214119 214399
83858 11 135030 15523 15524 15537 15541 15544 15551 180226 180250 57088 57089
1511 12 187816 187818 205509 205510 228347 228348 228349 228350 228366 228367 228370 228371
111894 11 111854 111862 111890 111891 111892 111893 111895 111896 111897 111898 111899
114151 11 113370 113381 113389 114150 114152 114153 114154 114155 114156 114158 114159
111897 11 111857 111862 111890 111891 111892 111893 111894 111895 111896 111898 111899
114156 11 113370 113381 113389 114150 114151 114152 114153 114154 114155 114158 114159
111896 11 111856 111862 111890 111891 111892 111893 111894 111895 111897 111898 111899
111899 11 111859 111862 111890 111891 111892 111893 111894 111895 111896 111897 111898
114154 11 113370 113381 113389 114150 114151 114152 114153 114155 114156 114158 114159
111898 11 111858 111862 111890 111891 111892 111893 111894 111895 111896 111897 111899
114155 11 113370 113381 113389 114150 114151 114152 114153 114154 114156 114158 114159
144234 10 144231 144232 144233 144236 144242 144245 144246 144247 144360 668
144233 10 144231 144232 144234 144236 144242 144245 144246 144247 144360 668
1519 9 130255 130256 130257 130258 130259 130260 130261 130262 1653
113113 12 113077 113078 113079 113085 113089 113096 113098 113100 113107 113109 113111 8934
144232 10 144231 144233 144234 144236 144242 144245 144246 144247 144360 668
106039 12 106439 106518 106596 106631 106792 107014 107018 107032 107043 107062 107070 257770
144236 10 144231 144232 144233 144234 144242 144245 144246 144247 144360 668
228366 11 11782 1511 1792 228347 228348 228349 228350 228367 228370 228371 6519
2620 8 228812 228814 230548 230549 230550 231056 231064 231065
228367 10 11782 1511 1792 228347 228348 228349 228350 228366 228370 6519
213070 12 213106 213249 213379 214025 214119 214121 214122 214359 214373 214375 214376 214601
75221 11 71332 75203 75212 75216 75217 75218 75219 75220 75222 75223 75224
75220 11 71332 75202 75211 75216 75217 75218 75219 75221 75222 75223 75224
75223 11 71332 75205 75214 75216 75217 75218 75219 75220 75221 75222 75224
75222 11 71332 75204 75213 75216 75217 75218 75219 75220 75221 75223 75224
209332 11 122565 205302 205509 205510 205511 205533 205649 206852 206853 206960 208982
75224 11 71332 75206 75215 75216 75217 75218 75219 75220 75221 75222 75223
1792 10 187816 187818 228347 228348 228349 228350 228366 228367 55248 8949
3132 14 122065 139566 216 218 221 31176 3621 39943 7770 80709 8460 8462 8463 99645
163443 12 162652 163418 163419 163420 163421 163422 163424 163425 163426 163427 163428 163442
132209 0
163442 12 162652 163418 163419 163420 163421 163422 163424 163425 163426 163427 163428 163443
221867 0
228350 13 11782 1511 1792 187816 187818 228347 228348 228349 228366 228367 228370 228371 6519
69093 13 160895 160897 160908 161167 59376 59377 59378 59379 59380 69091 69092 69094 69095
69092 13 160895 160897 160908 161167 59376 59377 59378 59379 59380 69091 69093 69094 69095
106439 13 106039 106518 106596 106631 106792 107014 107018 107032 107043 107062 107070 257770 93679
69091 12 160895 160897 160908 161167 59376 59377 59378 59379 59380 69092 69093 69094
228349 13 11782 1511 1792 187816 187818 228347 228348 228350 228366 228367 228370 228371 6519
60959 6 15441 15443 15447 4 53404 77042
69095 12 160895 160897 160908 161167 59376 59377 59378 59379 59380 69092 69093 69094
69094 13 160895 160897 160908 161167 59376 59377 59378 59379 59380 69091 69092 69093 69095
1764 12 104859 188675 188676 188678 188679 188680 188681 188682 188683 188684 188685 188687
119586 9 30626 30627 30629 30631 30634 30635 30637 30638 5179
59380 10 59376 59377 59378 59379 69091 69092 69093 69094 69095 7434
196 3 111850 237273 28391
225779 11 1405 18901 201549 201550 2426 25012 25013 25014 25015 5190 5191
126168 11 124663 126169 126170 126171 126172 126173 126174 126175 126176 37445 49417
126169 11 124663 126168 126170 126171 126172 126173 126174 126175 126176 37445 49417
2061 4 1844 214870 62160 7645
61286 14 137484 137485 137486 137487 137488 137489 137490 137491 137492 137493 3680 5179 61283 96932
228196 6 228074 36355 37027 74829 74909 8949
74829 10 105809 109906 111006 114197 162741 228074 228196 27926 36355 37027
61283 13 137484 137485 137486 137487 137488 137489 137490 137491 137492 137493 3680 5179 61286
107326 9 107364 107462 107466 107710 107764 108056 108748 108761 108771
111856 11 111850 111851 111852 111853 111854 111855 111857 111858 111859 111896 23961
111857 11 111850 111851 111852 111853 111854 111855 111856 111858 111859 111897 23961
111858 11 111850 111851 111852 111853 111854 111855 111856 111857 111859 111898 23961
111859 12 111850 111851 111852 111853 111854 111855 111856 111857 111858 111862 111899 23961
126170 11 124663 126168 126169 126171 126172 126173 126174 126175 126176 37445 49417
208982 12 122565 205302 205509 205510 205511 205533 205649 206852 206853 206960 209332 210566
126171 11 124663 126168 126169 126170 126172 126173 126174 126175 126176 37445 49417
126172 11 124663 126168 126169 126170 126171 126173 126174 126175 126176 37445 49417
126173 11 124663 126168 126169 126170 126171 126172 126174 126175 126176 37445 49417
210480 1 209236
126174 11 124663 126168 126169 126170 126171 126172 126173 126175 126176 37445 49417
111850 12 111851 111852 111853 111854 111855 111856 111857 111858 111859 111890 196 23961
126175 11 124663 126168 126169 126170 126171 126172 126173 126174 126176 37445 49417
111851 11 111850 111852 111853 111854 111855 111856 111857 111858 111859 111891 23961
126176 11 124663 126168 126169 126170 126171 126172 126173 126174 126175 37445 49417
111852 11 111850 111851 111853 111854 111855 111856 111857 111858 111859 111892 23961
111853 11 111850 111851 111852 111854 111855 111856 111857 111858 111859 111893 23961
111854 11 111850 111851 111852 111853 111855 111856 111857 111858 111859 111894 23961
111855 11 111850 111851 111852 111853 111854 111856 111857 111858 111859 111895 23961
668 10 144231 144232 144233 144234 144236 144242 144245 144246 144247 144360
53451 12 2326 53447 70667 70675 70676 70677 70678 70679 70680 70681 70682 70683
127730 0
82633 10 251866 254327 254331 254345 254347 254348 254349 254350 255188 255189
39951 11 1220 123692 123693 128667 128668 128669 14127 244260 247072 250206 90968
25634 1 107764
113370 11 113381 113389 114150 114151 114152 114153 114154 114155 114156 114158 114159
42964 0
213426 12 213089 213106 213249 213274 213342 213375 213379 213383 213425 214042 214376 214608
111862 12 111859 111890 111891 111892 111893 111894 111895 111896 111897 111898 111899 23961
213425 12 213089 213106 213249 213274 213342 213375 213379 213383 213426 214038 214375 214605
1730 9 130534 161742 161743 162995 245334 49388 49389 49398 51431
212583 11 1220 123692 123693 128667 128668 128669 14127 244260 247072 250206 90968
59376 14 160895 160897 160908 161167 59377 59378 59379 59380 69091 69092 69093 69094 69095 7434
59377 14 160895 160897 160908 161167 59376 59378 59379 59380 69091 69092 69093 69094 69095 7434
53447 12 2326 53451 70667 70675 70676 70677 70678 70679 70680 70681 70682 70683
39943 14 122065 139566 216 218 221 31176 3132 3621 7770 80709 8460 8462 8463 99645
95953 9 95952 95954 95955 95956 96526 96887 96888 96889 96890
95952 9 95953 95954 95955 95956 96526 96887 96888 96889 96890
244306 4 243866 248011 248017 248059
95955 9 95952 95953 95954 95956 96526 96887 96888 96889 96890
95954 9 95952 95953 95955 95956 96526 96887 96888 96889 96890
59379 10 59376 59377 59378 59380 69091 69092 69093 69094 69095 7434
59378 14 160895 160897 160908 161167 59376 59377 59379 59380 69091 69092 69093 69094 69095 7434
95956 9 95952 95953 95954 95955 96526 96887 96888 96889 96890
113381 11 113370 113389 114150 114151 114152 114153 114154 114155 114156 114158 114159
11974 9 127333 127334 127335 127336 127337 127338 127339 34961 34964
178201 1 178202
178202 2 178196 178201
54397 12 1 135850 249550 249551 249552 249553 249554 249555 3277 54395 54396 55561
54395 12 1 135850 249550 249551 249552 249553 249554 249555 3277 54396 54397 55561
34939 0
128460 15 109080 128455 128457 128458 128459 128461 128472 130652 133856 133858 155897 155898 155899 84714 90669
54396 12 1 135850 249550 249551 249552 249553 249554 249555 3277 54395 54397 55561
243360 12 176558 243534 243535 243536 243537 243538 243539 243540 243541 243542 243543 37278
132271 1 132325
247072 11 1220 123692 123693 128667 128668 128669 14127 212583 244260 39951 90968
209544 15 122565 182187 182209 182336 205302 205509 205510 205511 205533 205649 206852 206853 206960 210566 7519
128461 15 109080 128455 128457 128458 128459 128460 128472 130652 133856 133858 155897 155898 155899 84714 90669
108771 11 107326 107364 107462 107466 107710 107764 108056 108218 108748 108761 37278
113089 12 113077 113078 113079 113085 113096 113098 113100 113107 113109 113111 113113 8934
128458 15 109080 128455 128457 128459 128460 128461 128472 130652 133856 133858 155897 155898 155899 84714 90669
160897 12 160895 160908 161167 59376 59377 59378 69091 69092 69093 69094 69095 7434
42 10 63431 63432 7088 7089 7090 7091 7092 7093 7094 7095
128459 15 109080 128455 128457 128458 128460 128461 128472 130652 133856 133858 155897 155898 155899 84714 90669
113085 12 113077 113078 113079 113089 113096 113098 113100 113107 113109 113111 113113 8934
160895 12 160897 160908 161167 59376 59377 59378 69091 69092 69093 69094 69095 7434
228814 5 212119 228812 237273 2620 27750
132266 0
228812 5 212119 228814 237273 2620 27750
151965 0
174700 11 174701 174702 174703 174704 174705 174706 174707 174708 185030 187817 216837
174701 11 174700 174702 174703 174704 174705 174706 174707 174708 185030 187817 216837
174702 11 174700 174701 174703 174704 174705 174706 174707 174708 185030 187817 216837
174703 11 174700 174701 174702 174704 174705 174706 174707 174708 185030 187817 216837
174704 11 174700 174701 174702 174703 174705 174706 174707 174708 185030 187817 216837
174705 11 174700 174701 174702 174703 174704 174706 174707 174708 185030 187817 216837
174706 11 174700 174701 174702 174703 174704 174705 174707 174708 185030 187817 216837
2326 11 53447 53451 70667 70676 70677 70678 70679 70680 70681 70682 70683
108761 9 107326 107364 107462 107466 107710 107764 108056 108748 108771
110566 12 112813 112814 112815 112816 112817 112818 112819 112820 112821 112822 3418 98464
128472 15 109080 128455 128457 128458 128459 128460 128461 130652 133856 133858 155897 155898 155899 84714 90669
182209 13 122565 182187 182336 205302 205509 205510 205511 205533 205649 206852 206853 206960 209544
113078 12 113077 113079 113085 113089 113096 113098 113100 113107 113109 113111 113113 8934
113079 12 113077 113078 113085 113089 113096 113098 113100 113107 113109 113111 113113 8934
230370 12 227906 229093 230267 230276 230548 230549 230550 231056 231064 231065 74148 8795
113077 11 113078 113079 113085 113089 113096 113098 113100 113107 113109 113111 113113
28310 2 215703 216368
32 11 126116 130241 130242 130243 130244 130245 130246 130248 154285 154940 85939
174708 11 174700 174701 174702 174703 174704 174705 174706 174707 185030 187817 216837
174707 11 174700 174701 174702 174703 174704 174705 174706 174708 185030 187817 216837
89840 13 122200 122201 122202 122203 122204 122283 122284 122285 122286 122287 122288 122289 122290
4793 12 101886 101888 229037 236697 3003 33157 92482 93678 93679 93680 93681 93682
161743 11 161742 1710 1715 1720 1725 1730 28246 49388 49389 49398 51431
161742 11 161743 1710 1715 1720 1725 1730 28246 49388 49389 49398 51431
214122 12 213070 213106 213249 213342 214022 214119 214121 214359 214373 214375 214376 214510
155611 0
214121 12 213070 213089 213106 213249 213954 214119 214122 214359 214373 214375 214376 214504
1076 10 135030 15537 15541 15544 15551 180226 180250 57088 57089 6190
95048 12 243534 243535 243536 243537 243538 243539 243540 243541 243542 243543 27750 95050
53404 11 135030 15441 15537 15541 15544 15551 180226 180250 57088 57089 60959
15402 13 15370 15385 15386 15388 15390 15391 15392 15393 15394 15397 15398 15399 15401
230550 15 227906 229093 229154 229593 230267 230276 230370 230548 230549 231056 231064 231065 2620 74148 8795
15401 11 15386 15388 15390 15391 15392 15393 15394 15397 15398 15399 15402
124268 0
229037 12 101886 101888 236697 3003 33157 4793 92482 93678 93679 93680 93681 93682
214119 12 213070 213106 213249 213274 213478 214121 214122 214359 214373 214375 214376 214399
134374 11 1044 127488 134366 134367 134368 134369 134371 134372 134373 134375 442
134375 10 1044 134366 134367 134368 134369 134371 134372 134373 134374 442
134372 11 1044 127488 134366 134367 134368 134369 134371 134373 134374 134375 442
134373 11 1044 127488 134366 134367 134368 134369 134371 134372 134374 134375 442
134371 11 1044 127488 134366 134367 134368 134369 134372 134373 134374 134375 442
213106 33 213070 213089 213249 213274 213342 213375 213379 213383 213425 213426 213478 213954 214022 214023 214025 214037 214038 214042 214119 214121 214122 214359 214373 214375 214376 214399 214503 214504 214510 214563 214601 214605 214608
128457 15 109080 128455 128458 128459 128460 128461 128472 130652 133856 133858 155897 155898 155899 84714 90669
154404 9 154257 154285 154940 155114 155860 155904 156695 157218 157225
107612 11 107689 107690 107691 107692 107693 107694 107695 107696 107697 107698 4022
128455 15 109080 128457 128458 128459 128460 128461 128472 130652 133856 133858 155897 155898 155899 84714 90669
113096 12 113077 113078 113079 113085 113089 113098 113100 113107 113109 113111 113113 8934
113098 12 113077 113078 113079 113085 113089 113096 113100 113107 113109 113111 113113 8934
230548 15 227906 229093 229154 229593 230267 230276 230370 230549 230550 231056 231064 231065 2620 74148 8795
230549 15 227906 229093 229154 229593 230267 230276 230370 230548 230550 231056 231064 231065 2620 74148 8795
214399 12 213106 213249 213274 213478 214119 214503 214504 214510 214563 214601 214605 214608
95050 11 243534 243535 243536 243537 243538 243539 243540 243541 243542 243543 95048
134369 11 1044 127488 134366 134367 134368 134371 134372 134373 134374 134375 442
134368 11 1044 127488 134366 134367 134369 134371 134372 134373 134374 134375 442
134367 11 1044 127488 134366 134368 134369 134371 134372 134373 134374 134375 442
134366 11 1044 127488 134367 134368 134369 134371 134372 134373 134374 134375 442
54359 11 70766 71332 75198 75199 75200 75201 75202 75203 75204 75205 75206
130248 25 104162 130233 130234 130235 130236 130237 130238 130239 130240 130241 130242 130243 130244 130245 130246 130251 130255 130256 130257 130258 130259 130260 130261 130262 32
91998 10 113801 175885 175886 175887 47209 47336 47522 56020 7310 90771
3621 11 139566 216 218 221 3132 39943 80709 8460 8462 8463 99645
130245 12 104162 130233 130240 130241 130242 130243 130244 130246 130248 130255 130259 32
130244 15 104162 130233 130235 130236 130240 130241 130242 130243 130245 130246 130248 130251 130258 130262 32
130246 18 104162 130233 130235 130236 130237 130238 130239 130240 130241 130243 130244 130245 130248 130251 130255 130257 130261 32
130241 22 104162 130233 130234 130238 130239 130240 130242 130243 130244 130245 130246 130248 130251 130255 130256 130257 130258 130259 130260 130261 130262 32
130240 17 130233 130234 130235 130236 130237 130238 130239 130241 130242 130243 130244 130245 130246 130248 130251 130257 130261
130243 17 104162 130233 130235 130237 130238 130239 130240 130241 130242 130244 130245 130246 130248 130251 130257 130261 32
130242 12 104162 130233 130239 130240 130241 130243 130244 130245 130248 130256 130260 32
23961 11 111850 111851 111852 111853 111854 111855 111856 111857 111858 111859 111862
7645 23 139490 139492 139493 139494 139495 139496 139497 139498 139499 139500 139501 139502 139503 139504 139505 139506 139507 139508 139509 139510 139511 139512 2061
130239 19 130233 130234 130235 130236 130237 130238 130240 130241 130242 130243 130246 130248 130251 130255 130256 130257 130259 130260 130261
130238 14 130233 130234 130235 130236 130237 130239 130240 130241 130243 130246 130248 130251 130257 130261
106792 12 106039 106439 106518 106596 106631 107014 107018 107032 107043 107062 107070 257770
130237 17 130233 130234 130235 130236 130238 130239 130240 130243 130246 130248 130251 130255 130256 130257 130259 130260 130261
130236 14 130233 130234 130235 130237 130238 130239 130240 130244 130246 130248 130257 130258 130261 130262
130235 16 130233 130234 130236 130237 130238 130239 130240 130243 130244 130246 130248 130251 130257 130258 130261 130262
130234 14 104162 130233 130235 130236 130237 130238 130239 130240 130241 130248 130256 130258 130260 130262
130233 20 104162 130234 130235 130236 130237 130238 130239 130240 130241 130242 130243 130244 130245 130246 130248 130251 130255 130257 130259 130261
83948 11 109626 111603 111604 83947 83949 83950 83952 83953 83954 84066 84067
83949 11 109626 111603 111604 83947 83948 83950 83952 83953 83954 84066 84067
83947 11 109626 111603 111604 83948 83949 83950 83952 83953 83954 84066 84067
214373 12 213070 213106 213249 213383 214037 214119 214121 214122 214359 214375 214376 214503
83954 11 109626 111603 111604 83947 83948 83949 83950 83952 83953 84066 84067
83953 11 109626 111603 111604 83947 83948 83949 83950 83952 83954 84066 84067
83952 11 109626 111603 111604 83947 83948 83949 83950 83953 83954 84066 84067
214375 12 213070 213106 213249 213425 214038 214119 214121 214122 214359 214373 214376 214605
83950 11 109626 111603 111604 83947 83948 83949 83952 83953 83954 84066 84067
214376 12 213070 213106 213249 213426 214042 214119 214121 214122 214359 214373 214375 214608
24406 0
4125 1 256532
213379 12 213070 213089 213106 213249 213274 213342 213375 213383 213425 213426 214037 214601
207380 6 210970 210980 210990 210991 26792 66186
133898 4 133895 133896 133897 133899
130262 11 130234 130235 130236 130241 130244 130248 130256 130259 130260 130261 1519
133899 4 133896 133897 133898 243541
133896 6 133893 133894 133895 133897 133898 133899
133897 5 133894 133895 133896 133898 133899
106518 13 106039 106439 106596 106631 106792 107014 107018 107032 107043 107062 107070 257770 7089
133894 4 133893 133895 133896 133897
133895 5 133893 133894 133896 133897 133898
214359 12 213070 213106 213249 213375 214023 214119 214121 214122 214373 214375 214376 214563
133893 3 133894 133895 133896
213383 11 213089 213106 213249 213274 213342 213375 213379 213425 213426 214373 214503
74339 10 33681 74336 74338 74340 74341 74342 74343 74344 74345 74346
74338 11 33679 69603 74336 74339 74340 74341 74342 74343 74344 74345 74346
74336 12 154832 33680 74338 74339 74340 74341 74342 74343 74344 74345 74346 92528
249552 12 1 135850 249550 249551 249553 249554 249555 3277 54395 54396 54397 55561
108748 9 107326 107364 107462 107466 107710 107764 108056 108761 108771
249551 12 1 135850 249550 249552 249553 249554 249555 3277 54395 54396 54397 55561
249550 12 1 135850 249551 249552 249553 249554 249555 3277 54395 54396 54397 55561
249555 12 1 135850 249550 249551 249552 249553 249554 3277 54395 54396 54397 55561
249554 12 1 135850 249550 249551 249552 249553 249555 3277 54395 54396 54397 55561
249553 12 1 135850 249550 249551 249552 249554 249555 3277 54395 54396 54397 55561
34961 13 1043 11974 125270 127333 127334 127335 127336 127337 127338 127339 127492 127493 34964
130259 14 130233 130237 130239 130241 130245 130248 130255 130256 130257 130258 130260 130261 130262 1519
99173 2 4 91914
34964 13 1043 11974 125270 127333 127334 127335 127336 127337 127338 127339 127492 127493 34961
130251 11 130233 130235 130237 130238 130239 130240 130241 130243 130244 130246 130248
130258 14 104162 130234 130235 130236 130241 130244 130248 130255 130256 130257 130259 130260 130261 1519
133881 0
130257 18 130233 130235 130236 130237 130238 130239 130240 130241 130243 130246 130248 130255 130256 130258 130259 130260 130261 1519
130256 13 130234 130237 130239 130241 130242 130248 130255 130257 130258 130259 130260 130262 1519
130255 13 130233 130237 130239 130241 130245 130246 130248 130256 130257 130258 130259 130261 1519
122065 11 139566 216 218 221 3132 39943 80709 8460 8462 8463 99645
130260 13 130234 130237 130239 130241 130242 130248 130256 130257 130258 130259 130261 130262 1519
74346 11 111524 111525 74336 74338 74339 74340 74341 74342 74343 74344 74345
130261 19 104162 130233 130235 130236 130237 130238 130239 130240 130241 130243 130246 130248 130255 130257 130258 130259 130260 130262 1519
161167 12 160895 160897 160908 59376 59377 59378 69091 69092 69093 69094 69095 7434
74343 10 46257 74336 74338 74339 74340 74341 74342 74344 74345 74346
74342 10 46256 74336 74338 74339 74340 74341 74343 74344 74345 74346
74345 11 46259 74336 74338 74339 74340 74341 74342 74343 74344 74346 90771
74344 10 46258 74336 74338 74339 74340 74341 74342 74343 74345 74346
144231 10 144232 144233 144234 144236 144242 144245 144246 144247 144360 668
153783 9 152751 152759 152767 152773 153448 153875 33428 62741 94159
74341 14 33679 33680 33681 46254 46255 74336 74338 74339 74340 74342 74343 74344 74345 74346
74340 10 46254 74336 74338 74339 74341 74342 74343 74344 74345 74346
46301 12 125270 127342 127343 127492 127493 46302 46303 46324 46325 46326 46327 6094
46302 11 125270 127342 127343 127492 46301 46303 46324 46325 46326 46327 6094
46303 12 125270 127342 127343 127492 127493 46301 46302 46324 46325 46326 46327 6094
27926 9 105809 109906 111006 114197 162741 228074 36355 37027 74829
30513 11 137484 137485 137486 137487 137488 137489 137490 137491 137492 137493 67004
234530 10 234470 234475 234514 234567 234569 234572 234615 234644 234647 9
31176 11 139566 216 218 221 3132 39943 80709 8460 8462 8463 99645
7407 4 103347 103349 103351 103716
101033 2 100492 101560
46325 11 125270 127342 127343 127492 46301 46302 46303 46324 46326 46327 6094
33215 23 139490 139492 139493 139494 139495 139496 139497 139498 139499 139500 139501 139502 139503 139504 139505 139506 139507 139508 139509 139510 139511 139512 176549
234503 4 234470 234475 234514 244
46326 11 125270 127342 127343 127492 46301 46302 46303 46324 46325 46327 6094
46327 12 125270 127342 127343 127492 127493 46301 46302 46303 46324 46325 46326 6094
195840 9 175003 195836 195837 195838 195839 195841 195842 195843 210954
207460 11 122565 205302 205509 205510 205511 205533 206852 206853 206960 207016 207017
46324 12 125270 127342 127343 127492 127493 46301 46302 46303 46325 46326 46327 6094
84714 13 128455 128457 128458 128459 128460 128461 128472 130652 133856 133858 155897 155898 155899
257781 13 1653 180274 218395 257761 257765 257767 257780 257823 257824 257825 257826 257827 257828
257780 13 1653 180274 218395 257761 257765 257767 257781 257823 257824 257825 257826 257827 257828
195841 9 175003 195836 195837 195838 195839 195840 195842 195843 210954
195842 9 175003 195836 195837 195838 195839 195840 195841 195843 210954
195843 9 175003 195836 195837 195838 195839 195840 195841 195842 210954
91314 1 38397
156165 11 156167 162202 204657 204658 204659 204660 204661 204662 204663 204664 80778
133856 11 109080 128455 128457 128458 128459 128460 128461 128472 133858 84714 90669
133858 12 109080 128455 128457 128458 128459 128460 128461 128472 130652 133856 84714 90669
234514 11 234470 234475 234503 234530 234567 234569 234572 234615 234644 234647 9
107152 22 139490 139492 139493 139494 139495 139496 139497 139498 139499 139500 139501 139502 139503 139504 139505 139506 139507 139508 139509 139510 139511 139512
207472 11 122565 205302 205509 205510 205511 205533 206852 206853 206960 207016 207017
156167 9 156165 204657 204658 204659 204660 204661 204662 204663 204664
295 14 232774 243827 2662 2663 2664 35038 35039 35040 35041 35042 4070 55248 58393 8949
7434 10 160895 160897 160908 161167 27750 59376 59377 59378 59379 59380
101639 11 101640 101641 130427 130428 130429 130430 130431 130432 14778 216398 216399
254350 10 251866 254327 254331 254345 254347 254348 254349 255188 255189 82633
122289 13 122200 122201 122202 122203 122204 122283 122284 122285 122286 122287 122288 122290 89840
127544 10 225317 225324 225325 225326 225327 225358 225360 225361 52001 87183
122288 13 122200 122201 122202 122203 122204 122283 122284 122285 122286 122287 122289 122290 89840
122287 12 122200 122201 122203 122204 122283 122284 122285 122286 122288 122289 122290 89840
257761 13 1653 180274 218395 257765 257767 257780 257781 257823 257824 257825 257826 257827 257828
127338 12 1043 11974 125270 127333 127334 127335 127336 127337 127339 127492 34961 34964
127339 13 1043 11974 125270 127333 127334 127335 127336 127337 127338 127342 127492 34961 34964
69451 2 69449 69450
127336 12 1043 11974 125270 127333 127334 127335 127337 127338 127339 127492 34961 34964
69450 2 69449 69451
107145 22 139490 139492 139493 139494 139495 139496 139497 139498 139499 139500 139501 139502 139503 139504 139505 139506 139507 139508 139509 139510 139511 139512
127337 12 1043 11974 125270 127333 127334 127335 127336 127338 127339 127492 34961 34964
6519 10 187816 187818 228347 228348 228349 228350 228366 228367 228370 228371
234567 10 234470 234475 234514 234530 234569 234572 234615 234644 234647 9
234569 9 234470 234475 234514 234530 234567 234572 234615 234644 234647
91914 10 135030 15537 15541 15544 15551 180226 180250 57088 57089 99173
68596 11 74403 74404 74405 74406 74407 74408 74409 74410 74411 74412 74413
234572 9 234470 234475 234514 234530 234567 234569 234615 234644 234647
254347 10 251866 254327 254331 254345 254348 254349 254350 255188 255189 82633
244 3 13609 234503 67500
254348 10 251866 254327 254331 254345 254347 254349 254350 255188 255189 82633
122290 13 122200 122201 122202 122203 122204 122283 122284 122285 122286 122287 122288 122289 89840
254349 10 251866 254327 254331 254345 254347 254348 254350 255188 255189 82633
127343 12 125270 127342 127492 127493 46301 46302 46303 46324 46325 46326 46327 6094
127342 12 125270 127339 127343 127492 46301 46302 46303 46324 46325 46326 46327 6094
98464 12 110566 112813 112814 112815 112816 112817 112818 112819 112820 112821 112822 3418
254345 10 251866 254327 254331 254347 254348 254349 254350 255188 255189 82633
109080 13 128455 128457 128458 128459 128460 128461 128472 130652 133856 133858 155897 155898 155899
257770 12 106039 106439 106518 106596 106631 106792 107014 107018 107032 107043 257767 7088
195837 9 175003 195836 195838 195839 195840 195841 195842 195843 210954
195836 9 175003 195837 195838 195839 195840 195841 195842 195843 210954
71332 11 54359 70766 75216 75217 75218 75219 75220 75221 75222 75223 75224
62741 9 152751 152759 152767 152773 153448 153783 153875 33428 94159
96932 11 137484 137485 137486 137487 137488 137489 137490 137491 137492 137493 61286
1043 13 1044 125270 127333 127334 127335 127336 127337 127338 127339 127492 127493 34961 34964
1044 12 1043 127488 134366 134367 134368 134369 134371 134372 134373 134374 134375 442
127333 13 1043 11974 125270 127334 127335 127336 127337 127338 127339 127492 127493 34961 34964
195838 9 175003 195836 195837 195839 195840 195841 195842 195843 210954
127335 12 1043 11974 125270 127333 127334 127336 127337 127338 127339 127492 34961 34964
257765 13 1653 180274 218395 257761 257767 257780 257781 257823 257824 257825 257826 257827 257828
195839 9 175003 195836 195837 195838 195840 195841 195842 195843 210954
127334 12 1043 11974 125270 127333 127335 127336 127337 127338 127339 127492 34961 34964
122283 13 122200 122201 122202 122203 122204 122284 122285 122286 122287 122288 122289 122290 89840
257767 14 1653 180274 218395 257761 257765 257770 257780 257781 257823 257824 257825 257826 257827 257828
182244 4 182181 210990 220487 66186
122284 13 122200 122201 122202 122203 122204 122283 122285 122286 122287 122288 122289 122290 89840
69449 2 69450 69451
122285 13 122200 122201 122202 122203 122204 122283 122284 122286 122287 122288 122289 122290 89840
122286 12 122200 122201 122202 122204 122283 122284 122285 122287 122288 122289 122290 89840
217501 14 176549 217494 217495 217496 217497 217498 217499 217500 217620 217621 221902 221903 243888 54723
217500 14 176549 217494 217495 217496 217497 217498 217499 217501 217620 217621 221902 221903 243888 54723
90771 12 113801 175885 175886 175887 46259 47209 47336 47522 56020 7310 74345 91998
90968 12 1220 123692 123693 128667 128668 128669 14127 212583 244260 247072 250206 39951
15447 11 135030 15443 15537 15541 15544 15551 180226 180250 57088 57089 60959
104859 11 1764 188675 188676 188678 188679 188680 188681 188682 188683 188685 188687
37165 0
15441 8 135030 15443 15544 15551 180250 53404 57089 60959
15443 12 135030 15441 15447 15537 15541 15544 15551 180226 180250 57088 57089 60959
236697 12 101886 101888 229037 3003 33157 4793 92482 93678 93679 93680 93681 93682
216258 11 213179 213365 217725 217726 222175 222178 222179 225317 225323 225324 235704
91538 0
135850 11 1 249550 249551 249552 249553 249554 249555 3277 54395 54396 54397
71351 11 154831 154832 154833 154834 154933 154934 154935 154936 154938 28870 38599
154834 12 107689 154831 154832 154833 154933 154934 154935 154936 154938 28870 38599 71351
154833 11 154831 154832 154834 154933 154934 154935 154936 154938 28870 38599 71351
154832 12 154831 154833 154834 154933 154934 154935 154936 154938 28870 38599 71351 74336
154831 11 154832 154833 154834 154933 154934 154935 154936 154938 28870 38599 71351
1220 12 123692 123693 128667 128668 128669 14127 212583 244260 247072 250206 39951 90968
11782 12 166444 187816 187818 228347 228348 228349 228350 228366 228367 228370 228371 55248
50803 11 135786 135787 135789 135790 135791 135792 135793 135794 135796 135797 404
