peel_11 84
rep38397 2
91314 0
38397 0
91538 0
227321 0
rep61122 6
61125 0
61123 0
61124 0
61127 0
61122 0
61126 0
rep110566 14
112820 0
112821 0
112814 0
112819 0
112815 0
112818 0
112813 0
112816 0
98464 0
112822 0
3418 0
110566 0
112817 0
58312 0
rep20994 12
32437 0
50987 0
20994 0
24785 0
52024 0
33664 0
173057 0
24770 0
52025 0
52023 0
50986 0
173060 0
rep130431 48
15371 0
130428 0
15385 0
15383 0
130429 0
15367 0
15380 0
15393 0
15379 0
15375 0
15360 0
15376 0
15356 0
15386 0
15392 0
15399 0
15377 0
15378 0
15391 0
15388 0
130430 0
15384 0
216399 0
15368 0
130431 0
216398 0
15382 0
15390 0
15363 0
101641 0
15402 0
15369 0
15364 0
15398 0
130427 0
15361 0
15359 0
15357 0
101640 0
101639 0
15397 0
15381 0
15394 0
130432 0
15365 0
14778 0
15370 0
15401 0
rep137484 26
30631 0
137486 0
137491 0
96932 0
3680 0
61283 0
30629 0
61286 0
137493 0
5179 0
67004 0
119586 0
137489 0
30637 0
137485 0
137490 0
137492 0
30638 0
137488 0
30634 0
137487 0
137484 0
30635 0
30627 0
30513 0
30626 0
rep207380 19
196039 0
198381 0
210970 0
210990 0
46746 0
182244 0
210980 0
26905 0
196930 0
210991 0
26792 0
220487 0
66186 0
196931 0
182181 0
207380 0
182707 0
183152 0
196025 0
90819 0
rep213070 34
214608 0
214038 0
213478 0
214042 0
214359 0
214037 0
214504 0
214025 0
213425 0
213249 0
214375 0
214121 0
214023 0
214122 0
214510 0
214563 0
214601 0
213106 0
213070 0
214119 0
213375 0
213426 0
213383 0
214022 0
214605 0
213379 0
213342 0
214503 0
213954 0
214399 0
213089 0
214373 0
213274 0
214376 0
rep221 27
74406 0
74412 0
74408 0
3621 0
7770 0
74404 0
31176 0
68596 0
74411 0
74405 0
39943 0
74409 0
216 0
99645 0
221 0
74407 0
122065 0
74410 0
74413 0
8460 0
139566 0
218 0
8462 0
74403 0
8463 0
80709 0
3132 0
126629 0
rep100492 3
101560 0
101033 0
100492 0
rep69449 3
69450 0
69449 0
69451 0
132266 0
82499 0
rep128461 16
90669 0
128457 0
109080 0
155898 0
128455 0
128460 0
128459 0
130652 0
155897 0
133856 0
84714 0
128472 0
128458 0
128461 0
155899 0
133858 0
rep244580 5
4125 0
256532 0
245100 0
256533 0
244580 0
rep175003 10
195836 0
195838 0
210954 0
195843 0
195842 0
195841 0
195839 0
175003 0
195837 0
195840 0
rep145180 12
145180 0
145181 0
145185 0
145189 0
145184 0
6267 0
145182 0
145183 0
6266 0
145188 0
145186 0
145187 0
rep126168 13
212171 0
126173 0
126172 0
49417 0
126176 0
37445 0
126169 0
126175 0
124663 0
126171 0
126168 0
126170 0
126174 0
151965 0
136373 0
rep136772 9
136774 0
136771 0
136769 0
136768 0
966 0
136767 0
136773 0
136772 0
136770 0
133881 0
rep111603 12
84066 0
83948 0
83950 0
83949 0
111604 0
111603 0
84067 0
83947 0
83953 0
109626 0
83952 0
83954 0
24406 0
rep217087 13
217081 0
217087 0
217084 0
217082 0
217088 0
217085 0
217077 0
217078 0
217080 0
217083 0
217086 0
217076 0
217079 0
245685 0
rep95954 10
96890 0
95955 0
95954 0
95952 0
96887 0
95953 0
96526 0
95956 0
96888 0
96889 0
rep132271 2
132271 0
132325 0
155611 0
8864 0
256521 0
rep218300 12
218304 0
218308 0
201595 0
218306 0
218301 0
218303 0
218310 0
218309 0
218300 0
218305 0
218307 0
218302 0
rep254327 11
254345 0
255189 0
254350 0
82633 0
251866 0
255188 0
254331 0
254349 0
254347 0
254327 0
254348 0
rep204657 50
135794 0
204659 0
162201 0
204660 0
135789 0
76185 0
76186 0
162344 0
156165 0
80778 0
204657 0
204662 0
162343 0
76188 0
135792 0
404 0
162351 0
76193 0
162341 0
76189 0
204661 0
6882 0
257864 0
135791 0
162202 0
60803 0
135787 0
162203 0
76194 0
135797 0
204663 0
76190 0
135786 0
135784 0
204658 0
162352 0
204664 0
135790 0
156167 0
76197 0
162340 0
76196 0
162350 0
135796 0
135793 0
162200 0
1147 0
162342 0
76195 0
50803 0
37165 0
134210 0
96721 0
97726 0
34939 0
113208 0
129370 0
rep103351 5
103347 0
103351 0
103349 0
7407 0
103716 0
rep158710 12
158713 0
158711 0
158714 0
158712 0
158723 0
158710 0
158720 0
158709 0
158719 0
158722 0
158708 0
158721 0
rep178196 3
178201 0
178196 0
178202 0
244371 0
114270 0
rep46254 569
91914 0
111851 0
7310 0
123692 0
249553 0
257823 0
28870 0
92482 0
175885 0
154536 0
33680 0
154935 0
75200 0
106518 0
15447 0
174703 0
187816 0
130234 0
139492 0
234470 0
231064 0
67508 0
111854 0
154831 0
111898 0
154940 0
36352 0
27926 0
243535 0
54359 0
228347 0
161742 0
152767 0
107691 0
8795 0
205533 0
35039 0
130241 0
123526 0
257770 0
243538 0
47209 0
1730 0
174704 0
67507 0
174706 0
139277 0
28246 0
6190 0
249554 0
90771 0
7645 0
75221 0
231065 0
75203 0
218395 0
56020 0
75220 0
206853 0
42 0
230643 0
234569 0
39951 0
154285 0
106039 0
111850 0
67506 0
257781 0
14127 0
130259 0
60836 0
1405 0
11782 0
139499 0
175887 0
228371 0
75209 0
107697 0
113801 0
53404 0
139490 0
4 0
174701 0
228348 0
201550 0
154257 0
155114 0
46259 0
107693 0
60959 0
28391 0
161167 0
174700 0
154832 0
107145 0
3003 0
229093 0
139508 0
243828 0
257825 0
139507 0
99173 0
75205 0
163551 0
33586 0
69603 0
106792 0
128669 0
295 0
205510 0
55561 0
93678 0
13609 0
257765 0
243831 0
217500 0
152751 0
154936 0
74346 0
107462 0
234514 0
111853 0
1715 0
230640 0
230267 0
69129 0
230548 0
111862 0
182187 0
15537 0
25012 0
107062 0
75212 0
2663 0
111896 0
85250 0
70766 0
75208 0
130243 0
139491 0
166444 0
75215 0
160897 0
54397 0
139509 0
228349 0
126116 0
157218 0
108056 0
47336 0
130233 0
108218 0
93682 0
157242 0
139489 0
111525 0
111855 0
69095 0
111006 0
2426 0
230642 0
35040 0
111890 0
46257 0
217499 0
7090 0
227906 0
15441 0
7088 0
130258 0
116433 0
243537 0
139273 0
57088 0
139274 0
75211 0
5190 0
153875 0
130239 0
33681 0
139497 0
244 0
27750 0
130238 0
207016 0
157237 0
108761 0
95048 0
75199 0
1220 0
74343 0
106631 0
33679 0
130262 0
139271 0
176558 0
106596 0
206960 0
154833 0
101888 0
7091 0
250206 0
107364 0
59378 0
155860 0
243540 0
35042 0
160908 0
37027 0
74829 0
234572 0
187818 0
4793 0
75219 0
230641 0
55248 0
4070 0
107466 0
75201 0
7583 0
243834 0
3277 0
67499 0
7089 0
54396 0
1710 0
108748 0
139493 0
249555 0
8949 0
107695 0
74148 0
225779 0
25634 0
75206 0
111852 0
243829 0
18901 0
139494 0
93680 0
107689 0
161743 0
210566 0
107152 0
228196 0
130255 0
257826 0
243543 0
139506 0
1844 0
23961 0
139512 0
1720 0
214870 0
111899 0
128668 0
33215 0
111897 0
49389 0
32 0
111857 0
74341 0
247072 0
243830 0
174702 0
74340 0
75198 0
228814 0
107070 0
243833 0
15443 0
205509 0
111893 0
139500 0
2061 0
15523 0
1792 0
1076 0
59376 0
74338 0
130261 0
4022 0
1 0
130242 0
38599 0
234567 0
130244 0
7093 0
69094 0
130240 0
330 0
157372 0
175886 0
154404 0
208982 0
107710 0
130236 0
133893 0
107764 0
154834 0
201549 0
123693 0
153783 0
257780 0
107014 0
108771 0
152760 0
93679 0
90968 0
133899 0
234615 0
133896 0
212583 0
127193 0
1725 0
35038 0
67510 0
105809 0
15551 0
212119 0
71351 0
174708 0
257761 0
130534 0
7094 0
107018 0
207460 0
237273 0
74909 0
122565 0
69093 0
139272 0
127194 0
187817 0
67505 0
139504 0
75224 0
228367 0
185030 0
107032 0
111524 0
139276 0
245334 0
229593 0
243888 0
107698 0
9 0
205302 0
71332 0
15541 0
36355 0
69092 0
67503 0
243835 0
155904 0
133897 0
135030 0
109906 0
207017 0
111859 0
243360 0
35008 0
230276 0
86930 0
182336 0
537 0
174707 0
228074 0
176549 0
74345 0
95050 0
139496 0
14635 0
217494 0
107612 0
107690 0
230853 0
25013 0
180250 0
1511 0
174705 0
243832 0
75213 0
74344 0
234647 0
90802 0
228366 0
83858 0
15524 0
37278 0
25015 0
134451 0
230639 0
111892 0
111856 0
127624 0
217496 0
75222 0
230370 0
228350 0
67501 0
46258 0
75202 0
69091 0
67509 0
229037 0
207472 0
249551 0
128667 0
54723 0
234644 0
46255 0
111895 0
1653 0
94159 0
230550 0
221902 0
180226 0
236697 0
58393 0
46256 0
160895 0
205649 0
7434 0
93681 0
59377 0
130235 0
99012 0
249552 0
130256 0
154938 0
154933 0
229154 0
217495 0
63432 0
62741 0
231056 0
111891 0
139511 0
62160 0
180274 0
75210 0
206852 0
30195 0
53735 0
15531 0
75216 0
130246 0
74342 0
107694 0
1519 0
139275 0
91998 0
232774 0
77042 0
10063 0
217501 0
107326 0
2620 0
230854 0
130237 0
15544 0
130251 0
162741 0
182209 0
217620 0
75214 0
156695 0
234530 0
234475 0
209332 0
139495 0
75207 0
243827 0
59380 0
228812 0
75223 0
139505 0
63431 0
7482 0
133894 0
49388 0
92528 0
230549 0
139501 0
75218 0
249550 0
67504 0
7092 0
196 0
85939 0
130257 0
75217 0
47522 0
135850 0
49398 0
74336 0
257828 0
243536 0
59379 0
243539 0
257767 0
114197 0
154934 0
111894 0
75204 0
35041 0
217498 0
106439 0
205511 0
74339 0
67500 0
5191 0
25014 0
67502 0
54395 0
243753 0
228370 0
33157 0
2662 0
133898 0
139498 0
46254 0
57089 0
153448 0
139503 0
230856 0
90017 0
33428 0
257827 0
139502 0
162995 0
107043 0
243836 0
67511 0
130245 0
244260 0
6519 0
7095 0
107696 0
152773 0
217497 0
243752 0
257824 0
104162 0
243542 0
243534 0
139510 0
2664 0
243541 0
107008 0
130260 0
133895 0
111858 0
7519 0
234503 0
217621 0
130248 0
230855 0
51431 0
152759 0
101886 0
139278 0
209544 0
66265 0
157225 0
216837 0
221903 0
107692 0
108371 0
rep46643 12
257100 0
256689 0
256692 0
256693 0
257099 0
257098 0
46643 0
46644 0
257101 0
256688 0
256691 0
256690 0
124268 0
118454 0
rep199085 4
216368 0
215703 0
199085 0
28310 0
rep122200 14
122286 0
122283 0
122202 0
122201 0
122284 0
122203 0
122200 0
122288 0
122204 0
122289 0
122290 0
89840 0
122287 0
122285 0
rep111596 13
111596 0
187545 0
187542 0
8297 0
187544 0
187540 0
187538 0
187539 0
187546 0
187543 0
187548 0
187547 0
187536 0
114636 0
rep144232 11
144231 0
144245 0
668 0
144236 0
144360 0
144242 0
144234 0
144233 0
144232 0
144246 0
144247 0
221867 0
rep116629 12
116636 0
116620 0
116639 0
116630 0
116631 0
116638 0
116629 0
116622 0
116611 0
116609 0
116621 0
116632 0
133156 0
rep114150 12
113381 0
114155 0
114158 0
114156 0
113370 0
114151 0
113389 0
114152 0
114150 0
114154 0
114159 0
114153 0
rep163425 13
163427 0
163425 0
163424 0
163442 0
163419 0
163426 0
163420 0
163421 0
163418 0
162652 0
163443 0
163422 0
163428 0
112534 0
rep217725 21
225326 0
213179 0
225317 0
225324 0
222178 0
216258 0
235704 0
217726 0
225360 0
222175 0
87183 0
225323 0
127544 0
225361 0
225327 0
225358 0
52001 0
217725 0
222179 0
213365 0
225325 0
127730 0
rep70675 13
2326 0
70682 0
70677 0
70679 0
70680 0
70681 0
70678 0
53451 0
70675 0
70667 0
70683 0
53447 0
70676 0
rep243866 5
248059 0
248017 0
248011 0
243866 0
244306 0
rep165006 16
165006 0
165124 0
165103 0
165065 0
165064 0
165123 0
165007 0
165084 0
164732 0
165085 0
165104 0
165045 0
165046 0
165025 0
164731 0
165026 0
rep1764 14
5809 0
188682 0
188684 0
188681 0
188685 0
104859 0
1764 0
188680 0
188679 0
188676 0
188675 0
188683 0
188678 0
188687 0
228081 0
rep113079 13
113077 0
113089 0
113107 0
113109 0
113079 0
113085 0
113096 0
113100 0
8934 0
113078 0
113098 0
113113 0
113111 0
rep105688 2
105688 0
105689 0
63443 0
rep209236 2
209236 0
210480 0
rep133906 5
133908 0
133909 0
133906 0
133905 0
133907 0
132209 0
rep53258 12
53265 0
53263 0
53257 0
53267 0
53256 0
53258 0
53262 0
53266 0
53260 0
53259 0
53261 0
53264 0
239097 0
42964 0
114171 0
rep178435 48
182788 0
6094 0
134372 0
127343 0
134371 0
182794 0
125270 0
1043 0
182791 0
182797 0
182798 0
11974 0
127342 0
34961 0
134368 0
127339 0
127335 0
34964 0
134369 0
182793 0
134367 0
46324 0
182796 0
46325 0
127488 0
46301 0
127334 0
127336 0
134375 0
46302 0
182790 0
134373 0
127337 0
127338 0
46303 0
46327 0
182789 0
46326 0
127493 0
127333 0
182795 0
182792 0
442 0
127492 0
178435 0
134374 0
1044 0
134366 0
