125637 20 125609 125610 125611 125612 125632 125633 125634 125636 125645 125646 125647 125648 125649 133859 133860 133861 133862 133863 133864 133865
101695 22 101696 123118 1358 14612 14613 40 46306 46308 46310 46312 46314 69272 69273 69274 69275 69276 69277 69278 69279 69280 69281 78840
101696 20 101695 1358 14612 14613 40 46306 46308 46310 46312 46314 69272 69273 69274 69275 69276 69277 69278 69279 69280 69281
125636 20 125609 125610 125611 125612 125632 125633 125634 125637 125645 125646 125647 125648 125649 133859 133860 133861 133862 133863 133864 133865
125633 20 125609 125610 125611 125612 125632 125634 125636 125637 125645 125646 125647 125648 125649 133859 133860 133861 133862 133863 133864 133865
125634 20 125609 125610 125611 125612 125632 125633 125636 125637 125645 125646 125647 125648 125649 133859 133860 133861 133862 133863 133864 133865
125632 20 125609 125610 125611 125612 125633 125634 125636 125637 125645 125646 125647 125648 125649 133859 133860 133861 133862 133863 133864 133865
235151 20 11557 143164 166311 166370 166459 235225 235226 235227 235228 235229 242614 52216 52217 52218 52219 52220 52221 52222 52223 52224
89085 22 137390 139056 139066 139068 139070 139075 139089 139148 139157 139159 139160 139161 139162 139163 139164 139165 139166 139168 139169 139170 139171 82672
40 25 101695 101696 1222 123118 125149 1358 14612 14613 14614 46306 46308 46310 46312 46314 69272 69273 69274 69275 69276 69277 69278 69279 69280 69281 78840
7749 22 117141 137390 139056 139066 139068 139070 139075 139089 139148 139157 139159 139160 139161 139162 139163 139164 139165 139166 139168 139169 139170 139171
69281 25 101695 101696 1222 123118 125149 1358 14612 14613 14614 40 46306 46308 46310 46312 46314 69272 69273 69274 69275 69276 69277 69278 69279 69280 78840
128336 24 121877 122853 128335 128337 128338 128339 128340 128341 128342 128343 128344 128345 128346 128347 128348 128349 128350 128351 128352 128353 128354 59802 62572 82182
128335 20 128336 128337 128338 128339 128340 128341 128342 128343 128344 128345 128346 128347 128348 128349 128350 128351 128352 128353 128354 59802
181732 20 195993 196007 198382 201734 201739 201804 201816 201817 201820 201822 202101 202104 202105 202110 202112 202113 202114 202115 202116 202129
123118 20 101695 1358 14612 14613 40 46306 46308 46310 46312 46314 69272 69273 69274 69275 69276 69277 69278 69279 69280 69281
69280 25 101695 101696 1222 123118 125149 1358 14612 14613 14614 40 46306 46308 46310 46312 46314 69272 69273 69274 69275 69276 69277 69278 69279 69281 78840
137390 26 117141 139056 139066 139068 139070 139075 139089 139148 139157 139159 139160 139161 139162 139163 139164 139165 139166 139168 139169 139170 139171 20458 7749 82672 89085 89130
247093 14 121877 128024 128025 128026 128027 128344 128345 128346 128347 128348 59801 59802 62572 82182
20458 20 137390 139066 139068 139070 139075 139089 139148 139157 139159 139160 139161 139162 139163 139164 139165 139166 139168 139169 139170 139171
125611 20 125609 125610 125612 125632 125633 125634 125636 125637 125645 125646 125647 125648 125649 133859 133860 133861 133862 133863 133864 133865
128345 25 121877 122853 128335 128336 128337 128338 128339 128340 128341 128342 128343 128344 128346 128347 128348 128349 128350 128351 128352 128353 128354 247093 59802 62572 82182
125612 20 125609 125610 125611 125632 125633 125634 125636 125637 125645 125646 125647 125648 125649 133859 133860 133861 133862 133863 133864 133865
128344 25 121877 122853 128335 128336 128337 128338 128339 128340 128341 128342 128343 128345 128346 128347 128348 128349 128350 128351 128352 128353 128354 247093 59802 62572 82182
128347 25 121877 122853 128335 128336 128337 128338 128339 128340 128341 128342 128343 128344 128345 128346 128348 128349 128350 128351 128352 128353 128354 247093 59802 62572 82182
217347 20 14224 205647 219035 219038 219039 219040 219041 219042 219043 219044 219045 219046 219047 219048 219049 219050 219051 51783 58958 58959
125610 20 125609 125611 125612 125632 125633 125634 125636 125637 125645 125646 125647 125648 125649 133859 133860 133861 133862 133863 133864 133865
128346 26 121877 122853 128031 128335 128336 128337 128338 128339 128340 128341 128342 128343 128344 128345 128347 128348 128349 128350 128351 128352 128353 128354 247093 59802 62572 82182
128341 24 121877 122853 128335 128336 128337 128338 128339 128340 128342 128343 128344 128345 128346 128347 128348 128349 128350 128351 128352 128353 128354 59802 62572 82182
219051 23 14224 205647 217135 217136 217137 217347 219035 219038 219039 219040 219041 219042 219043 219044 219045 219046 219047 219048 219049 219050 51783 58958 58959
78840 21 101695 1358 14612 14613 14614 40 46306 46308 46310 46312 46314 69272 69273 69274 69275 69276 69277 69278 69279 69280 69281
128340 24 121877 122853 128335 128336 128337 128338 128339 128341 128342 128343 128344 128345 128346 128347 128348 128349 128350 128351 128352 128353 128354 59802 62572 82182
219050 23 14224 205647 217135 217136 217137 217347 219035 219038 219039 219040 219041 219042 219043 219044 219045 219046 219047 219048 219049 219051 51783 58958 58959
128343 24 121877 122853 128335 128336 128337 128338 128339 128340 128341 128342 128344 128345 128346 128347 128348 128349 128350 128351 128352 128353 128354 59802 62572 82182
128342 24 121877 122853 128335 128336 128337 128338 128339 128340 128341 128343 128344 128345 128346 128347 128348 128349 128350 128351 128352 128353 128354 59802 62572 82182
121035 20 11531 121022 121023 121024 121025 121026 121027 121028 121029 121030 121031 121032 121033 121034 121036 121037 121038 121039 121040 121041
121036 20 11531 121022 121023 121024 121025 121026 121027 121028 121029 121030 121031 121032 121033 121034 121035 121037 121038 121039 121040 121041
121033 20 11531 121022 121023 121024 121025 121026 121027 121028 121029 121030 121031 121032 121034 121035 121036 121037 121038 121039 121040 121041
121034 20 11531 121022 121023 121024 121025 121026 121027 121028 121029 121030 121031 121032 121033 121035 121036 121037 121038 121039 121040 121041
121039 20 11531 121022 121023 121024 121025 121026 121027 121028 121029 121030 121031 121032 121033 121034 121035 121036 121037 121038 121040 121041
7633 20 250408 250409 250410 250411 250412 29731 29804 29961 29962 29963 29964 29965 29966 29967 29968 29969 29970 7632 97855 99165
7632 20 250408 250409 250410 250411 250412 29731 29804 29961 29962 29963 29964 29965 29966 29967 29968 29969 29970 7633 97855 99165
121037 20 11531 121022 121023 121024 121025 121026 121027 121028 121029 121030 121031 121032 121033 121034 121035 121036 121038 121039 121040 121041
121038 20 11531 121022 121023 121024 121025 121026 121027 121028 121029 121030 121031 121032 121033 121034 121035 121036 121037 121039 121040 121041
52220 20 11557 143164 166311 166370 166459 235151 235225 235226 235227 235228 235229 242614 52216 52217 52218 52219 52221 52222 52223 52224
80856 21 124 125 127 161700 161701 161702 161703 161704 161706 161708 161710 161711 161713 161715 161856 16813 2522 5408 58331 6261 86514
52224 20 11557 143164 166311 166370 166459 235151 235225 235226 235227 235228 235229 242614 52216 52217 52218 52219 52220 52221 52222 52223
52223 20 11557 143164 166311 166370 166459 235151 235225 235226 235227 235228 235229 242614 52216 52217 52218 52219 52220 52221 52222 52224
121041 20 11531 121022 121023 121024 121025 121026 121027 121028 121029 121030 121031 121032 121033 121034 121035 121036 121037 121038 121039 121040
52222 20 11557 143164 166311 166370 166459 235151 235225 235226 235227 235228 235229 242614 52216 52217 52218 52219 52220 52221 52223 52224
121040 20 11531 121022 121023 121024 121025 121026 121027 121028 121029 121030 121031 121032 121033 121034 121035 121036 121037 121038 121039 121041
52221 20 11557 143164 166311 166370 166459 235151 235225 235226 235227 235228 235229 242614 52216 52217 52218 52219 52220 52222 52223 52224
166311 20 11557 143164 166370 166459 235151 235225 235226 235227 235228 235229 242614 52216 52217 52218 52219 52220 52221 52222 52223 52224
128337 24 121877 122853 128335 128336 128338 128339 128340 128341 128342 128343 128344 128345 128346 128347 128348 128349 128350 128351 128352 128353 128354 59802 62572 82182
128338 24 121877 122853 128335 128336 128337 128339 128340 128341 128342 128343 128344 128345 128346 128347 128348 128349 128350 128351 128352 128353 128354 59802 62572 82182
128339 24 121877 122853 128335 128336 128337 128338 128340 128341 128342 128343 128344 128345 128346 128347 128348 128349 128350 128351 128352 128353 128354 59802 62572 82182
219043 23 14224 205647 217135 217136 217137 217347 219035 219038 219039 219040 219041 219042 219044 219045 219046 219047 219048 219049 219050 219051 51783 58958 58959
219042 23 14224 205647 217135 217136 217137 217347 219035 219038 219039 219040 219041 219043 219044 219045 219046 219047 219048 219049 219050 219051 51783 58958 58959
219045 23 14224 205647 217135 217136 217137 217347 219035 219038 219039 219040 219041 219042 219043 219044 219046 219047 219048 219049 219050 219051 51783 58958 58959
219044 23 14224 205647 217135 217136 217137 217347 219035 219038 219039 219040 219041 219042 219043 219045 219046 219047 219048 219049 219050 219051 51783 58958 58959
128354 24 121877 122853 128335 128336 128337 128338 128339 128340 128341 128342 128343 128344 128345 128346 128347 128348 128349 128350 128351 128352 128353 59802 62572 82182
128353 24 121877 122853 128335 128336 128337 128338 128339 128340 128341 128342 128343 128344 128345 128346 128347 128348 128349 128350 128351 128352 128354 59802 62572 82182
219041 23 14224 205647 217135 217136 217137 217347 219035 219038 219039 219040 219042 219043 219044 219045 219046 219047 219048 219049 219050 219051 51783 58958 58959
128352 24 121877 122853 128335 128336 128337 128338 128339 128340 128341 128342 128343 128344 128345 128346 128347 128348 128349 128350 128351 128353 128354 59802 62572 82182
219040 23 14224 205647 217135 217136 217137 217347 219035 219038 219039 219041 219042 219043 219044 219045 219046 219047 219048 219049 219050 219051 51783 58958 58959
128351 24 121877 122853 128335 128336 128337 128338 128339 128340 128341 128342 128343 128344 128345 128346 128347 128348 128349 128350 128352 128353 128354 59802 62572 82182
121022 20 11531 121023 121024 121025 121026 121027 121028 121029 121030 121031 121032 121033 121034 121035 121036 121037 121038 121039 121040 121041
128350 24 121877 122853 128335 128336 128337 128338 128339 128340 128341 128342 128343 128344 128345 128346 128347 128348 128349 128351 128352 128353 128354 59802 62572 82182
121023 20 11531 121022 121024 121025 121026 121027 121028 121029 121030 121031 121032 121033 121034 121035 121036 121037 121038 121039 121040 121041
121024 20 11531 121022 121023 121025 121026 121027 121028 121029 121030 121031 121032 121033 121034 121035 121036 121037 121038 121039 121040 121041
121025 20 11531 121022 121023 121024 121026 121027 121028 121029 121030 121031 121032 121033 121034 121035 121036 121037 121038 121039 121040 121041
125609 20 125610 125611 125612 125632 125633 125634 125636 125637 125645 125646 125647 125648 125649 133859 133860 133861 133862 133863 133864 133865
219047 23 14224 205647 217135 217136 217137 217347 219035 219038 219039 219040 219041 219042 219043 219044 219045 219046 219048 219049 219050 219051 51783 58958 58959
121026 20 11531 121022 121023 121024 121025 121027 121028 121029 121030 121031 121032 121033 121034 121035 121036 121037 121038 121039 121040 121041
219046 23 14224 205647 217135 217136 217137 217347 219035 219038 219039 219040 219041 219042 219043 219044 219045 219047 219048 219049 219050 219051 51783 58958 58959
121027 20 11531 121022 121023 121024 121025 121026 121028 121029 121030 121031 121032 121033 121034 121035 121036 121037 121038 121039 121040 121041
219049 23 14224 205647 217135 217136 217137 217347 219035 219038 219039 219040 219041 219042 219043 219044 219045 219046 219047 219048 219050 219051 51783 58958 58959
121028 20 11531 121022 121023 121024 121025 121026 121027 121029 121030 121031 121032 121033 121034 121035 121036 121037 121038 121039 121040 121041
219048 23 14224 205647 217135 217136 217137 217347 219035 219038 219039 219040 219041 219042 219043 219044 219045 219046 219047 219049 219050 219051 51783 58958 58959
121029 20 11531 121022 121023 121024 121025 121026 121027 121028 121030 121031 121032 121033 121034 121035 121036 121037 121038 121039 121040 121041
121030 20 11531 121022 121023 121024 121025 121026 121027 121028 121029 121031 121032 121033 121034 121035 121036 121037 121038 121039 121040 121041
121032 20 11531 121022 121023 121024 121025 121026 121027 121028 121029 121030 121031 121033 121034 121035 121036 121037 121038 121039 121040 121041
121031 20 11531 121022 121023 121024 121025 121026 121027 121028 121029 121030 121032 121033 121034 121035 121036 121037 121038 121039 121040 121041
52217 20 11557 143164 166311 166370 166459 235151 235225 235226 235227 235228 235229 242614 52216 52218 52219 52220 52221 52222 52223 52224
52216 20 11557 143164 166311 166370 166459 235151 235225 235226 235227 235228 235229 242614 52217 52218 52219 52220 52221 52222 52223 52224
51783 22 14224 205647 217135 217136 217137 217347 219035 219038 219039 219040 219041 219042 219043 219044 219045 219046 219047 219048 219049 219050 219051 58959
52219 20 11557 143164 166311 166370 166459 235151 235225 235226 235227 235228 235229 242614 52216 52217 52218 52220 52221 52222 52223 52224
52218 20 11557 143164 166311 166370 166459 235151 235225 235226 235227 235228 235229 242614 52216 52217 52219 52220 52221 52222 52223 52224
128348 25 121877 122853 128335 128336 128337 128338 128339 128340 128341 128342 128343 128344 128345 128346 128347 128349 128350 128351 128352 128353 128354 247093 59802 62572 82182
128349 24 121877 122853 128335 128336 128337 128338 128339 128340 128341 128342 128343 128344 128345 128346 128347 128348 128350 128351 128352 128353 128354 59802 62572 82182
219038 23 14224 205647 217135 217136 217137 217347 219035 219039 219040 219041 219042 219043 219044 219045 219046 219047 219048 219049 219050 219051 51783 58958 58959
219035 23 14224 205647 217135 217136 217137 217347 219038 219039 219040 219041 219042 219043 219044 219045 219046 219047 219048 219049 219050 219051 51783 58958 58959
92759 1 179669
161856 21 124 125 127 161700 161701 161702 161703 161704 161706 161708 161710 161711 161713 161715 16813 2522 5408 58331 6261 80856 86514
139159 27 117141 128071 137390 139056 139066 139068 139070 139075 139089 139148 139157 139160 139161 139162 139163 139164 139165 139166 139168 139169 139170 139171 20458 7749 82672 89085 89130
219039 23 14224 205647 217135 217136 217137 217347 219035 219038 219040 219041 219042 219043 219044 219045 219046 219047 219048 219049 219050 219051 51783 58958 58959
139157 25 117141 137390 139056 139066 139068 139070 139075 139148 139159 139160 139161 139162 139163 139164 139165 139166 139168 139169 139170 139171 20458 7749 82672 89085 89130
179646 2 179669 46308
122853 29 121877 128066 128067 128068 128069 128070 128071 128072 128073 128075 128336 128337 128338 128339 128340 128341 128342 128343 128344 128345 128346 128347 128348 128349 128350 128351 128352 128353 128354
161713 21 124 125 127 161700 161701 161702 161703 161704 161706 161708 161710 161711 161715 161856 16813 2522 5408 58331 6261 80856 86514
161715 21 124 125 127 161700 161701 161702 161703 161704 161706 161708 161710 161711 161713 161856 16813 2522 5408 58331 6261 80856 86514
161710 21 124 125 127 161700 161701 161702 161703 161704 161706 161708 161711 161713 161715 161856 16813 2522 5408 58331 6261 80856 86514
161711 21 124 125 127 161700 161701 161702 161703 161704 161706 161708 161710 161713 161715 161856 16813 2522 5408 58331 6261 80856 86514
143164 20 11557 166311 166370 166459 235151 235225 235226 235227 235228 235229 242614 52216 52217 52218 52219 52220 52221 52222 52223 52224
125 21 124 127 161700 161701 161702 161703 161704 161706 161708 161710 161711 161713 161715 161856 16813 2522 5408 58331 6261 80856 86514
139164 24 117141 137390 139056 139066 139068 139070 139075 139089 139148 139157 139159 139160 139161 139162 139163 139165 139166 139168 139170 20458 7749 82672 89085 89130
139165 23 117141 137390 139056 139066 139068 139070 139075 139089 139148 139157 139159 139160 139162 139163 139164 139166 139168 139170 20458 7749 82672 89085 89130
127 21 124 125 161700 161701 161702 161703 161704 161706 161708 161710 161711 161713 161715 161856 16813 2522 5408 58331 6261 80856 86514
139166 26 117141 137390 139056 139066 139068 139070 139075 139089 139148 139157 139159 139160 139161 139162 139163 139164 139165 139168 139169 139170 139171 20458 7749 82672 89085 89130
139168 26 117141 137390 139056 139066 139068 139070 139075 139089 139148 139157 139159 139160 139161 139162 139163 139164 139165 139166 139169 139170 139171 20458 7749 82672 89085 89130
139169 21 117141 137390 139056 139066 139068 139070 139075 139089 139148 139157 139159 139160 139166 139168 139170 139171 20458 7749 82672 89085 89130
124 21 125 127 161700 161701 161702 161703 161704 161706 161708 161710 161711 161713 161715 161856 16813 2522 5408 58331 6261 80856 86514
133860 20 125609 125610 125611 125612 125632 125633 125634 125636 125637 125645 125646 125647 125648 125649 133859 133861 133862 133863 133864 133865
133861 20 125609 125610 125611 125612 125632 125633 125634 125636 125637 125645 125646 125647 125648 125649 133859 133860 133862 133863 133864 133865
133862 20 125609 125610 125611 125612 125632 125633 125634 125636 125637 125645 125646 125647 125648 125649 133859 133860 133861 133863 133864 133865
161708 21 124 125 127 161700 161701 161702 161703 161704 161706 161710 161711 161713 161715 161856 16813 2522 5408 58331 6261 80856 86514
133863 20 125609 125610 125611 125612 125632 125633 125634 125636 125637 125645 125646 125647 125648 125649 133859 133860 133861 133862 133864 133865
139160 26 117141 137390 139056 139066 139068 139070 139075 139089 139148 139157 139159 139161 139162 139163 139164 139165 139166 139168 139169 139170 139171 20458 7749 82672 89085 89130
121877 39 122853 128024 128025 128026 128027 128028 128029 128030 128031 128032 128066 128067 128068 128069 128070 128071 128072 128073 128075 128336 128337 128338 128339 128340 128341 128342 128343 128344 128345 128346 128347 128348 128349 128350 128351 128352 128353 128354 247093
133864 20 125609 125610 125611 125612 125632 125633 125634 125636 125637 125645 125646 125647 125648 125649 133859 133860 133861 133862 133863 133865
139161 23 117141 137390 139056 139066 139068 139070 139075 139089 139148 139157 139159 139160 139162 139163 139164 139166 139168 139170 20458 7749 82672 89085 89130
133865 20 125609 125610 125611 125612 125632 125633 125634 125636 125637 125645 125646 125647 125648 125649 133859 133860 133861 133862 133863 133864
139162 24 117141 137390 139056 139066 139068 139070 139075 139089 139148 139157 139159 139160 139161 139163 139164 139165 139166 139168 139170 20458 7749 82672 89085 89130
161706 21 124 125 127 161700 161701 161702 161703 161704 161708 161710 161711 161713 161715 161856 16813 2522 5408 58331 6261 80856 86514
139163 24 117141 137390 139056 139066 139068 139070 139075 139089 139148 139157 139159 139160 139161 139162 139164 139165 139166 139168 139170 20458 7749 82672 89085 89130
161703 21 124 125 127 161700 161701 161702 161704 161706 161708 161710 161711 161713 161715 161856 16813 2522 5408 58331 6261 80856 86514
58959 23 14224 205647 217135 217136 217137 217347 219035 219038 219039 219040 219041 219042 219043 219044 219045 219046 219047 219048 219049 219050 219051 51783 58958
161704 21 124 125 127 161700 161701 161702 161703 161706 161708 161710 161711 161713 161715 161856 16813 2522 5408 58331 6261 80856 86514
58958 21 205647 217135 217136 217137 217347 219035 219038 219039 219040 219041 219042 219043 219044 219045 219046 219047 219048 219049 219050 219051 58959
161701 21 124 125 127 161700 161702 161703 161704 161706 161708 161710 161711 161713 161715 161856 16813 2522 5408 58331 6261 80856 86514
196007 20 181732 195993 198382 201734 201739 201804 201816 201817 201820 201822 202101 202104 202105 202110 202112 202113 202114 202115 202116 202129
161702 21 124 125 127 161700 161701 161703 161704 161706 161708 161710 161711 161713 161715 161856 16813 2522 5408 58331 6261 80856 86514
161700 21 124 125 127 161701 161702 161703 161704 161706 161708 161710 161711 161713 161715 161856 16813 2522 5408 58331 6261 80856 86514
29804 20 250408 250409 250410 250411 250412 29731 29961 29962 29963 29964 29965 29966 29967 29968 29969 29970 7632 7633 97855 99165
5408 20 124 125 127 161700 161701 161702 161703 161704 161706 161708 161710 161711 161713 161715 161856 2522 58331 6261 80856 86514
201734 20 181732 195993 196007 198382 201739 201804 201816 201817 201820 201822 202101 202104 202105 202110 202112 202113 202114 202115 202116 202129
235227 20 11557 143164 166311 166370 166459 235151 235225 235226 235228 235229 242614 52216 52217 52218 52219 52220 52221 52222 52223 52224
201739 20 181732 195993 196007 198382 201734 201804 201816 201817 201820 201822 202101 202104 202105 202110 202112 202113 202114 202115 202116 202129
235226 20 11557 143164 166311 166370 166459 235151 235225 235227 235228 235229 242614 52216 52217 52218 52219 52220 52221 52222 52223 52224
235225 20 11557 143164 166311 166370 166459 235151 235226 235227 235228 235229 242614 52216 52217 52218 52219 52220 52221 52222 52223 52224
198382 20 181732 195993 196007 201734 201739 201804 201816 201817 201820 201822 202101 202104 202105 202110 202112 202113 202114 202115 202116 202129
179669 2 179646 92759
235229 20 11557 143164 166311 166370 166459 235151 235225 235226 235227 235228 242614 52216 52217 52218 52219 52220 52221 52222 52223 52224
235228 20 11557 143164 166311 166370 166459 235151 235225 235226 235227 235229 242614 52216 52217 52218 52219 52220 52221 52222 52223 52224
128070 20 121877 122853 128024 128025 128026 128027 128028 128029 128030 128031 128032 128066 128067 128068 128069 128071 128072 128073 128075 59801
128071 21 121877 122853 128024 128025 128026 128027 128028 128029 128030 128031 128032 128066 128067 128068 128069 128070 128072 128073 128075 139159 59801
125149 20 1358 14612 14613 14614 40 46306 46308 46310 46312 46314 69272 69273 69274 69275 69276 69277 69278 69279 69280 69281
59801 21 128024 128025 128026 128027 128028 128029 128030 128031 128032 128066 128067 128068 128069 128070 128071 128072 128073 128075 247093 59802 62572
128075 20 121877 122853 128024 128025 128026 128027 128028 128029 128030 128031 128032 128066 128067 128068 128069 128070 128071 128072 128073 59801
59802 23 128335 128336 128337 128338 128339 128340 128341 128342 128343 128344 128345 128346 128347 128348 128349 128350 128351 128352 128353 128354 247093 59801 62572
128072 20 121877 122853 128024 128025 128026 128027 128028 128029 128030 128031 128032 128066 128067 128068 128069 128070 128071 128073 128075 59801
128073 20 121877 122853 128024 128025 128026 128027 128028 128029 128030 128031 128032 128066 128067 128068 128069 128070 128071 128072 128075 59801
99165 20 250408 250409 250410 250411 250412 29731 29804 29961 29962 29963 29964 29965 29966 29967 29968 29969 29970 7632 7633 97855
82182 20 128336 128337 128338 128339 128340 128341 128342 128343 128344 128345 128346 128347 128348 128349 128350 128351 128352 128353 128354 247093
139148 25 117141 137390 139056 139066 139068 139070 139075 139157 139159 139160 139161 139162 139163 139164 139165 139166 139168 139169 139170 139171 20458 7749 82672 89085 89130
166370 20 11557 143164 166311 166459 235151 235225 235226 235227 235228 235229 242614 52216 52217 52218 52219 52220 52221 52222 52223 52224
125645 20 125609 125610 125611 125612 125632 125633 125634 125636 125637 125646 125647 125648 125649 133859 133860 133861 133862 133863 133864 133865
125647 20 125609 125610 125611 125612 125632 125633 125634 125636 125637 125645 125646 125648 125649 133859 133860 133861 133862 133863 133864 133865
125646 20 125609 125610 125611 125612 125632 125633 125634 125636 125637 125645 125647 125648 125649 133859 133860 133861 133862 133863 133864 133865
125649 20 125609 125610 125611 125612 125632 125633 125634 125636 125637 125645 125646 125647 125648 133859 133860 133861 133862 133863 133864 133865
125648 20 125609 125610 125611 125612 125632 125633 125634 125636 125637 125645 125646 125647 125649 133859 133860 133861 133862 133863 133864 133865
62572 22 128336 128337 128338 128339 128340 128341 128342 128343 128344 128345 128346 128347 128348 128349 128350 128351 128352 128353 128354 247093 59801 59802
128066 20 121877 122853 128024 128025 128026 128027 128028 128029 128030 128031 128032 128067 128068 128069 128070 128071 128072 128073 128075 59801
128067 20 121877 122853 128024 128025 128026 128027 128028 128029 128030 128031 128032 128066 128068 128069 128070 128071 128072 128073 128075 59801
128068 20 121877 122853 128024 128025 128026 128027 128028 128029 128030 128031 128032 128066 128067 128069 128070 128071 128072 128073 128075 59801
128069 20 121877 122853 128024 128025 128026 128027 128028 128029 128030 128031 128032 128066 128067 128068 128070 128071 128072 128073 128075 59801
58331 21 124 125 127 161700 161701 161702 161703 161704 161706 161708 161710 161711 161713 161715 161856 16813 2522 5408 6261 80856 86514
11531 20 121022 121023 121024 121025 121026 121027 121028 121029 121030 121031 121032 121033 121034 121035 121036 121037 121038 121039 121040 121041
89130 21 137390 139066 139068 139070 139075 139089 139148 139157 139159 139160 139161 139162 139163 139164 139165 139166 139168 139169 139170 139171 82672
46306 25 101695 101696 1222 123118 125149 1358 14612 14613 14614 40 46308 46310 46312 46314 69272 69273 69274 69275 69276 69277 69278 69279 69280 69281 78840
46308 26 101695 101696 1222 123118 125149 1358 14612 14613 14614 179646 40 46306 46310 46312 46314 69272 69273 69274 69275 69276 69277 69278 69279 69280 69281 78840
242614 20 11557 143164 166311 166370 166459 235151 235225 235226 235227 235228 235229 52216 52217 52218 52219 52220 52221 52222 52223 52224
201822 20 181732 195993 196007 198382 201734 201739 201804 201816 201817 201820 202101 202104 202105 202110 202112 202113 202114 202115 202116 202129
201820 20 181732 195993 196007 198382 201734 201739 201804 201816 201817 201822 202101 202104 202105 202110 202112 202113 202114 202115 202116 202129
139056 24 117141 137390 139066 139068 139070 139075 139089 139148 139157 139159 139160 139161 139162 139163 139164 139165 139166 139168 139169 139170 139171 7749 82672 89085
14612 25 101695 101696 1222 123118 125149 1358 14613 14614 40 46306 46308 46310 46312 46314 69272 69273 69274 69275 69276 69277 69278 69279 69280 69281 78840
14613 25 101695 101696 1222 123118 125149 1358 14612 14614 40 46306 46308 46310 46312 46314 69272 69273 69274 69275 69276 69277 69278 69279 69280 69281 78840
14614 22 1222 125149 1358 14612 14613 40 46306 46308 46310 46312 46314 69272 69273 69274 69275 69276 69277 69278 69279 69280 69281 78840
202101 20 181732 195993 196007 198382 201734 201739 201804 201816 201817 201820 201822 202104 202105 202110 202112 202113 202114 202115 202116 202129
97855 20 250408 250409 250410 250411 250412 29731 29804 29961 29962 29963 29964 29965 29966 29967 29968 29969 29970 7632 7633 99165
139068 26 117141 137390 139056 139066 139070 139075 139089 139148 139157 139159 139160 139161 139162 139163 139164 139165 139166 139168 139169 139170 139171 20458 7749 82672 89085 89130
139066 26 117141 137390 139056 139068 139070 139075 139089 139148 139157 139159 139160 139161 139162 139163 139164 139165 139166 139168 139169 139170 139171 20458 7749 82672 89085 89130
201817 20 181732 195993 196007 198382 201734 201739 201804 201816 201820 201822 202101 202104 202105 202110 202112 202113 202114 202115 202116 202129
201816 20 181732 195993 196007 198382 201734 201739 201804 201817 201820 201822 202101 202104 202105 202110 202112 202113 202114 202115 202116 202129
202110 20 181732 195993 196007 198382 201734 201739 201804 201816 201817 201820 201822 202101 202104 202105 202112 202113 202114 202115 202116 202129
11557 20 143164 166311 166370 166459 235151 235225 235226 235227 235228 235229 242614 52216 52217 52218 52219 52220 52221 52222 52223 52224
128032 19 121877 128024 128025 128026 128027 128028 128029 128030 128031 128066 128067 128068 128069 128070 128071 128072 128073 128075 59801
202112 20 181732 195993 196007 198382 201734 201739 201804 201816 201817 201820 201822 202101 202104 202105 202110 202113 202114 202115 202116 202129
202113 20 181732 195993 196007 198382 201734 201739 201804 201816 201817 201820 201822 202101 202104 202105 202110 202112 202114 202115 202116 202129
205647 23 14224 217135 217136 217137 217347 219035 219038 219039 219040 219041 219042 219043 219044 219045 219046 219047 219048 219049 219050 219051 51783 58958 58959
128031 20 121877 128024 128025 128026 128027 128028 128029 128030 128032 128066 128067 128068 128069 128070 128071 128072 128073 128075 128346 59801
128030 19 121877 128024 128025 128026 128027 128028 128029 128031 128032 128066 128067 128068 128069 128070 128071 128072 128073 128075 59801
139171 21 117141 137390 139056 139066 139068 139070 139075 139089 139148 139157 139159 139160 139166 139168 139169 139170 20458 7749 82672 89085 89130
139170 26 117141 137390 139056 139066 139068 139070 139075 139089 139148 139157 139159 139160 139161 139162 139163 139164 139165 139166 139168 139169 139171 20458 7749 82672 89085 89130
128029 19 121877 128024 128025 128026 128027 128028 128030 128031 128032 128066 128067 128068 128069 128070 128071 128072 128073 128075 59801
29970 20 250408 250409 250410 250411 250412 29731 29804 29961 29962 29963 29964 29965 29966 29967 29968 29969 7632 7633 97855 99165
201804 20 181732 195993 196007 198382 201734 201739 201816 201817 201820 201822 202101 202104 202105 202110 202112 202113 202114 202115 202116 202129
202129 20 181732 195993 196007 198382 201734 201739 201804 201816 201817 201820 201822 202101 202104 202105 202110 202112 202113 202114 202115 202116
139070 26 117141 137390 139056 139066 139068 139075 139089 139148 139157 139159 139160 139161 139162 139163 139164 139165 139166 139168 139169 139170 139171 20458 7749 82672 89085 89130
202104 20 181732 195993 196007 198382 201734 201739 201804 201816 201817 201820 201822 202101 202105 202110 202112 202113 202114 202115 202116 202129
133859 20 125609 125610 125611 125612 125632 125633 125634 125636 125637 125645 125646 125647 125648 125649 133860 133861 133862 133863 133864 133865
139075 26 117141 137390 139056 139066 139068 139070 139089 139148 139157 139159 139160 139161 139162 139163 139164 139165 139166 139168 139169 139170 139171 20458 7749 82672 89085 89130
202105 20 181732 195993 196007 198382 201734 201739 201804 201816 201817 201820 201822 202101 202104 202110 202112 202113 202114 202115 202116 202129
29965 20 250408 250409 250410 250411 250412 29731 29804 29961 29962 29963 29964 29966 29967 29968 29969 29970 7632 7633 97855 99165
128024 20 121877 128025 128026 128027 128028 128029 128030 128031 128032 128066 128067 128068 128069 128070 128071 128072 128073 128075 247093 59801
29964 20 250408 250409 250410 250411 250412 29731 29804 29961 29962 29963 29965 29966 29967 29968 29969 29970 7632 7633 97855 99165
29967 20 250408 250409 250410 250411 250412 29731 29804 29961 29962 29963 29964 29965 29966 29968 29969 29970 7632 7633 97855 99165
46314 25 101695 101696 1222 123118 125149 1358 14612 14613 14614 40 46306 46308 46310 46312 69272 69273 69274 69275 69276 69277 69278 69279 69280 69281 78840
29966 20 250408 250409 250410 250411 250412 29731 29804 29961 29962 29963 29964 29965 29967 29968 29969 29970 7632 7633 97855 99165
14224 22 205647 217135 217136 217137 217347 219035 219038 219039 219040 219041 219042 219043 219044 219045 219046 219047 219048 219049 219050 219051 51783 58959
29969 20 250408 250409 250410 250411 250412 29731 29804 29961 29962 29963 29964 29965 29966 29967 29968 29970 7632 7633 97855 99165
46312 25 101695 101696 1222 123118 125149 1358 14612 14613 14614 40 46306 46308 46310 46314 69272 69273 69274 69275 69276 69277 69278 69279 69280 69281 78840
128028 19 121877 128024 128025 128026 128027 128029 128030 128031 128032 128066 128067 128068 128069 128070 128071 128072 128073 128075 59801
29968 20 250408 250409 250410 250411 250412 29731 29804 29961 29962 29963 29964 29965 29966 29967 29969 29970 7632 7633 97855 99165
128027 20 121877 128024 128025 128026 128028 128029 128030 128031 128032 128066 128067 128068 128069 128070 128071 128072 128073 128075 247093 59801
46310 25 101695 101696 1222 123118 125149 1358 14612 14613 14614 40 46306 46308 46312 46314 69272 69273 69274 69275 69276 69277 69278 69279 69280 69281 78840
128026 20 121877 128024 128025 128027 128028 128029 128030 128031 128032 128066 128067 128068 128069 128070 128071 128072 128073 128075 247093 59801
128025 20 121877 128024 128026 128027 128028 128029 128030 128031 128032 128066 128067 128068 128069 128070 128071 128072 128073 128075 247093 59801
195993 20 181732 196007 198382 201734 201739 201804 201816 201817 201820 201822 202101 202104 202105 202110 202112 202113 202114 202115 202116 202129
139089 24 117141 137390 139056 139066 139068 139070 139075 139159 139160 139161 139162 139163 139164 139165 139166 139168 139169 139170 139171 20458 7749 82672 89085 89130
202116 20 181732 195993 196007 198382 201734 201739 201804 201816 201817 201820 201822 202101 202104 202105 202110 202112 202113 202114 202115 202129
29961 20 250408 250409 250410 250411 250412 29731 29804 29962 29963 29964 29965 29966 29967 29968 29969 29970 7632 7633 97855 99165
202115 20 181732 195993 196007 198382 201734 201739 201804 201816 201817 201820 201822 202101 202104 202105 202110 202112 202113 202114 202116 202129
29962 20 250408 250409 250410 250411 250412 29731 29804 29961 29963 29964 29965 29966 29967 29968 29969 29970 7632 7633 97855 99165
202114 20 181732 195993 196007 198382 201734 201739 201804 201816 201817 201820 201822 202101 202104 202105 202110 202112 202113 202115 202116 202129
29963 20 250408 250409 250410 250411 250412 29731 29804 29961 29962 29964 29965 29966 29967 29968 29969 29970 7632 7633 97855 99165
82672 23 137390 139056 139066 139068 139070 139075 139089 139148 139157 139159 139160 139161 139162 139163 139164 139165 139166 139168 139169 139170 139171 89085 89130
6261 21 124 125 127 161700 161701 161702 161703 161704 161706 161708 161710 161711 161713 161715 161856 16813 2522 5408 58331 80856 86514
250408 20 250409 250410 250411 250412 29731 29804 29961 29962 29963 29964 29965 29966 29967 29968 29969 29970 7632 7633 97855 99165
250409 20 250408 250410 250411 250412 29731 29804 29961 29962 29963 29964 29965 29966 29967 29968 29969 29970 7632 7633 97855 99165
217135 22 14224 205647 217136 217137 219035 219038 219039 219040 219041 219042 219043 219044 219045 219046 219047 219048 219049 219050 219051 51783 58958 58959
217136 22 14224 205647 217135 217137 219035 219038 219039 219040 219041 219042 219043 219044 219045 219046 219047 219048 219049 219050 219051 51783 58958 58959
217137 22 14224 205647 217135 217136 219035 219038 219039 219040 219041 219042 219043 219044 219045 219046 219047 219048 219049 219050 219051 51783 58958 58959
155672 4 155654 155671 155673 155674
155673 4 155654 155671 155672 155674
16813 20 124 125 127 161700 161701 161702 161703 161704 161706 161708 161710 161711 161713 161715 161856 2522 58331 6261 80856 86514
155674 4 155654 155671 155672 155673
155671 4 155654 155672 155673 155674
250410 20 250408 250409 250411 250412 29731 29804 29961 29962 29963 29964 29965 29966 29967 29968 29969 29970 7632 7633 97855 99165
250411 20 250408 250409 250410 250412 29731 29804 29961 29962 29963 29964 29965 29966 29967 29968 29969 29970 7632 7633 97855 99165
250412 20 250408 250409 250410 250411 29731 29804 29961 29962 29963 29964 29965 29966 29967 29968 29969 29970 7632 7633 97855 99165
166459 20 11557 143164 166311 166370 235151 235225 235226 235227 235228 235229 242614 52216 52217 52218 52219 52220 52221 52222 52223 52224
69279 25 101695 101696 1222 123118 125149 1358 14612 14613 14614 40 46306 46308 46310 46312 46314 69272 69273 69274 69275 69276 69277 69278 69280 69281 78840
69278 25 101695 101696 1222 123118 125149 1358 14612 14613 14614 40 46306 46308 46310 46312 46314 69272 69273 69274 69275 69276 69277 69279 69280 69281 78840
29731 20 250408 250409 250410 250411 250412 29804 29961 29962 29963 29964 29965 29966 29967 29968 29969 29970 7632 7633 97855 99165
117141 22 137390 139056 139066 139068 139070 139075 139089 139148 139157 139159 139160 139161 139162 139163 139164 139165 139166 139168 139169 139170 139171 7749
1222 20 1358 14612 14613 14614 40 46306 46308 46310 46312 46314 69272 69273 69274 69275 69276 69277 69278 69279 69280 69281
69276 25 101695 101696 1222 123118 125149 1358 14612 14613 14614 40 46306 46308 46310 46312 46314 69272 69273 69274 69275 69277 69278 69279 69280 69281 78840
69277 25 101695 101696 1222 123118 125149 1358 14612 14613 14614 40 46306 46308 46310 46312 46314 69272 69273 69274 69275 69276 69278 69279 69280 69281 78840
69274 25 101695 101696 1222 123118 125149 1358 14612 14613 14614 40 46306 46308 46310 46312 46314 69272 69273 69275 69276 69277 69278 69279 69280 69281 78840
69275 25 101695 101696 1222 123118 125149 1358 14612 14613 14614 40 46306 46308 46310 46312 46314 69272 69273 69274 69276 69277 69278 69279 69280 69281 78840
69272 25 101695 101696 1222 123118 125149 1358 14612 14613 14614 40 46306 46308 46310 46312 46314 69273 69274 69275 69276 69277 69278 69279 69280 69281 78840
2522 21 124 125 127 161700 161701 161702 161703 161704 161706 161708 161710 161711 161713 161715 161856 16813 5408 58331 6261 80856 86514
155654 4 155671 155672 155673 155674
69273 25 101695 101696 1222 123118 125149 1358 14612 14613 14614 40 46306 46308 46310 46312 46314 69272 69274 69275 69276 69277 69278 69279 69280 69281 78840
86514 21 124 125 127 161700 161701 161702 161703 161704 161706 161708 161710 161711 161713 161715 161856 16813 2522 5408 58331 6261 80856
1358 25 101695 101696 1222 123118 125149 14612 14613 14614 40 46306 46308 46310 46312 46314 69272 69273 69274 69275 69276 69277 69278 69279 69280 69281 78840
