root 10
rep155672 5
155673 0
155672 0
155671 0
155654 0
155674 0
rep29966 21
250412 0
250411 0
250408 0
29804 0
29964 0
29962 0
29963 0
29970 0
29965 0
29969 0
29966 0
7632 0
97855 0
99165 0
29967 0
250409 0
7633 0
29731 0
29961 0
250410 0
29968 0
rep166459 21
143164 0
235225 0
235228 0
52221 0
11557 0
52219 0
52222 0
235226 0
52216 0
166370 0
52223 0
52220 0
235229 0
235227 0
52218 0
166459 0
52224 0
166311 0
52217 0
235151 0
242614 0
rep217136 24
219051 0
58959 0
217347 0
219047 0
51783 0
205647 0
217136 0
219041 0
219045 0
219049 0
219038 0
217135 0
219043 0
219044 0
217137 0
219046 0
219040 0
14224 0
58958 0
219042 0
219050 0
219039 0
219035 0
219048 0
rep125610 21
125646 0
125648 0
125612 0
125649 0
133864 0
133861 0
125610 0
125647 0
125609 0
133865 0
133862 0
125611 0
133863 0
125645 0
125632 0
125636 0
133859 0
125633 0
125634 0
133860 0
125637 0
rep201820 21
201804 0
181732 0
198382 0
196007 0
201817 0
202129 0
201822 0
201739 0
202114 0
201734 0
202116 0
195993 0
202105 0
201820 0
202104 0
201816 0
202112 0
202113 0
202110 0
202101 0
202115 0
rep101696 29
69279 0
40 0
69278 0
78840 0
69275 0
179646 0
69272 0
101696 0
69274 0
92759 0
1222 0
179669 0
14613 0
101695 0
46306 0
69277 0
69273 0
14612 0
69276 0
125149 0
123118 0
69280 0
46312 0
46314 0
69281 0
46310 0
46308 0
14614 0
1358 0
rep125 22
161701 0
161702 0
127 0
86514 0
2522 0
161856 0
6261 0
161703 0
161706 0
58331 0
161704 0
161700 0
124 0
161710 0
16813 0
125 0
80856 0
161711 0
161708 0
5408 0
161715 0
161713 0
rep121030 21
121031 0
11531 0
121040 0
121041 0
121032 0
121033 0
121035 0
121024 0
121036 0
121025 0
121038 0
121023 0
121022 0
121039 0
121037 0
121028 0
121026 0
121030 0
121027 0
121029 0
121034 0
rep128070 72
128345 0
128031 0
128067 0
139165 0
139089 0
128027 0
139166 0
128029 0
122853 0
128341 0
89085 0
139056 0
128340 0
128343 0
128070 0
128030 0
89130 0
20458 0
128351 0
139163 0
128350 0
128068 0
128349 0
128348 0
139068 0
128354 0
247093 0
139148 0
137390 0
128353 0
139164 0
128339 0
139161 0
128347 0
139169 0
139075 0
7749 0
121877 0
139066 0
128072 0
128026 0
139157 0
128352 0
139170 0
59801 0
128344 0
128075 0
82182 0
139160 0
128028 0
128066 0
128032 0
128338 0
128073 0
62572 0
128342 0
139162 0
139171 0
128071 0
128335 0
128337 0
128024 0
139070 0
59802 0
128346 0
128336 0
139159 0
128025 0
82672 0
139168 0
117141 0
128069 0
