root 123
136374 0
rep216220 15
216220 0
216229 0
216216 0
216232 0
216230 0
216235 0
223968 0
217770 0
216238 0
216219 0
216236 0
216218 0
216226 0
216210 0
216228 0
rep171257 12
171260 0
171257 0
171256 0
171258 0
62699 0
136547 0
104902 0
104903 0
104901 0
104900 0
68390 0
171259 0
rep6268 2
6268 0
6269 0
23218 0
rep128122 11
15910 0
50259 0
33983 0
51447 0
128124 0
128122 0
33982 0
128123 0
128125 0
128121 0
128126 0
68600 0
130247 0
211686 0
rep69662 64
69670 0
69667 0
151693 0
172307 0
172304 0
69663 0
233757 0
139231 0
133028 0
172310 0
139236 0
61645 0
139232 0
151685 0
151552 0
139248 0
135652 0
139234 0
139247 0
69662 0
172312 0
69666 0
18254 0
6516 0
153006 0
139235 0
69669 0
69672 0
135654 0
152980 0
18487 0
139237 0
139230 0
69664 0
151694 0
133025 0
69668 0
151692 0
135653 0
133049 0
172309 0
396 0
151550 0
172305 0
172308 0
135655 0
133024 0
160573 0
61652 0
139306 0
172311 0
19279 0
69665 0
139246 0
151688 0
139233 0
69671 0
151691 0
172306 0
139251 0
172313 0
69661 0
139229 0
139228 0
rep181154 30
181154 0
169685 0
241294 0
58276 0
248934 0
169684 0
58275 0
33886 0
186714 0
186724 0
241297 0
248932 0
248933 0
181153 0
204063 0
241298 0
248931 0
85667 0
14221 0
241293 0
181170 0
241295 0
202955 0
241296 0
248936 0
169681 0
243913 0
241291 0
248935 0
241292 0
244969 0
199086 0
rep130253 2
130253 0
130254 0
238524 0
234703 0
rep126200 49
126233 0
193400 0
14634 0
193396 0
193393 0
253724 0
29830 0
72569 0
29831 0
163393 0
124619 0
124620 0
72573 0
253681 0
253709 0
253725 0
145154 0
72572 0
126203 0
193391 0
193392 0
13974 0
126230 0
126231 0
13973 0
253679 0
116145 0
29828 0
253680 0
218979 0
193395 0
253707 0
193399 0
29829 0
126200 0
116108 0
4009 0
143938 0
126228 0
253708 0
124622 0
8410 0
193397 0
126229 0
143937 0
193394 0
6352 0
58550 0
193398 0
216400 0
rep201644 13
211135 0
211136 0
211139 0
201648 0
211137 0
211118 0
201647 0
201646 0
201649 0
201643 0
211138 0
201644 0
211134 0
194799 0
rep41025 6
5668 0
41025 0
54413 0
41041 0
52918 0
73133 0
rep125794 11
125799 0
125793 0
125795 0
125798 0
125794 0
125797 0
125796 0
78121 0
2577 0
125792 0
125790 0
rep141036 2
141036 0
214826 0
226492 0
rep63416 12
69543 0
69534 0
69537 0
69530 0
62768 0
63997 0
69536 0
69540 0
245062 0
69532 0
63416 0
69521 0
57469 0
155968 0
rep135216 13
135251 0
135252 0
134845 0
135217 0
134848 0
134849 0
134843 0
134847 0
134844 0
134846 0
135215 0
135219 0
135216 0
23225 0
rep179447 3
179448 0
179406 0
179447 0
rep70020 3
70042 0
70025 0
70020 0
219876 0
7531 0
23235 0
rep92223 11
92226 0
92221 0
92224 0
92225 0
92227 0
92229 0
92228 0
928 0
92222 0
91216 0
92223 0
rep61656 11
61660 0
61658 0
114258 0
61663 0
61659 0
257867 0
257868 0
61662 0
61656 0
61661 0
61657 0
16093 0
rep233544 10
234200 0
233867 0
233542 0
233547 0
233544 0
234246 0
234808 0
234308 0
233918 0
234963 0
rep217413 40
215402 0
15422 0
104595 0
6301 0
15303 0
217422 0
239919 0
104596 0
238360 0
15286 0
104742 0
239921 0
217407 0
239922 0
217416 0
239923 0
217428 0
15265 0
6300 0
6386 0
168 0
239924 0
215019 0
239918 0
15321 0
217425 0
238359 0
15438 0
238356 0
217410 0
15337 0
217431 0
217419 0
238357 0
217413 0
238358 0
238355 0
15355 0
217404 0
218005 0
179453 0
rep73793 18
73794 0
7608 0
73790 0
73787 0
65369 0
73785 0
73795 0
73835 0
73788 0
73792 0
73789 0
73796 0
53985 0
73791 0
73786 0
73793 0
39724 0
39723 0
78137 0
rep138672 12
138672 0
138674 0
138675 0
138676 0
138678 0
138673 0
138679 0
138680 0
138677 0
138681 0
38702 0
1223 0
104349 0
126805 0
rep157727 9
6327 0
157728 0
1911 0
157725 0
157727 0
157726 0
167616 0
157729 0
1611 0
rep224 11
52273 0
85312 0
85310 0
52274 0
224 0
85311 0
52275 0
85313 0
46530 0
228849 0
85314 0
rep67089 3
67088 0
67090 0
67089 0
rep157386 32
157398 0
127550 0
157396 0
64442 0
157404 0
157405 0
127556 0
157391 0
157385 0
157395 0
127559 0
157383 0
108170 0
126074 0
127549 0
157394 0
157403 0
127551 0
157393 0
157402 0
127558 0
127555 0
157401 0
157397 0
157384 0
157399 0
127557 0
127552 0
80510 0
157400 0
157386 0
157392 0
rep135958 2
135959 0
135958 0
rep153683 51
153719 0
81464 0
153687 0
154130 0
153680 0
153685 0
153690 0
153723 0
137994 0
153711 0
153688 0
153684 0
153692 0
153663 0
153682 0
153696 0
153715 0
153675 0
153691 0
153714 0
153700 0
153677 0
153699 0
149 0
153664 0
153706 0
153662 0
153702 0
153694 0
153671 0
153686 0
153695 0
153701 0
153670 0
153704 0
153722 0
153678 0
153724 0
153698 0
153679 0
153716 0
153693 0
91560 0
153683 0
153721 0
153669 0
153672 0
153705 0
153708 0
153707 0
153713 0
rep100221 5
132035 0
132036 0
132037 0
100221 0
100222 0
rep13706 10
195793 0
13705 0
216544 0
216542 0
216548 0
216543 0
13706 0
216546 0
216545 0
216547 0
59453 0
rep59759 2
59759 0
59760 0
rep87492 11
87497 0
87500 0
87494 0
87495 0
2210 0
87496 0
87498 0
87493 0
87499 0
87492 0
87491 0
rep181756 10
181869 0
181866 0
181867 0
181755 0
181756 0
181870 0
181864 0
181865 0
181868 0
181754 0
rep37057 11
37067 0
37069 0
37053 0
34388 0
37059 0
37063 0
37055 0
37057 0
37065 0
37071 0
37061 0
213921 0
rep61919 11
61918 0
60233 0
61921 0
61919 0
60529 0
54540 0
60526 0
60527 0
60528 0
60525 0
61920 0
7622 0
151959 0
14937 0
245853 0
1630 0
36042 0
rep162229 37
162231 0
162226 0
162221 0
46074 0
162235 0
162219 0
162233 0
46761 0
162229 0
162234 0
162225 0
33837 0
33836 0
162218 0
178198 0
162224 0
162216 0
178200 0
33840 0
33841 0
178197 0
23052 0
33835 0
178199 0
162223 0
162222 0
162220 0
162236 0
178195 0
33839 0
33838 0
3321 0
162228 0
162227 0
162232 0
162230 0
162217 0
rep228525 4
228525 0
228351 0
228368 0
228526 0
rep171250 2
171250 0
82381 0
rep23152 21
92046 0
4648 0
23147 0
45924 0
92045 0
23145 0
23152 0
92050 0
23143 0
23149 0
23151 0
23146 0
92052 0
23144 0
23150 0
92044 0
92049 0
92047 0
92051 0
92048 0
23148 0
rep174284 11
174285 0
48211 0
176500 0
176497 0
176499 0
153588 0
176501 0
176502 0
174284 0
174286 0
174283 0
rep74667 13
73643 0
74666 0
74668 0
74675 0
74670 0
74669 0
74667 0
74671 0
74674 0
74665 0
74673 0
74672 0
74676 0
25621 0
rep196231 11
196237 0
196534 0
196232 0
161943 0
164934 0
164949 0
196231 0
196233 0
196234 0
196235 0
196236 0
15520 0
113536 0
rep14987 11
77925 0
14990 0
14992 0
14993 0
14987 0
14994 0
14991 0
14983 0
14985 0
14986 0
14989 0
rep242982 3
242741 0
242982 0
45616 0
182727 0
rep225826 2
225826 0
5418 0
133533 0
210979 0
rep77775 45
77794 0
77789 0
183178 0
183183 0
77792 0
183179 0
115073 0
77787 0
77790 0
77785 0
77782 0
107123 0
77786 0
107648 0
77781 0
77784 0
77779 0
107126 0
77778 0
107649 0
183184 0
77795 0
107125 0
183186 0
183180 0
77775 0
183174 0
107127 0
77798 0
183175 0
183187 0
77793 0
77776 0
77777 0
107124 0
77796 0
183177 0
77780 0
183182 0
77788 0
183181 0
77791 0
77783 0
183176 0
183185 0
69484 0
rep201062 10
202281 0
201073 0
201062 0
201051 0
201596 0
202361 0
201598 0
113404 0
200503 0
201251 0
rep215421 16
217046 0
215421 0
215419 0
217047 0
215417 0
69246 0
217044 0
217063 0
50711 0
217045 0
217062 0
217065 0
50674 0
217064 0
50719 0
159236 0
198683 0
rep127043 15
34602 0
127063 0
127044 0
127029 0
61002 0
127048 0
127049 0
127047 0
127051 0
127043 0
127061 0
127045 0
127046 0
127042 0
127062 0
210694 0
rep140239 11
140245 0
140244 0
140247 0
140246 0
140249 0
140241 0
140242 0
140239 0
140248 0
140240 0
140243 0
rep249631 2
249631 0
3274 0
rep109197 11
108714 0
109204 0
109203 0
109201 0
109200 0
109198 0
109199 0
109205 0
109202 0
109206 0
109197 0
rep105505 24
236463 0
239139 0
105508 0
105502 0
239215 0
239086 0
239218 0
239217 0
237252 0
105503 0
105505 0
237202 0
105509 0
105507 0
239235 0
239083 0
105501 0
105504 0
30 0
105506 0
239087 0
239090 0
130571 0
239136 0
239657 0
53582 0
40000 0
rep183073 9
183075 0
183078 0
183071 0
136005 0
183073 0
183077 0
183074 0
183076 0
183072 0
rep73086 11
74991 0
74994 0
36377 0
74996 0
74999 0
75001 0
74992 0
74993 0
75000 0
73086 0
74995 0
rep8859 5
8862 0
8860 0
8863 0
8861 0
8859 0
rep213171 1010
46081 0
237601 0
249815 0
230232 0
235536 0
212446 0
23688 0
33106 0
82832 0
242170 0
165107 0
235643 0
254500 0
94508 0
720 0
224812 0
152273 0
5117 0
131024 0
24794 0
91706 0
1251 0
58947 0
248124 0
179385 0
237609 0
55938 0
235201 0
245704 0
251722 0
224817 0
175527 0
162519 0
38827 0
151964 0
144787 0
175169 0
212215 0
199855 0
166486 0
144802 0
33095 0
35 0
82833 0
1227 0
67152 0
228949 0
120104 0
144809 0
45944 0
96322 0
154445 0
104398 0
249811 0
82838 0
215962 0
96577 0
8619 0
238856 0
2109 0
216249 0
99295 0
195270 0
67155 0
135127 0
242174 0
256140 0
134599 0
194659 0
33093 0
211318 0
206558 0
104396 0
82834 0
240671 0
121262 0
215700 0
31347 0
153142 0
215050 0
256479 0
33111 0
254042 0
224775 0
55396 0
242223 0
164333 0
214706 0
130602 0
61201 0
144811 0
103469 0
135705 0
24089 0
209204 0
584 0
212453 0
77677 0
94429 0
77684 0
24786 0
523 0
99296 0
56000 0
96576 0
33301 0
72850 0
61200 0
351 0
400 0
154442 0
237600 0
246091 0
177533 0
246075 0
153141 0
8683 0
23691 0
36740 0
230632 0
23187 0
34054 0
33585 0
33104 0
10880 0
212427 0
212447 0
253554 0
253555 0
82839 0
1055 0
251670 0
162524 0
58946 0
144786 0
152279 0
303 0
236331 0
135124 0
177553 0
67153 0
161714 0
135122 0
182269 0
237606 0
215493 0
51652 0
212218 0
219282 0
130883 0
10883 0
14313 0
207035 0
246378 0
39599 0
254501 0
51031 0
402 0
212216 0
213197 0
225816 0
160811 0
46080 0
215271 0
209655 0
91646 0
164887 0
249822 0
251573 0
581 0
144805 0
135100 0
28895 0
593 0
165029 0
91647 0
254717 0
51335 0
212450 0
131029 0
154435 0
51702 0
55999 0
46929 0
10099 0
97325 0
206560 0
46930 0
135125 0
51728 0
58950 0
215698 0
254716 0
67156 0
70939 0
24788 0
162614 0
248139 0
255359 0
65844 0
144788 0
249818 0
232751 0
135764 0
238854 0
255403 0
77593 0
175525 0
242194 0
56115 0
238866 0
104272 0
164294 0
58948 0
255323 0
162518 0
120103 0
34296 0
22267 0
158057 0
66004 0
182276 0
172367 0
33429 0
224815 0
221217 0
91203 0
23186 0
243343 0
168184 0
990 0
255400 0
196416 0
144784 0
5940 0
8585 0
99291 0
6218 0
144803 0
46079 0
233276 0
96581 0
252756 0
240917 0
250248 0
16921 0
187782 0
65851 0
51699 0
165626 0
224811 0
240840 0
250470 0
17533 0
228716 0
257249 0
99294 0
2799 0
246079 0
38825 0
99293 0
33099 0
51701 0
221857 0
24789 0
103473 0
1370 0
130598 0
257248 0
83221 0
220483 0
104399 0
33097 0
58945 0
193507 0
134370 0
256958 0
38831 0
65849 0
165087 0
84938 0
230636 0
96578 0
207031 0
238873 0
11655 0
91708 0
215007 0
135141 0
238860 0
238853 0
152276 0
252755 0
246362 0
215877 0
213205 0
144781 0
4736 0
51731 0
224706 0
10100 0
161709 0
67158 0
2808 0
240572 0
194658 0
194674 0
248137 0
2110 0
215048 0
91709 0
66002 0
243344 0
1006 0
77678 0
122111 0
215510 0
15525 0
212428 0
34049 0
1452 0
72827 0
91643 0
206555 0
100037 0
211014 0
209918 0
250469 0
250245 0
34048 0
124985 0
144785 0
23477 0
70914 0
230051 0
230231 0
253557 0
61202 0
125045 0
207377 0
91204 0
164884 0
144782 0
212217 0
246074 0
227413 0
193231 0
162611 0
251664 0
3992 0
23188 0
82732 0
58952 0
217694 0
94648 0
55523 0
24793 0
51650 0
165125 0
34053 0
583 0
152277 0
215272 0
79559 0
58949 0
5187 0
247824 0
209210 0
46931 0
240523 0
79978 0
69 0
212451 0
82831 0
99297 0
247937 0
238855 0
246676 0
216250 0
248142 0
238863 0
65999 0
135110 0
98958 0
51700 0
162523 0
63524 0
24792 0
164733 0
14105 0
6005 0
188686 0
33107 0
161705 0
58951 0
238875 0
248125 0
246281 0
38832 0
2529 0
207383 0
166307 0
77681 0
37308 0
248143 0
245703 0
38824 0
104392 0
209203 0
165627 0
154443 0
247940 0
238245 0
15533 0
7500 0
8275 0
255358 0
162613 0
246095 0
33103 0
243287 0
234017 0
104400 0
48674 0
1252 0
96574 0
154439 0
254523 0
3215 0
91823 0
103471 0
246720 0
230637 0
57168 0
61204 0
130556 0
225199 0
212445 0
2266 0
215143 0
24102 0
162612 0
96575 0
194598 0
162609 0
91639 0
14312 0
62728 0
34051 0
164368 0
130817 0
194812 0
66006 0
246370 0
51942 0
10881 0
91634 0
242193 0
246103 0
131451 0
20639 0
165127 0
33098 0
162622 0
246083 0
162615 0
38826 0
131022 0
18900 0
246369 0
174183 0
66884 0
255322 0
243345 0
163511 0
135128 0
246361 0
64216 0
164554 0
144804 0
77592 0
246675 0
34052 0
55524 0
2295 0
127346 0
165068 0
195379 0
179951 0
33096 0
238874 0
2293 0
242173 0
152278 0
233280 0
244911 0
246684 0
120102 0
224818 0
144779 0
65852 0
27468 0
246371 0
207032 0
240733 0
224816 0
165628 0
185370 0
175434 0
251666 0
62153 0
82835 0
66739 0
33110 0
224696 0
10026 0
301 0
248136 0
84917 0
62994 0
6752 0
67159 0
252735 0
162192 0
15528 0
215961 0
100009 0
237126 0
238859 0
242378 0
145568 0
224615 0
168182 0
434 0
152280 0
99298 0
240735 0
33304 0
49774 0
103466 0
256478 0
24790 0
225145 0
29581 0
237351 0
240916 0
256141 0
251579 0
14311 0
144812 0
56121 0
238865 0
215969 0
67154 0
91645 0
161205 0
235534 0
23481 0
152274 0
236843 0
91637 0
51698 0
56126 0
59968 0
104394 0
79955 0
96272 0
65091 0
166575 0
230233 0
79979 0
38548 0
243288 0
103969 0
166252 0
33108 0
94504 0
5638 0
135129 0
255344 0
175552 0
224814 0
246377 0
246343 0
254448 0
103465 0
80014 0
154441 0
154448 0
246682 0
58 0
77683 0
168181 0
24141 0
34055 0
246277 0
240734 0
945 0
17281 0
211377 0
144808 0
135044 0
131030 0
6068 0
33100 0
82837 0
5448 0
245605 0
65855 0
166574 0
154440 0
104393 0
77680 0
246342 0
91642 0
33816 0
233275 0
129339 0
233278 0
99292 0
246282 0
144807 0
54436 0
213714 0
242195 0
96 0
7678 0
94430 0
77679 0
33101 0
131025 0
66003 0
230638 0
24024 0
251665 0
66005 0
212454 0
249812 0
165009 0
210956 0
104397 0
33094 0
255321 0
54435 0
23690 0
251574 0
991 0
124990 0
242207 0
23689 0
152275 0
10889 0
1037 0
236330 0
246344 0
252753 0
14106 0
206559 0
238867 0
135123 0
250250 0
124984 0
209206 0
91640 0
243953 0
253556 0
3961 0
238851 0
61203 0
207378 0
124993 0
215051 0
154446 0
24050 0
235648 0
55527 0
212452 0
251721 0
65850 0
215575 0
38830 0
72376 0
162522 0
193827 0
246345 0
135120 0
62744 0
55208 0
165066 0
91707 0
255421 0
56239 0
210955 0
14580 0
65846 0
65853 0
467 0
215970 0
51675 0
238869 0
1969 0
232752 0
23476 0
230633 0
242169 0
72856 0
78442 0
1057 0
212448 0
217444 0
82830 0
24076 0
194450 0
238850 0
33112 0
162525 0
10887 0
246099 0
91710 0
249821 0
206557 0
230634 0
31363 0
212120 0
38823 0
242784 0
135121 0
91638 0
127344 0
125037 0
23446 0
165048 0
243347 0
235487 0
91635 0
250249 0
103472 0
209209 0
24037 0
82836 0
238240 0
22958 0
194953 0
577 0
246278 0
33109 0
206562 0
23443 0
49084 0
215008 0
251668 0
162190 0
221216 0
139279 0
213171 0
23445 0
420 0
154444 0
67157 0
24787 0
156552 0
103468 0
215699 0
66633 0
159797 0
117158 0
77682 0
55525 0
57208 0
252652 0
252464 0
1250 0
58944 0
215270 0
249810 0
55526 0
51308 0
34050 0
7425 0
98832 0
238868 0
79998 0
138880 0
179986 0
219 0
246348 0
195329 0
251663 0
225197 0
23480 0
254447 0
55998 0
152281 0
91644 0
7556 0
65843 0
3188 0
246690 0
180260 0
224956 0
255360 0
251578 0
246372 0
48673 0
249741 0
112798 0
65848 0
211394 0
103470 0
242641 0
252754 0
77336 0
23482 0
125039 0
3269 0
215057 0
77687 0
76393 0
182270 0
252736 0
293 0
103467 0
251667 0
51729 0
214887 0
51697 0
217274 0
215058 0
91202 0
80359 0
24966 0
215047 0
256991 0
70 0
182712 0
57204 0
243071 0
209205 0
173758 0
224774 0
224810 0
10098 0
249820 0
227280 0
2296 0
456 0
251580 0
195271 0
103464 0
162610 0
209202 0
216248 0
246087 0
168185 0
7814 0
144780 0
244003 0
104395 0
38828 0
207034 0
246681 0
211857 0
54429 0
15532 0
144783 0
160812 0
34056 0
251576 0
235670 0
71355 0
249816 0
33105 0
131023 0
2294 0
209208 0
238857 0
8292 0
250246 0
236854 0
91641 0
177523 0
246076 0
235535 0
102572 0
215817 0
194186 0
253559 0
65845 0
64989 0
164288 0
23444 0
162616 0
91205 0
141450 0
53737 0
225198 0
10064 0
225196 0
22996 0
235489 0
302 0
209207 0
250247 0
212449 0
88911 0
224808 0
51730 0
212214 0
243346 0
162624 0
96573 0
24115 0
165105 0
242171 0
91636 0
224616 0
59841 0
237610 0
131026 0
130517 0
237599 0
128470 0
250474 0
77685 0
211856 0
15530 0
212219 0
38829 0
138135 0
230631 0
1263 0
165027 0
1399 0
241909 0
166251 0
2387 0
215049 0
215494 0
162623 0
195019 0
147875 0
240841 0
238876 0
144806 0
109720 0
235199 0
10065 0
59967 0
99299 0
144810 0
82784 0
80132 0
238852 0
78898 0
24128 0
67151 0
23479 0
325 0
8615 0
182715 0
65713 0
238864 0
230635 0
237427 0
251575 0
2260 0
80791 0
1253 0
56119 0
135126 0
5176 0
248133 0
154436 0
211013 0
2524 0
215512 0
162521 0
139280 0
182714 0
245606 0
131028 0
66001 0
11558 0
91705 0
23478 0
254449 0
124110 0
249817 0
4166 0
99300 0
238861 0
24791 0
152272 0
224813 0
251577 0
242292 0
233277 0
224717 0
55522 0
252463 0
182365 0
228 0
24063 0
131027 0
237602 0
33102 0
65847 0
251669 0
254502 0
58943 0
rep184854 9
86279 0
86281 0
183141 0
184854 0
86280 0
183167 0
184853 0
86282 0
183206 0
rep126908 19
126914 0
124180 0
124176 0
126912 0
126908 0
124179 0
126915 0
124178 0
124175 0
126916 0
126913 0
126911 0
124177 0
124181 0
126910 0
49407 0
126907 0
126909 0
126906 0
rep33436 10
33439 0
33438 0
33441 0
33437 0
33436 0
33442 0
33440 0
33443 0
212 0
33444 0
rep241174 11
241181 0
241182 0
241175 0
241177 0
241178 0
241176 0
241180 0
241179 0
241183 0
241174 0
241173 0
rep254433 13
254437 0
254431 0
254436 0
254296 0
254439 0
254435 0
254441 0
254432 0
254433 0
254430 0
254438 0
254440 0
125910 0
rep18282 19
113522 0
18766 0
111117 0
109492 0
27889 0
197308 0
27894 0
226477 0
27893 0
18282 0
109933 0
27892 0
27895 0
197309 0
106305 0
27890 0
111211 0
27891 0
113116 0
201819 0
114635 0
220508 0
rep233346 2
233346 0
234900 0
25629 0
57087 0
rep128574 22
128575 0
128572 0
128576 0
128573 0
35013 0
45756 0
128318 0
128577 0
147630 0
35017 0
128579 0
35020 0
35012 0
128578 0
35023 0
147631 0
128574 0
35018 0
147629 0
35022 0
128570 0
128571 0
249120 0
rep107776 10
107776 0
107773 0
107779 0
107777 0
107772 0
107774 0
107780 0
107778 0
107775 0
107781 0
rep105687 2
106169 0
105687 0
217993 0
rep177194 10
177194 0
177247 0
177245 0
177231 0
176253 0
177372 0
177246 0
177195 0
177374 0
177376 0
180222 0
214397 0
rep244360 3
244361 0
244363 0
244360 0
120070 0
59765 0
