86140 0
244138 27 244116 244117 244118 244119 244120 244121 244122 244123 244124 244125 244126 244127 244128 244129 244130 244131 244132 244133 244134 244135 244136 244137 244139 244140 244141 244142 244143
244139 27 244116 244117 244118 244119 244120 244121 244122 244123 244124 244125 244126 244127 244128 244129 244130 244131 244132 244133 244134 244135 244136 244137 244138 244140 244141 244142 244143
244134 27 244116 244117 244118 244119 244120 244121 244122 244123 244124 244125 244126 244127 244128 244129 244130 244131 244132 244133 244135 244136 244137 244138 244139 244140 244141 244142 244143
244116 27 244117 244118 244119 244120 244121 244122 244123 244124 244125 244126 244127 244128 244129 244130 244131 244132 244133 244134 244135 244136 244137 244138 244139 244140 244141 244142 244143
244135 27 244116 244117 244118 244119 244120 244121 244122 244123 244124 244125 244126 244127 244128 244129 244130 244131 244132 244133 244134 244136 244137 244138 244139 244140 244141 244142 244143
244117 27 244116 244118 244119 244120 244121 244122 244123 244124 244125 244126 244127 244128 244129 244130 244131 244132 244133 244134 244135 244136 244137 244138 244139 244140 244141 244142 244143
244136 27 244116 244117 244118 244119 244120 244121 244122 244123 244124 244125 244126 244127 244128 244129 244130 244131 244132 244133 244134 244135 244137 244138 244139 244140 244141 244142 244143
244118 27 244116 244117 244119 244120 244121 244122 244123 244124 244125 244126 244127 244128 244129 244130 244131 244132 244133 244134 244135 244136 244137 244138 244139 244140 244141 244142 244143
244137 27 244116 244117 244118 244119 244120 244121 244122 244123 244124 244125 244126 244127 244128 244129 244130 244131 244132 244133 244134 244135 244136 244138 244139 244140 244141 244142 244143
244119 27 244116 244117 244118 244120 244121 244122 244123 244124 244125 244126 244127 244128 244129 244130 244131 244132 244133 244134 244135 244136 244137 244138 244139 244140 244141 244142 244143
244142 27 244116 244117 244118 244119 244120 244121 244122 244123 244124 244125 244126 244127 244128 244129 244130 244131 244132 244133 244134 244135 244136 244137 244138 244139 244140 244141 244143
244141 27 244116 244117 244118 244119 244120 244121 244122 244123 244124 244125 244126 244127 244128 244129 244130 244131 244132 244133 244134 244135 244136 244137 244138 244139 244140 244142 244143
244143 27 244116 244117 244118 244119 244120 244121 244122 244123 244124 244125 244126 244127 244128 244129 244130 244131 244132 244133 244134 244135 244136 244137 244138 244139 244140 244141 244142
244120 27 244116 244117 244118 244119 244121 244122 244123 244124 244125 244126 244127 244128 244129 244130 244131 244132 244133 244134 244135 244136 244137 244138 244139 244140 244141 244142 244143
244140 27 244116 244117 244118 244119 244120 244121 244122 244123 244124 244125 244126 244127 244128 244129 244130 244131 244132 244133 244134 244135 244136 244137 244138 244139 244141 244142 244143
213646 1 213647
244122 27 244116 244117 244118 244119 244120 244121 244123 244124 244125 244126 244127 244128 244129 244130 244131 244132 244133 244134 244135 244136 244137 244138 244139 244140 244141 244142 244143
213647 1 213646
244121 27 244116 244117 244118 244119 244120 244122 244123 244124 244125 244126 244127 244128 244129 244130 244131 244132 244133 244134 244135 244136 244137 244138 244139 244140 244141 244142 244143
7529 1 7530
244129 27 244116 244117 244118 244119 244120 244121 244122 244123 244124 244125 244126 244127 244128 244130 244131 244132 244133 244134 244135 244136 244137 244138 244139 244140 244141 244142 244143
214947 0
244127 27 244116 244117 244118 244119 244120 244121 244122 244123 244124 244125 244126 244128 244129 244130 244131 244132 244133 244134 244135 244136 244137 244138 244139 244140 244141 244142 244143
244128 27 244116 244117 244118 244119 244120 244121 244122 244123 244124 244125 244126 244127 244129 244130 244131 244132 244133 244134 244135 244136 244137 244138 244139 244140 244141 244142 244143
244125 27 244116 244117 244118 244119 244120 244121 244122 244123 244124 244126 244127 244128 244129 244130 244131 244132 244133 244134 244135 244136 244137 244138 244139 244140 244141 244142 244143
244126 27 244116 244117 244118 244119 244120 244121 244122 244123 244124 244125 244127 244128 244129 244130 244131 244132 244133 244134 244135 244136 244137 244138 244139 244140 244141 244142 244143
244123 27 244116 244117 244118 244119 244120 244121 244122 244124 244125 244126 244127 244128 244129 244130 244131 244132 244133 244134 244135 244136 244137 244138 244139 244140 244141 244142 244143
244124 27 244116 244117 244118 244119 244120 244121 244122 244123 244125 244126 244127 244128 244129 244130 244131 244132 244133 244134 244135 244136 244137 244138 244139 244140 244141 244142 244143
244133 27 244116 244117 244118 244119 244120 244121 244122 244123 244124 244125 244126 244127 244128 244129 244130 244131 244132 244134 244135 244136 244137 244138 244139 244140 244141 244142 244143
22004 2 22005 22006
244132 27 244116 244117 244118 244119 244120 244121 244122 244123 244124 244125 244126 244127 244128 244129 244130 244131 244133 244134 244135 244136 244137 244138 244139 244140 244141 244142 244143
22005 2 22004 22006
244131 27 244116 244117 244118 244119 244120 244121 244122 244123 244124 244125 244126 244127 244128 244129 244130 244132 244133 244134 244135 244136 244137 244138 244139 244140 244141 244142 244143
22006 3 22004 22005 22009
244130 27 244116 244117 244118 244119 244120 244121 244122 244123 244124 244125 244126 244127 244128 244129 244131 244132 244133 244134 244135 244136 244137 244138 244139 244140 244141 244142 244143
22010 1 22009
7530 1 7529
22009 2 22006 22010
1359 0
