179665 25 179642 179643 179644 179645 179664 179667 179668 179670 179671 179672 179688 179689 179690 179691 179692 179693 179694 179695 179696 179700 179702 179704 6881 7304 85987
179664 25 179642 179643 179644 179645 179665 179667 179668 179670 179671 179672 179688 179689 179690 179691 179692 179693 179694 179695 179696 179700 179702 179704 6881 7304 85987
179645 25 179642 179643 179644 179664 179665 179667 179668 179670 179671 179672 179688 179689 179690 179691 179692 179693 179694 179695 179696 179700 179702 179704 6881 7304 85987
179644 25 179642 179643 179645 179664 179665 179667 179668 179670 179671 179672 179688 179689 179690 179691 179692 179693 179694 179695 179696 179700 179702 179704 6881 7304 85987
179643 25 179642 179644 179645 179664 179665 179667 179668 179670 179671 179672 179688 179689 179690 179691 179692 179693 179694 179695 179696 179700 179702 179704 6881 7304 85987
179668 25 179642 179643 179644 179645 179664 179665 179667 179670 179671 179672 179688 179689 179690 179691 179692 179693 179694 179695 179696 179700 179702 179704 6881 7304 85987
179642 25 179643 179644 179645 179664 179665 179667 179668 179670 179671 179672 179688 179689 179690 179691 179692 179693 179694 179695 179696 179700 179702 179704 6881 7304 85987
179667 25 179642 179643 179644 179645 179664 179665 179668 179670 179671 179672 179688 179689 179690 179691 179692 179693 179694 179695 179696 179700 179702 179704 6881 7304 85987
179696 25 179642 179643 179644 179645 179664 179665 179667 179668 179670 179671 179672 179688 179689 179690 179691 179692 179693 179694 179695 179700 179702 179704 6881 7304 85987
179672 25 179642 179643 179644 179645 179664 179665 179667 179668 179670 179671 179688 179689 179690 179691 179692 179693 179694 179695 179696 179700 179702 179704 6881 7304 85987
179670 25 179642 179643 179644 179645 179664 179665 179667 179668 179671 179672 179688 179689 179690 179691 179692 179693 179694 179695 179696 179700 179702 179704 6881 7304 85987
179671 25 179642 179643 179644 179645 179664 179665 179667 179668 179670 179672 179688 179689 179690 179691 179692 179693 179694 179695 179696 179700 179702 179704 6881 7304 85987
179702 25 179642 179643 179644 179645 179664 179665 179667 179668 179670 179671 179672 179688 179689 179690 179691 179692 179693 179694 179695 179696 179700 179704 6881 7304 85987
179700 25 179642 179643 179644 179645 179664 179665 179667 179668 179670 179671 179672 179688 179689 179690 179691 179692 179693 179694 179695 179696 179702 179704 6881 7304 85987
179691 25 179642 179643 179644 179645 179664 179665 179667 179668 179670 179671 179672 179688 179689 179690 179692 179693 179694 179695 179696 179700 179702 179704 6881 7304 85987
179690 25 179642 179643 179644 179645 179664 179665 179667 179668 179670 179671 179672 179688 179689 179691 179692 179693 179694 179695 179696 179700 179702 179704 6881 7304 85987
179693 25 179642 179643 179644 179645 179664 179665 179667 179668 179670 179671 179672 179688 179689 179690 179691 179692 179694 179695 179696 179700 179702 179704 6881 7304 85987
179692 25 179642 179643 179644 179645 179664 179665 179667 179668 179670 179671 179672 179688 179689 179690 179691 179693 179694 179695 179696 179700 179702 179704 6881 7304 85987
179704 25 179642 179643 179644 179645 179664 179665 179667 179668 179670 179671 179672 179688 179689 179690 179691 179692 179693 179694 179695 179696 179700 179702 6881 7304 85987
179695 25 179642 179643 179644 179645 179664 179665 179667 179668 179670 179671 179672 179688 179689 179690 179691 179692 179693 179694 179696 179700 179702 179704 6881 7304 85987
6881 25 179642 179643 179644 179645 179664 179665 179667 179668 179670 179671 179672 179688 179689 179690 179691 179692 179693 179694 179695 179696 179700 179702 179704 7304 85987
179694 25 179642 179643 179644 179645 179664 179665 179667 179668 179670 179671 179672 179688 179689 179690 179691 179692 179693 179695 179696 179700 179702 179704 6881 7304 85987
7304 25 179642 179643 179644 179645 179664 179665 179667 179668 179670 179671 179672 179688 179689 179690 179691 179692 179693 179694 179695 179696 179700 179702 179704 6881 85987
179688 25 179642 179643 179644 179645 179664 179665 179667 179668 179670 179671 179672 179689 179690 179691 179692 179693 179694 179695 179696 179700 179702 179704 6881 7304 85987
179689 25 179642 179643 179644 179645 179664 179665 179667 179668 179670 179671 179672 179688 179690 179691 179692 179693 179694 179695 179696 179700 179702 179704 6881 7304 85987
85987 25 179642 179643 179644 179645 179664 179665 179667 179668 179670 179671 179672 179688 179689 179690 179691 179692 179693 179694 179695 179696 179700 179702 179704 6881 7304
