253333 25 1590 1631 100683 231574 231575 232543 214899 20992 233554 214727 234696 141523 235862 214825 235873 241660 247027 288 247561 322 248920 383 247192 60455 253318
46063 9 114165 111389 111045 114166 111036 114167 114168 114169 114170
114169 9 46063 114165 111389 111045 114166 111036 114167 114168 114170
105282 10 103854 104335 105041 105078 105122 105142 105237 104479 104494 104657
254412 22 1590 1631 100683 231574 231575 232542 214899 230607 20992 232498 214727 81172 214752 141523 214825 235862 288 322 383 249413 60455 254413
133535 12 133525 133526 133527 133528 133529 133530 133531 133532 133534 133536 133537 133538
254413 27 1590 1631 100683 231574 231575 232543 214899 20992 233554 214727 234696 141523 235862 214825 235873 241660 247027 288 247561 322 248920 383 247192 60455 253318 253705 254412
107353 0
133536 12 133525 133526 133527 133528 133529 133530 133531 133532 133534 133535 133537 133538
133534 12 133525 133526 133527 133528 133529 133530 133531 133532 133535 133536 133537 133538
133531 7 133525 133526 133527 133528 133529 133530 133532
133532 7 133525 133526 133527 133528 133529 133530 133531
133530 7 133525 133526 133527 133528 133529 133531 133532
55640 13 102669 102685 54899 55641 55642 122840 160093 160094 196563 120 788 23416 59015
151964 10 151965 151966 164887 165009 165029 165048 165068 165087 165107 165127
55641 12 54899 55640 102669 102685 122840 160093 160094 196563 120 788 23416 59015
151965 0
55642 15 54899 122840 55640 55641 102669 102685 117804 160093 160094 196563 196564 120 788 23416 59015
133539 16 133525 133526 133527 133528 133529 133530 133531 133532 133534 133535 133536 133537 133538 133541 133542 133543
151966 0
165064 9 165065 4526 165006 165025 165045 165084 165103 165123 164731
133537 12 133525 133526 133527 133528 133529 133530 133531 133532 133534 133535 133536 133538
165065 9 165064 4526 165007 165026 165046 165085 165104 165124 164732
114170 9 46063 114165 111389 111045 114166 111036 114167 114168 114169
133538 12 133525 133526 133527 133528 133529 133530 133531 133532 133534 133535 133536 133537
165047 7 165008 165028 165067 165086 165106 165126 151959
47209 9 7310 47336 47522 56020 90771 175885 91998 175886 175887
215796 15 81 199205 199296 199883 2845 3018 3019 145545 145546 145547 145548 145549 145550 215703 216368
165046 9 165045 4526 165007 165026 165065 165085 165104 165124 164732
203 0
165045 9 165046 4526 165006 165025 165064 165084 165103 165123 164731
237593 12 203 196020 235791 236104 237270 237271 237591 239660 239663 239665 239931 239934
47522 10 74378 47336 56020 47209 7310 90771 175885 91998 175886 175887
165048 8 164887 165009 165029 165068 165087 165107 165127 151964
235862 13 1590 100683 231574 231575 232542 214899 230607 20992 232498 214727 81172 214752 141523
195313 7 195152 85787 118277 74377 195160 195162 195818
237591 10 203 196020 235791 236104 237270 237271 237593 239660 239931 239934
54899 3 27868 27868 122840
99645 11 216 3132 39943 216 218 80709 221 8460 8462 8463 139566
133525 3 133526 133527 133528
114168 9 46063 114165 111389 111045 114166 111036 114167 114169 114170
1590 0
114167 9 46063 114165 111389 111045 114166 111036 114168 114169 114170
114166 9 46063 114165 111389 111045 111036 114167 114168 114169 114170
240620 3 240537 240606 240619
114165 9 46063 111389 111045 114166 111036 114167 114168 114169 114170
96526 10 203 95952 96887 95953 95954 96888 96889 96890 95955 95956
2845 9 3018 3019 145545 145546 145547 145548 145549 145550 81
13705 9 216542 13706 216543 216544 216545 216546 216547 216548 195793
13706 9 216542 216543 216544 216545 13705 216546 216547 216548 195793
240764 11 240537 240606 240619 240620 240668 240669 240670 240672 240695 240751 240755
133526 3 133525 133527 133528
133527 3 133525 133526 133528
133528 3 133525 133526 133527
133529 7 133525 133526 133527 133528 133530 133531 133532
249413 23 1590 1631 100683 231574 231575 232543 214899 20992 233554 214727 234696 141523 235862 214825 235873 241660 247027 288 247561 322 248920 383 247192
47336 9 7310 47522 47209 56020 90771 175885 91998 175886 175887
246518 20 1590 100683 231574 231575 232543 214899 20992 233554 214727 234696 141523 235862 214825 235873 242324 242572 242576 243622 244001 244002
216 10 3132 39943 99645 218 80709 221 8460 8462 8463 139566
107781 10 107353 107772 107773 107774 107775 107776 107777 107778 107779 107780
81172 2 1590 20992
107780 10 107353 107772 107773 107774 107775 107776 107777 107778 107779 107781
218 10 3132 39943 99645 216 80709 221 8460 8462 8463 139566
247192 20 1590 1631 100683 231574 231575 232542 214899 230607 20992 232498 214727 81172 214752 141523 214825 235862 288 322 383 249413
240755 10 240537 240606 240619 240620 240668 240669 240670 240672 240695 240751
234696 10 1590 100683 231574 231575 232542 214899 230607 20992 232498 214727
104479 10 103854 105041 105078 105122 105142 105237 104335 104494 104657 105282
114197 8 27926 36355 37027 74829 105809 109906 162741 228074
105122 10 103854 105041 105078 105142 105237 104335 104479 104494 104657 105282
165084 9 165085 4526 165006 165025 165045 165064 165103 165123 164731
165085 9 165084 4526 165007 165026 165046 165065 165104 165124 164732
165086 7 165008 165028 165047 165067 165106 165126 151959
214899 1 141523
165087 8 164887 165009 165029 165048 165068 165107 165127 151964
107778 10 107353 107772 107773 107774 107775 107776 107777 107779 107780 107781
107779 10 107353 107772 107773 107774 107775 107776 107777 107778 107780 107781
240751 9 240537 240606 240619 240620 240668 240669 240670 240672 240695
240906 13 240537 240606 240619 240620 240668 240669 240670 240672 240695 240751 240755 240764 240905
107777 10 107353 107772 107773 107774 107775 107776 107778 107779 107780 107781
240905 12 240537 240606 240619 240620 240668 240669 240670 240672 240695 240751 240755 240764
221 10 3132 39943 99645 216 218 80709 8460 8462 8463 139566
107776 10 107353 107772 107773 107774 107775 107777 107778 107779 107780 107781
111045 9 46063 114165 111389 114166 111036 114167 114168 114169 114170
240062 13 203 196020 236104 235791 237591 237593 237270 237271 239660 239663 239665 239931 239934
225323 9 213179 213365 216258 217725 217726 222175 222178 222179 225317
107775 10 107353 107772 107773 107774 107776 107777 107778 107779 107780 107781
244931 20 1590 100683 231574 231575 232543 214899 20992 233554 214727 234696 141523 235862 214825 235873 242324 242572 242576 243622 244001 244002
107774 10 107353 107772 107773 107775 107776 107777 107778 107779 107780 107781
107773 10 107353 107772 107774 107775 107776 107777 107778 107779 107780 107781
165068 8 164887 165009 165029 165048 165087 165107 165127 151964
107772 10 107353 107773 107774 107775 107776 107777 107778 107779 107780 107781
165107 8 164887 165009 165029 165048 165068 165087 165127 151964
165067 7 165008 165028 165047 165086 165106 165126 151959
179638 18 10527 102208 179290 179292 179294 179449 179450 179451 179452 179552 179553 179587 179588 179589 179590 179591 179592 179593
7318 10 27926 36355 37027 74829 105809 109906 111006 114197 162741 228074
179639 19 10527 102208 179290 179292 179294 179449 179450 179451 179452 179552 179553 179587 179588 179589 179590 179591 179592 179593 179638
165106 7 165008 165028 165047 165067 165086 165126 151959
165103 9 165104 4526 165006 165025 165045 165064 165084 165123 164731
165104 9 165103 4526 165007 165026 165046 165065 165085 165124 164732
213109 5 213108 213110 213111 213112 213113
104494 8 103854 104335 105041 105078 105122 105142 105237 104479
213108 5 213109 213110 213111 213112 213113
322 3 288 383 60455
213112 5 213108 213109 213110 213111 213113
27868 2 54899 7953
213113 5 213108 213109 213110 213111 213112
213110 5 213108 213109 213111 213112 213113
80709 10 3132 39943 99645 216 218 221 8460 8462 8463 139566
213111 5 213108 213109 213110 213112 213113
196020 7 203 235791 236104 237270 237591 237593 239660
225317 9 213179 213365 216258 217725 217726 222175 222178 222179 225323
236104 7 203 196020 235791 237270 237591 237593 239660
237271 7 203 196020 236104 235791 237270 237591 237593
237270 13 203 196020 235791 236104 237271 237591 237593 239660 239663 239665 239931 239934 240062
179640 20 10527 102208 179290 179292 179294 179449 179450 179451 179452 179552 179553 179587 179588 179589 179590 179591 179592 179593 179638 179639
222175 9 213179 213365 216258 217725 217726 222178 222179 225317 225323
102678 19 102677 27868 54899 55640 55641 102669 102685 117804 122840 122841 160093 160094 196563 196564 102669 120 788 23416 59015
34049 9 31347 34048 34050 34051 34052 34053 34054 34055 34056
102679 18 27868 54899 55640 55641 102669 102685 117804 122840 122841 160093 160094 196563 196564 102680 120 788 23416 59015
240537 0
102674 18 102673 27868 54899 55640 55641 102669 102685 117804 122840 122841 160093 160094 196563 196564 120 788 23416 59015
102675 18 27868 54899 55640 55641 102669 102685 117804 122840 122841 160093 160094 196563 196564 102676 120 788 23416 59015
91998 9 175885 175886 47209 7310 47336 47522 56020 90771 175887
34048 9 31347 34049 34050 34051 34052 34053 34054 34055 34056
102676 18 102675 27868 54899 55640 55641 102669 102685 117804 122840 122841 160093 160094 196563 196564 120 788 23416 59015
102677 18 27868 54899 55640 55641 102669 102685 117804 122840 122841 160093 160094 196563 196564 102678 120 788 23416 59015
241660 15 1590 100683 231574 231575 232542 214899 230607 20992 232498 214727 81172 214752 141523 214825 235862
230607 6 1590 100683 231574 231575 232543 214899
253705 21 1590 1631 100683 231574 231575 232542 214899 230607 20992 232498 214727 81172 214752 141523 214825 235862 288 322 383 249413 60455
8463 10 3132 39943 99645 216 218 80709 221 8460 8462 139566
253706 26 1590 1631 100683 231574 231575 232543 214899 20992 233554 214727 234696 141523 235862 214825 235873 241660 247027 288 247561 322 248920 383 247192 60455 253318 253705
8462 10 3132 39943 99645 216 218 80709 221 8460 8463 139566
105237 10 103854 105041 105078 105122 105142 104335 104479 104494 104657 105282
102682 18 102681 27868 54899 55640 55641 102669 102685 117804 122840 122841 160093 160094 196563 196564 120 788 23416 59015
105142 10 103854 105041 105078 105122 105237 104335 104479 104494 104657 105282
247027 16 1590 1631 100683 231574 231575 232542 214899 230607 20992 232498 214727 81172 214752 141523 214825 235862
240672 7 240537 240606 240619 240620 240668 240669 240670
102681 18 27868 54899 55640 55641 102669 102685 117804 122840 122841 160093 160094 196563 196564 102682 120 788 23416 59015
102684 18 102683 27868 54899 55640 55641 102669 102685 117804 122840 122841 160093 160094 196563 196564 120 788 23416 59015
105041 10 103854 105078 105122 105142 105237 104335 104479 104494 104657 105282
240670 6 240537 240606 240619 240620 240668 240669
8460 10 3132 39943 99645 216 218 80709 221 8462 8463 139566
81 0
102683 18 27868 54899 55640 55641 102669 102685 117804 122840 122841 160093 160094 196563 196564 102684 120 788 23416 59015
179552 9 10527 102208 179290 179292 179294 179449 179450 179451 179452
102680 19 102679 27868 54899 55640 55641 102669 102685 117804 122840 122841 160093 160094 196563 196564 102669 120 788 23416 59015
241139 16 240537 240606 240619 240620 240668 240669 240670 240672 240695 240751 240755 240764 240905 240906 241123 241124
165124 9 165123 4526 165007 165026 165046 165065 165085 165104 164732
179553 10 10527 102208 179290 179292 179294 179449 179450 179451 179452 179552
165123 9 165124 4526 165006 165025 165045 165064 165084 165103 164731
165127 8 164887 165009 165029 165048 165068 165087 165107 151964
165126 7 165008 165028 165047 165067 165086 165106 151959
102685 17 27868 54899 55640 55641 102669 102684 117804 122840 122841 160093 160094 196563 196564 120 788 23416 59015
247561 17 1590 1631 100683 231574 231575 232542 214899 230607 20992 232498 214727 81172 214752 141523 214825 235862 288
240668 4 240537 240606 240619 240620
241148 17 240537 240606 240619 240620 240668 240669 240670 240672 240695 240751 240755 240764 240905 240906 241123 241124 241139
240669 5 240537 240606 240619 240620 240668
243622 15 1590 100683 231574 231575 232542 214899 230607 20992 232498 214727 81172 214752 141523 214825 235862
117804 5 55640 55641 55642 102669 102685
243623 18 1590 100683 231574 231575 232543 214899 20992 233554 214727 234696 141523 235862 214825 235873 242324 242572 242576 243622
235623 19 240537 240606 240619 240620 240668 240669 240670 240672 240695 240751 240755 240764 240905 240906 241123 241124 241139 241148 241289
120 18 788 23416 59015 788 23416 7953 7953 55640 55641 102669 102685 117804 122840 122841 160093 160094 196563 196564
4166 10 1370 65713 66001 66002 66003 66004 65999 66005 66006 175527
222178 9 213179 213365 216258 217725 217726 222175 222179 225317 225323
222179 9 213179 213365 216258 217725 217726 222175 222178 225317 225323
19881 11 102208 179290 179292 179294 179449 179450 179451 179452 179552 179553 10527
235873 12 1590 100683 231574 231575 232543 214899 20992 233554 214727 234696 141523 235862
36355 10 7318 27926 37027 74829 105809 109906 111006 114197 162741 228074
253318 21 1590 1631 100683 231574 231575 232542 214899 230607 20992 232498 214727 81172 214752 141523 214825 235862 288 322 383 249413 60455
179666 0
118277 7 195152 85787 74377 195160 195162 195313 195818
174283 9 48211 153588 174284 174285 174286 176499 176500 176501 176502
31347 10 7953 34048 34049 34050 34051 34052 34053 34054 34055 34056
48739 0
175527 10 1370 4166 65713 66001 66002 66003 66004 65999 66005 66006
66001 10 1370 4166 65713 66002 66003 66004 65999 66005 66006 175527
66002 10 1370 4166 65713 66001 66003 66004 65999 66005 66006 175527
66003 10 1370 4166 65713 66001 66002 66004 65999 66005 66006 175527
66004 10 1370 4166 65713 66001 66002 66003 65999 66005 66006 175527
164884 1 164887
66005 10 1370 4166 65713 66001 66002 66003 66004 65999 66006 175527
66006 10 1370 4166 65713 66001 66002 66003 66004 65999 66005 175527
164887 9 164884 165009 165029 165048 165068 165087 165107 165127 151964
240695 8 240537 240606 240619 240620 240668 240669 240670 240672
109906 9 27926 36355 37027 74829 105809 111006 114197 162741 228074
176501 9 48211 153588 174283 174284 174285 174286 176499 176500 176502
104657 9 103854 104335 105041 105078 105122 105142 105237 104479 104494
176502 9 48211 153588 174283 174284 174285 174286 176499 176500 176501
176500 9 48211 153588 174283 174284 174285 174286 176499 176501 176502
96890 10 203 95952 96887 95953 96526 95954 96888 96889 95955 95956
34056 9 31347 34048 34049 34050 34051 34052 34053 34054 34055
102669 16 27868 54899 55640 55641 102685 117804 122840 122841 160093 160094 196563 196564 120 788 23416 59015
248920 18 1590 1631 100683 231574 231575 232542 214899 230607 20992 232498 214727 81172 214752 141523 214825 235862 288 322
199205 13 81 199296 2845 3018 3019 145545 145546 145547 145548 145549 145550 215703 216368
65999 10 1370 4166 65713 66001 66002 66003 66004 66005 66006 175527
232498 8 1590 100683 231574 231575 232543 214899 20992 233554
248921 21 1590 1631 100683 231574 231575 232543 214899 20992 233554 214727 234696 141523 235862 214825 235873 241660 247027 288 247561 322 248920
7953 5 3132 31347 3132 54899 120
174286 9 48211 153588 174283 174284 174285 176499 176500 176501 176502
65713 10 1370 4166 66001 66002 66003 66004 65999 66005 66006 175527
235791 8 203 196020 236104 237270 237271 237591 237593 239660
4526 0
241123 14 240537 240606 240619 240620 240668 240669 240670 240672 240695 240751 240755 240764 240905 240906
174284 9 48211 153588 174283 174285 174286 176499 176500 176501 176502
162741 10 7318 27926 36355 37027 74829 105809 109906 111006 114197 228074
174285 9 48211 153588 174283 174284 174286 176499 176500 176501 176502
241124 15 240537 240606 240619 240620 240668 240669 240670 240672 240695 240751 240755 240764 240905 240906 241123
214752 1 81172
34050 9 31347 34048 34049 34051 34052 34053 34054 34055 34056
133541 16 133525 133526 133527 133528 133529 133530 133531 133532 133534 133535 133536 133537 133538 133539 133542 133543
247946 19 1590 1631 100683 231574 231575 232543 214899 20992 233554 214727 234696 141523 235862 214825 235873 241660 247027 288 247561
34051 9 31347 34048 34049 34050 34052 34053 34054 34055 34056
139566 10 3132 39943 99645 216 218 80709 221 8460 8462 8463
133543 16 133525 133526 133527 133528 133529 133530 133531 133532 133534 133535 133536 133537 133538 133539 133541 133542
133542 16 133525 133526 133527 133528 133529 133530 133531 133532 133534 133535 133536 133537 133538 133539 133541 133543
34054 9 31347 34048 34049 34050 34051 34052 34053 34055 34056
102673 18 27868 54899 55640 55641 102669 102685 117804 122840 122841 160093 160094 196563 196564 102674 120 788 23416 59015
102672 19 102671 27868 54899 55640 55641 102669 102685 117804 122840 122841 160093 160094 196563 196564 102671 120 788 23416 59015
34055 9 31347 34048 34049 34050 34051 34052 34053 34054 34056
102671 18 27868 54899 55640 55641 102669 102685 117804 122840 122841 160093 160094 196563 196564 102672 120 788 23416 59015
34052 9 31347 34048 34049 34050 34051 34053 34054 34055 34056
34053 9 31347 34048 34049 34050 34051 34052 34054 34055 34056
57171 0
241289 18 240537 240606 240619 240620 240668 240669 240670 240672 240695 240751 240755 240764 240905 240906 241123 241124 241139 241148
242324 15 1590 100683 231574 231575 232542 214899 230607 20992 232498 214727 81172 214752 141523 214825 235862
195793 9 216542 13706 216543 216544 216545 13705 216546 216547 216548
27926 9 36355 37027 74829 105809 109906 111006 114197 162741 228074
111389 9 46063 114165 111045 114166 111036 114167 114168 114169 114170
255534 21 1590 1631 100683 231574 231575 232542 214899 230607 20992 232498 214727 81172 214752 141523 214825 235862 288 322 383 249413 60455
288 1 60455
48211 9 153588 174283 174284 174285 174286 176499 176500 176501 176502
255536 21 1590 1631 100683 231574 231575 232542 214899 230607 20992 232498 214727 81172 214752 141523 214825 235862 288 322 383 249413 60455
96889 10 203 95952 96887 95953 96526 95954 96888 96890 95955 95956
255530 21 1590 1631 100683 231574 231575 232542 214899 230607 20992 232498 214727 81172 214752 141523 214825 235862 288 322 383 249413 60455
179290 2 10527 102208
96888 10 203 95952 96887 95953 96526 95954 96889 96890 95955 95956
255531 21 1590 1631 100683 231574 231575 232542 214899 230607 20992 232498 214727 81172 214752 141523 214825 235862 288 322 383 249413 60455
96887 10 203 95952 95953 96526 95954 96888 96889 96890 95955 95956
255532 21 1590 1631 100683 231574 231575 232542 214899 230607 20992 232498 214727 81172 214752 141523 214825 235862 288 322 383 249413 60455
255533 21 1590 1631 100683 231574 231575 232542 214899 230607 20992 232498 214727 81172 214752 141523 214825 235862 288 322 383 249413 60455
179294 4 10527 102208 179290 179292
241562 18 203 196020 235791 236104 237270 237271 237591 237593 239660 239663 239665 239931 239934 240062 241558 241559 241561 241838
241561 18 203 196020 235791 236104 237270 237271 237591 237593 239660 239663 239665 239931 239934 240062 241558 241559 241562 241838
179292 3 10527 102208 179290
240606 1 240537
101606 1 101605
101605 1 101606
240619 2 240537 240606
179593 18 10527 102208 179290 179292 179294 179449 179450 179451 179452 179552 179553 19881 179587 179588 179589 179590 179591 179592
179590 15 10527 102208 179290 179292 179294 179449 179450 179451 179452 179552 179553 19881 179587 179588 179589
175885 9 90771 91998 47209 7310 47336 47522 56020 175886 175887
100683 2 232542 232543
216403 15 81 199205 199296 199883 2845 3018 3019 145545 145546 145547 145548 145549 145550 215703 216368
175886 9 91998 47209 7310 47336 47522 56020 90771 175885 175887
179592 17 10527 102208 179290 179292 179294 179449 179450 179451 179452 179552 179553 19881 179587 179588 179589 179590 179591
179591 16 10527 102208 179290 179292 179294 179449 179450 179451 179452 179552 179553 19881 179587 179588 179589 179590
215703 9 199205 199296 199883 215796 215971 216062 216403 81 216368
175887 9 175886 91998 175885 90771 56020 47522 47336 7310 47209
176499 9 48211 153588 174283 174284 174285 174286 176500 176501 176502
59015 14 120 788 23416 55640 55641 102669 102685 117804 122840 122841 160093 160094 196563 196564
20992 3 1590 232498 233554
105078 10 103854 105041 105122 105142 105237 104335 104479 104494 104657 105282
241558 15 203 196020 235791 236104 237270 237271 237591 237593 239660 239931 239934 241559 241561 241562 241838
56020 10 7953 47522 90771 47209 7310 47336 175885 91998 175886 175887
241559 15 203 196020 235791 236104 237270 237271 237591 237593 239660 239931 239934 241558 241561 241562 241838
179587 12 10527 102208 179290 179292 179294 179449 179450 179451 179452 179552 179553 19881
160094 9 54899 55640 55641 102669 122840 122841 160093 196563 196564
214727 6 288 322 383 60455 141523 214825
179588 13 10527 102208 179290 179292 179294 179449 179450 179451 179452 179552 179553 19881 179587
179589 14 10527 102208 179290 179292 179294 179449 179450 179451 179452 179552 179553 19881 179587 179588
104335 10 103854 105041 105078 105122 105142 105237 104479 104494 104657 105282
195160 7 195152 85787 118277 74377 195162 195313 195818
10527 1 19881
160093 10 54899 55640 55641 55642 102669 122840 122841 160094 196563 196564
258180 9 258172 258173 258174 258175 258176 258177 258178 258179 258181
258181 9 258172 258173 258174 258175 258176 258177 258178 258179 258180
60455 5 288 322 383 253333 253318
195152 7 85787 118277 74377 195160 195162 195313 195818
3132 11 7953 39943 99645 216 218 80709 221 8460 8462 8463 139566
258173 9 258172 258174 258175 258176 258177 258178 258179 258180 258181
258174 9 258172 258173 258175 258176 258177 258178 258179 258180 258181
258175 9 258172 258173 258174 258176 258177 258178 258179 258180 258181
258176 9 258172 258173 258174 258175 258177 258178 258179 258180 258181
258177 9 258172 258173 258174 258175 258176 258178 258179 258180 258181
258178 9 258172 258173 258174 258175 258176 258177 258179 258180 258181
213365 9 213179 216258 217725 217726 222175 222178 222179 225317 225323
258179 9 258172 258173 258174 258175 258176 258177 258178 258180 258181
74377 9 74378 118277 195152 85787 118277 195160 195162 195313 195818
74378 2 74377 47522
3018 9 2845 3019 145545 145546 145547 145548 145549 145550 81
3019 9 2845 3018 145545 145546 145547 145548 145549 145550 81
258172 9 258173 258174 258175 258176 258177 258178 258179 258180 258181
228074 9 27926 36355 37027 74829 105809 109906 111006 114197 162741
122841 1 122840
233554 9 1590 100683 231574 231575 232542 214899 230607 20992 232498
122840 7 160094 160093 122841 27868 54899 196563 196564
255529 21 1590 1631 100683 231574 231575 232542 214899 230607 20992 232498 214727 81172 214752 141523 214825 235862 288 322 383 249413 60455
1631 0
788 17 59015 120 23416 59015 27868 54899 55640 55641 102669 102685 117804 122840 122841 160093 160094 196563 196564
383 3 60455 247192 249413
231575 2 1590 231574
231574 2 1590 231575
82387 0
165008 7 165028 165047 165067 165086 165106 165126 151959
165009 8 164887 165029 165048 165068 165087 165107 165127 151964
215971 15 81 199205 199296 199883 2845 3018 3019 145545 145546 145547 145548 145549 145550 215703 216368
165006 9 165007 4526 165025 165045 165064 165084 165103 165123 164731
165007 9 165006 4526 165026 165046 165065 165085 165104 165124 164732
216368 9 199205 199296 199883 215796 215971 216062 216403 81 215703
244001 17 1590 100683 231574 231575 232542 214899 230607 20992 232498 214727 81172 214752 141523 214825 235862 243622 243623
111036 9 46063 114165 111389 111045 114166 114167 114168 114169 114170
164731 9 164732 4526 165006 165025 165045 165064 165084 165103 165123
164732 9 164731 4526 165007 165026 165046 165065 165085 165104 165124
239934 10 203 196020 236104 235791 237270 237271 237591 237593 239660 239931
214825 5 288 322 383 60455 141523
199883 14 81 199205 199296 2845 3018 3019 145545 145546 145547 145548 145549 145550 215703 216368
179449 5 10527 102208 179290 179292 179294
7310 8 47209 47336 47522 56020 90771 91998 175885 175887
74829 9 27926 36355 37027 105809 109906 111006 114197 162741 228074
242572 15 1590 100683 231574 231575 232542 214899 230607 20992 232498 214727 81172 214752 141523 214825 235862
195162 7 195152 85787 118277 74377 195160 195313 195818
242576 15 1590 100683 231574 231575 232543 214899 20992 233554 214727 234696 141523 235862 214825 235873 242324
23416 5 120 788 59015 59015 55641
216547 9 216542 13706 216543 216544 216545 13705 216546 216548 195793
216546 9 216542 13706 216543 216544 216545 13705 216547 216548 195793
216548 9 216542 13706 216543 216544 216545 13705 216546 216547 195793
179451 7 10527 102208 179290 179292 179294 179449 179450
179450 6 10527 102208 179290 179292 179294 179449
217725 9 213179 213365 216258 217726 222175 222178 222179 225317 225323
217726 9 213179 213365 216258 217725 222175 222178 222179 225317 225323
179452 8 10527 102208 179290 179292 179294 179449 179450 179451
216544 9 216542 13706 216543 216545 13705 216546 216547 216548 195793
1370 9 4166 65713 66001 66002 66003 66004 65999 66005 66006
216545 9 216542 13706 216543 216544 13705 216546 216547 216548 195793
216542 9 13706 216543 216544 216545 13705 216546 216547 216548 195793
102208 0
90771 9 56020 175885 47209 7310 47336 47522 91998 175886 175887
216543 9 216542 13706 216544 216545 13705 216546 216547 216548 195793
37027 10 7318 27926 36355 74829 105809 109906 111006 114197 162741 228074
213179 9 213365 216258 217725 217726 222175 222178 222179 225317 225323
145550 9 2845 3018 3019 145545 145546 145547 145548 145549 81
199296 13 81 199205 2845 3018 3019 145545 145546 145547 145548 145549 145550 215703 216368
141523 0
5188 0
145549 9 2845 3018 3019 145545 145546 145547 145548 145550 81
155650 0
239931 10 203 196020 236104 235791 237270 237271 237591 237593 239660 239934
216258 9 213179 213365 217725 217726 222175 222178 222179 225317 225323
165025 9 165026 4526 165006 165045 165064 165084 165103 165123 164731
241838 15 203 196020 235791 236104 237270 237271 237591 237593 239660 239931 239934 241558 241559 241561 241562
196564 7 27868 55640 55641 55642 102669 102685 196563
145546 9 2845 3018 3019 145545 145547 145548 145549 145550 81
165026 9 165025 4526 165007 165046 165065 165085 165104 165124 164732
196563 7 27868 55640 55641 55642 102669 102685 196564
145545 9 2845 3018 3019 145546 145547 145548 145549 145550 81
165028 7 165008 165047 165067 165086 165106 165126 151959
145548 9 2845 3018 3019 145545 145546 145547 145549 145550 81
165029 8 164887 165009 165048 165068 165087 165107 165127 151964
145547 9 2845 3018 3019 145545 145546 145548 145549 145550 81
244002 19 1590 100683 231574 231575 232543 214899 20992 233554 214727 234696 141523 235862 214825 235873 242324 242572 242576 243622 244001
216062 15 81 199205 199296 199883 2845 3018 3019 145545 145546 145547 145548 145549 145550 215703 216368
39943 10 216 3132 216 218 80709 221 8460 8462 8463 139566
232542 5 1590 100683 231574 231575 232543
95953 10 203 95952 96887 96526 95954 96888 96889 96890 95955 95956
232543 5 1590 100683 231574 231575 232542
95952 10 203 96887 95953 96526 95954 96888 96889 96890 95955 95956
153588 11 48211 48211 48211 174283 174284 174285 174286 176499 176500 176501 176502
95955 10 203 95952 96887 95953 96526 95954 96888 96889 96890 95956
95954 10 203 95952 96887 95953 96526 96888 96889 96890 95955 95956
85787 7 195152 118277 74377 195160 195162 195313 195818
95956 10 203 95952 96887 95953 96526 95954 96888 96889 96890 95955
239663 13 203 196020 236104 235791 237270 237271 237591 237593 239660 239665 239931 239934 240062
239660 13 203 196020 236104 235791 237270 237271 237591 237593 239663 239665 239931 239934 240062
105809 9 27926 36355 37027 74829 109906 111006 114197 162741 228074
195818 7 195152 85787 118277 74377 195160 195162 195313
103854 10 105041 105078 105122 105142 105237 104335 104479 104494 104657 105282
151959 7 165008 165028 165047 165067 165086 165106 165126
239665 13 203 196020 236104 237270 237271 235791 237591 237593 239660 239663 239931 239934 240062
111006 10 37027 27926 36355 37027 74829 105809 109906 114197 162741 228074
