root 379
81 0
120 0
203 0
216 0
218 0
221 0
288 0
322 0
383 0
788 0
1370 0
1590 0
1631 0
2845 0
3018 0
3019 0
3132 0
4166 0
4526 0
5188 0
7310 0
7318 0
7953 0
8460 0
8462 0
8463 0
10527 0
13705 0
13706 0
19881 0
20992 0
23416 0
27868 0
27926 0
31347 0
34048 0
34049 0
34050 0
34051 0
34052 0
34053 0
34054 0
34055 0
34056 0
36355 0
37027 0
39943 0
46063 0
47209 0
47336 0
47522 0
48211 0
48739 0
54899 0
55640 0
55641 0
55642 0
56020 0
57171 0
59015 0
60455 0
65713 0
65999 0
66001 0
66002 0
66003 0
66004 0
66005 0
66006 0
74377 0
74378 0
74829 0
80709 0
81172 0
82387 0
85787 0
90771 0
91998 0
95952 0
95953 0
95954 0
95955 0
95956 0
96526 0
96887 0
96888 0
96889 0
96890 0
99645 0
100683 0
101605 0
101606 0
102208 0
102669 0
102671 0
102672 0
102673 0
102674 0
102675 0
102676 0
102677 0
102678 0
102679 0
102680 0
102681 0
102682 0
102683 0
102684 0
102685 0
103854 0
104335 0
104479 0
104494 0
104657 0
105041 0
105078 0
105122 0
105142 0
105237 0
105282 0
105809 0
107353 0
107772 0
107773 0
107774 0
107775 0
107776 0
107777 0
107778 0
107779 0
107780 0
107781 0
109906 0
111006 0
111036 0
111045 0
111389 0
114165 0
114166 0
114167 0
114168 0
114169 0
114170 0
114197 0
117804 0
118277 0
122840 0
122841 0
133525 0
133526 0
133527 0
133528 0
133529 0
133530 0
133531 0
133532 0
133534 0
133535 0
133536 0
133537 0
133538 0
133539 0
133541 0
133542 0
133543 0
139566 0
141523 0
145545 0
145546 0
145547 0
145548 0
145549 0
145550 0
151959 0
151964 0
151965 0
151966 0
153588 0
155650 0
160093 0
160094 0
162741 0
164731 0
164732 0
164884 0
164887 0
165006 0
165007 0
165008 0
165009 0
165025 0
165026 0
165028 0
165029 0
165045 0
165046 0
165047 0
165048 0
165064 0
165065 0
165067 0
165068 0
165084 0
165085 0
165086 0
165087 0
165103 0
165104 0
165106 0
165107 0
165123 0
165124 0
165126 0
165127 0
174283 0
174284 0
174285 0
174286 0
175527 0
175885 0
175886 0
175887 0
176499 0
176500 0
176501 0
176502 0
179290 0
179292 0
179294 0
179449 0
179450 0
179451 0
179452 0
179552 0
179553 0
179587 0
179588 0
179589 0
179590 0
179591 0
179592 0
179593 0
179638 0
179639 0
179640 0
179666 0
195152 0
195160 0
195162 0
195313 0
195793 0
195818 0
196020 0
196563 0
196564 0
199205 0
199296 0
199883 0
213108 0
213109 0
213110 0
213111 0
213112 0
213113 0
213179 0
213365 0
214727 0
214752 0
214825 0
214899 0
215703 0
215796 0
215971 0
216062 0
216258 0
216368 0
216403 0
216542 0
216543 0
216544 0
216545 0
216546 0
216547 0
216548 0
217725 0
217726 0
222175 0
222178 0
222179 0
225317 0
225323 0
228074 0
230607 0
231574 0
231575 0
232498 0
232542 0
232543 0
233554 0
234696 0
235623 0
235791 0
235862 0
235873 0
236104 0
237270 0
237271 0
237591 0
237593 0
239660 0
239663 0
239665 0
239931 0
239934 0
240062 0
240537 0
240606 0
240619 0
240620 0
240668 0
240669 0
240670 0
240672 0
240695 0
240751 0
240755 0
240764 0
240905 0
240906 0
241123 0
241124 0
241139 0
241148 0
241289 0
241558 0
241559 0
241561 0
241562 0
241660 0
241838 0
242324 0
242572 0
242576 0
243622 0
243623 0
244001 0
244002 0
244931 0
246518 0
247027 0
247192 0
247561 0
247946 0
248920 0
248921 0
249413 0
253318 0
253333 0
253705 0
253706 0
254412 0
254413 0
255529 0
255530 0
255531 0
255532 0
255533 0
255534 0
255536 0
258172 0
258173 0
258174 0
258175 0
258176 0
258177 0
258178 0
258179 0
258180 0
258181 0
