231347 11 1477 211343 228813 231345 235794 236106 236112 236540 239313 239446 3056
1414 14 100118 100968 100969 100970 100971 100972 100973 100974 100975 255731 255732 255735 255736 99542
231345 9 228813 231347 235794 236106 236112 236540 239313 239446 3056
111800 20 106177 109300 109301 111791 111792 111793 111794 111795 111798 111799 112095 112096 112480 112481 112846 112869 61396 62504 62537 62860
118679 2 120293 38889
87475 2 54000 56220
14374 13 14371 14372 14375 14376 185131 198303 210709 2851 6923 6924 6925 6926 6927
14376 13 14371 14372 14374 14375 185131 198303 210709 2851 6923 6924 6925 6926 6927
1721 13 105954 165674 1705 1711 1716 254 28421 51524 51545 51560 51562 51564 93905
14375 13 14371 14372 14374 14376 185131 198303 210709 2851 6923 6924 6925 6926 6927
14372 13 14371 14374 14375 14376 185131 198303 210709 2851 6923 6924 6925 6926 6927
2851 13 14371 14372 14374 14375 14376 185131 198303 210709 6923 6924 6925 6926 6927
14371 13 14372 14374 14375 14376 185131 198303 210709 2851 6923 6924 6925 6926 6927
256781 17 1620 228725 256425 256778 256779 256780 256782 256783 256784 256843 256844 256845 256846 256847 256848 256849 256850
256780 17 1620 228725 256425 256778 256779 256781 256782 256783 256784 256843 256844 256845 256846 256847 256848 256849 256850
256783 16 1620 228725 256425 256778 256780 256781 256782 256784 256843 256844 256845 256846 256847 256848 256849 256850
204 7 101032 101559 3422 8276 94216 94638 99731
78850 12 52378 78847 78848 78849 78851 78852 78853 78854 78855 78856 78857 78858
256782 17 1620 228725 256425 256778 256779 256780 256781 256783 256784 256843 256844 256845 256846 256847 256848 256849 256850
78851 12 52378 78847 78848 78849 78850 78852 78853 78854 78855 78856 78857 78858
78852 12 52378 78847 78848 78849 78850 78851 78853 78854 78855 78856 78857 78858
78853 12 52378 78847 78848 78849 78850 78851 78852 78854 78855 78856 78857 78858
78854 12 52378 78847 78848 78849 78850 78851 78852 78853 78855 78856 78857 78858
78855 12 52378 78847 78848 78849 78850 78851 78852 78853 78854 78856 78857 78858
78856 12 52378 78847 78848 78849 78850 78851 78852 78853 78854 78855 78857 78858
78857 12 52378 78847 78848 78849 78850 78851 78852 78853 78854 78855 78856 78858
78858 12 52378 78847 78848 78849 78850 78851 78852 78853 78854 78855 78856 78857
20789 13 20769 222066 222067 222068 222069 222070 222071 222072 222073 222074 222075 93766 93825
5 1 228813
1716 13 105954 165674 1705 1711 1721 254 28421 51524 51545 51560 51562 51564 93905
256778 17 1620 228725 256425 256779 256780 256781 256782 256783 256784 256843 256844 256845 256846 256847 256848 256849 256850
256779 16 1620 228725 256425 256778 256780 256781 256782 256784 256843 256844 256845 256846 256847 256848 256849 256850
1711 13 105954 165674 1705 1716 1721 254 28421 51524 51545 51560 51562 51564 93905
46363 1 100118
78843 12 116426 116427 116428 116429 116430 116431 116432 78841 78842 78844 78845 78846
235472 0
49422 12 114269 114271 114272 114273 114274 114275 121250 121982 122062 67201 7591 78402
78844 13 116426 116427 116428 116429 116430 116431 116432 78841 78842 78843 78845 78846 78847
78841 12 116426 116427 116428 116429 116430 116431 116432 78842 78843 78844 78845 78846
78842 12 116426 116427 116428 116429 116430 116431 116432 78841 78843 78844 78845 78846
130434 14 108162 130433 130435 130436 130437 130438 130439 130440 130441 130442 130443 6935 90082 90084
130433 14 108162 130434 130435 130436 130437 130438 130439 130440 130441 130442 130443 6935 90082 90084
130438 14 108162 130433 130434 130435 130436 130437 130439 130440 130441 130442 130443 6935 90082 90084
130437 14 108162 130433 130434 130435 130436 130438 130439 130440 130441 130442 130443 6935 90082 90084
130436 14 108162 130433 130434 130435 130437 130438 130439 130440 130441 130442 130443 6935 90082 90084
78849 13 52378 78846 78847 78848 78850 78851 78852 78853 78854 78855 78856 78857 78858
130435 14 108162 130433 130434 130436 130437 130438 130439 130440 130441 130442 130443 6935 90082 90084
78847 15 52378 78844 78845 78846 78848 78849 78850 78851 78852 78853 78854 78855 78856 78857 78858
78848 14 52378 78845 78846 78847 78849 78850 78851 78852 78853 78854 78855 78856 78857 78858
78845 14 116426 116427 116428 116429 116430 116431 116432 78841 78842 78843 78844 78846 78847 78848
130439 14 108162 130433 130434 130435 130436 130437 130438 130440 130441 130442 130443 6935 90082 90084
78846 15 116426 116427 116428 116429 116430 116431 116432 78841 78842 78843 78844 78845 78847 78848 78849
1705 13 105954 165674 1711 1716 1721 254 28421 51524 51545 51560 51562 51564 93905
141750 34 141111 141112 141123 141159 141160 141161 141163 141165 141166 141170 141171 141172 141173 141174 141175 141176 141177 141179 141180 141182 141183 141190 141191 141192 141193 141772 141778 141785 33212 38872 38873 38883 38889 68228
235468 1 235467
256784 17 1620 228725 256425 256778 256779 256780 256781 256782 256783 256843 256844 256845 256846 256847 256848 256849 256850
235467 1 235468
185230 23 1562 57172 57173 57175 57177 57178 57179 57180 57181 57182 57183 57184 57185 57186 57187 57188 57189 57190 57191 65507 71380 71381 71382
46972 13 144717 144718 144722 144723 144724 144725 144726 144727 144728 144729 144730 144731 46966
157357 11 111206 157342 157344 157345 157346 157347 157352 157353 157354 157355 157356
157355 11 111206 157342 157344 157345 157346 157347 157352 157353 157354 157356 157357
157356 11 111206 157342 157344 157345 157346 157347 157352 157353 157354 157355 157357
194437 2 158405 194438
157352 11 111206 157342 157344 157345 157346 157347 157353 157354 157355 157356 157357
194438 1 194437
157354 11 111206 157342 157344 157345 157346 157347 157352 157353 157355 157356 157357
130441 14 108162 130433 130434 130435 130436 130437 130438 130439 130440 130442 130443 6935 90082 90084
96701 14 6562 82077 82078 82079 82080 90403 96693 96697 96698 96699 96700 96702 96703 96704
157353 11 111206 157342 157344 157345 157346 157347 157352 157354 157355 157356 157357
130440 14 108162 130433 130434 130435 130436 130437 130438 130439 130441 130442 130443 6935 90082 90084
96700 14 6562 82077 82078 82079 82080 90403 96693 96697 96698 96699 96701 96702 96703 96704
162648 15 10060 121539 131323 161579 161580 161627 161639 161641 161673 161674 161817 161824 36554 79523 81706
130443 14 108162 130433 130434 130435 130436 130437 130438 130439 130440 130441 130442 6935 90082 90084
96703 14 6562 82077 82078 82079 82080 90403 96693 96697 96698 96699 96700 96701 96702 96704
112480 15 106177 109300 109301 111791 111800 112095 112096 112481 112846 50924 61396 62504 62537 62860 7097
130442 14 108162 130433 130434 130435 130436 130437 130438 130439 130440 130441 130443 6935 90082 90084
96702 14 6562 82077 82078 82079 82080 90403 96693 96697 96698 96699 96700 96701 96703 96704
112481 15 106177 109300 109301 111791 111800 112095 112096 112480 112846 50924 61396 62504 62537 62860 7097
96704 14 6562 82077 82078 82079 82080 90403 96693 96697 96698 96699 96700 96701 96702 96703
179243 13 179242 179244 179245 179246 179247 179248 179249 179250 179251 179252 179253 35517 7895
179244 13 179242 179243 179245 179246 179247 179248 179249 179250 179251 179252 179253 35517 7895
179242 13 179243 179244 179245 179246 179247 179248 179249 179250 179251 179252 179253 35517 7895
62537 27 106177 106178 108352 109300 109301 111791 111792 111793 111794 111795 111798 111799 111800 112095 112096 112480 112481 112846 112868 112869 112870 112871 113197 113198 113199 113200 62860
20769 13 20789 222066 222067 222068 222069 222070 222071 222072 222073 222074 222075 93766 93825
112096 16 106177 109300 109301 111791 111798 111800 112095 112480 112481 112846 50924 61396 62504 62537 62860 7097
2961 13 15861 15863 15865 15866 15867 15876 15877 15880 15881 15882 15883 181647 7373
112095 16 106177 109300 109301 111791 111798 111800 112096 112480 112481 112846 50924 61396 62504 62537 62860 7097
157344 11 111206 157342 157345 157346 157347 157352 157353 157354 157355 157356 157357
157345 11 111206 157342 157344 157346 157347 157352 157353 157354 157355 157356 157357
157346 11 111206 157342 157344 157345 157347 157352 157353 157354 157355 157356 157357
157347 11 111206 157342 157344 157345 157346 157352 157353 157354 157355 157356 157357
58326 15 114537 49076 49078 49079 49080 49081 57851 58322 58324 58325 58327 58328 6450 7821 93046
101559 11 101032 101751 101752 102409 102410 102411 102412 204 94216 94638 99731
58327 15 114537 49076 49078 49079 49080 49081 57847 58322 58324 58325 58326 58328 6450 7821 93046
109100 14 1013 109095 109096 109097 109098 109099 109101 109102 109103 109104 3135 34878 58295 75082
179251 13 179242 179243 179244 179245 179246 179247 179248 179249 179250 179252 179253 35517 7895
58328 15 114537 49076 49078 49079 49080 49081 58322 58324 58325 58326 58327 58332 6450 7821 93046
179250 13 179242 179243 179244 179245 179246 179247 179248 179249 179251 179252 179253 35517 7895
210681 14 208243 208244 208246 208249 209253 209254 209312 209315 209320 210531 210533 210722 211165 5153
179253 13 179242 179243 179244 179245 179246 179247 179248 179249 179250 179251 179252 35517 7895
58322 15 114537 49076 49078 49079 49080 49081 58324 58325 58326 58327 58328 6450 69382 7821 93046
179252 13 179242 179243 179244 179245 179246 179247 179248 179249 179250 179251 179253 35517 7895
256425 17 1620 228725 256778 256779 256780 256781 256782 256783 256784 256843 256844 256845 256846 256847 256848 256849 256850
58324 15 114537 49076 49078 49079 49080 49081 57849 58322 58325 58326 58327 58328 6450 7821 93046
58325 15 114537 49076 49078 49079 49080 49081 57850 58322 58324 58326 58327 58328 6450 7821 93046
7591 12 114269 114271 114272 114273 114274 114275 121250 121982 122062 49422 67201 78402
157342 11 111206 157344 157345 157346 157347 157352 157353 157354 157355 157356 157357
109103 14 1013 109095 109096 109097 109098 109099 109100 109101 109102 109104 3135 34878 58295 75082
109104 14 1013 109095 109096 109097 109098 109099 109100 109101 109102 109103 3135 34878 58295 75082
109101 14 1013 109095 109096 109097 109098 109099 109100 109102 109103 109104 3135 34878 58295 75082
109102 14 1013 109095 109096 109097 109098 109099 109100 109101 109103 109104 3135 34878 58295 75082
69429 42 69361 69362 69363 69364 69365 69366 69367 69368 69369 69370 69371 69372 69373 69374 69375 69376 69377 69378 69379 69380 69381 69382 69383 69384 69385 69386 69387 69388 69389 69390 69391 69392 69393 69394 69395 69396 69416 69417 69428 69447 69448 69452
91180 21 136051 136052 136053 136054 136055 136056 136057 136058 136059 136060 136061 136062 136063 136064 136065 136066 136067 136068 136069 136070 88878
94638 12 101032 101559 101751 101752 102409 102410 102411 102412 204 3422 8276 99731
109301 28 106177 108352 109300 111791 111792 111793 111794 111795 111798 111799 111800 112095 112096 112480 112481 112846 112870 112871 113197 113198 113199 113200 50924 61396 62504 62537 62860 7097
225596 0
109300 29 106177 108352 109301 111791 111792 111793 111794 111795 111798 111799 111800 112095 112096 112480 112481 112846 112870 112871 113197 113198 113199 113200 50924 61396 62504 62537 62860 67485 7097
179245 13 179242 179243 179244 179246 179247 179248 179249 179250 179251 179252 179253 35517 7895
179246 13 179242 179243 179244 179245 179247 179248 179249 179250 179251 179252 179253 35517 7895
179247 13 179242 179243 179244 179245 179246 179248 179249 179250 179251 179252 179253 35517 7895
179248 13 179242 179243 179244 179245 179246 179247 179249 179250 179251 179252 179253 35517 7895
10060 13 161579 161580 161627 161639 161641 161673 161674 161817 161824 161890 161974 162311 162648
93905 13 105954 165674 1705 1711 1716 1721 254 28421 51524 51545 51560 51562 51564
179249 13 179242 179243 179244 179245 179246 179247 179248 179250 179251 179252 179253 35517 7895
69428 43 1047 69361 69362 69363 69364 69365 69366 69367 69368 69369 69370 69371 69372 69373 69374 69375 69376 69377 69378 69379 69380 69381 69382 69383 69384 69385 69386 69387 69388 69389 69390 69391 69392 69393 69394 69395 69396 69416 69417 69429 69447 69448 69452
86181 2 86179 91517
119402 17 117078 117563 117876 118464 118467 119403 119404 125565 125572 125574 125576 125623 216177 216180 216202 216204 6562
119403 18 117078 117563 117876 118464 118467 119402 119404 125565 125572 125574 125576 125623 133979 216177 216180 216202 216204 6562
100118 2 1414 46363
119404 17 117078 117563 117876 118464 118467 119402 119403 125565 125572 125574 125576 125623 216177 216180 216202 216204 6562
27555 0
86179 1 86181
118453 2 118746 91517
100973 14 100968 100969 100970 100971 100972 100974 100975 1414 255731 255732 255735 255736 27746 99542
100974 14 100968 100969 100970 100971 100972 100973 100975 1414 255731 255732 255735 255736 27746 99542
100975 14 100968 100969 100970 100971 100972 100973 100974 1414 255731 255732 255735 255736 27746 99542
100970 14 100968 100969 100971 100972 100973 100974 100975 1414 255731 255732 255735 255736 27746 99542
100971 14 100968 100969 100970 100972 100973 100974 100975 1414 255731 255732 255735 255736 27746 99542
100972 14 100968 100969 100970 100971 100973 100974 100975 1414 255731 255732 255735 255736 27746 99542
8458 13 219529 250120 250122 250123 250124 250125 250126 72154 8486 8574 8576 8579 8706
116581 14 126420 126421 126422 126423 126424 126425 126426 126427 126434 126435 126437 126438 126439 2327
239313 9 1477 211343 228813 231345 231347 235794 236106 236112 239446
182699 3 182377 182709 210942
52378 12 78847 78848 78849 78850 78851 78852 78853 78854 78855 78856 78857 78858
165674 13 105954 1705 1711 1716 1721 254 28421 51524 51545 51560 51562 51564 93905
108352 16 106177 106178 109300 109301 112868 112869 112870 112871 113197 113198 113199 113200 61396 62504 62537 62860
100968 14 100969 100970 100971 100972 100973 100974 100975 1414 255731 255732 255735 255736 27746 99542
118464 15 117078 117563 118467 119402 119403 119404 125565 125572 125574 125576 125623 216177 216180 216202 216204
100969 14 100968 100970 100971 100972 100973 100974 100975 1414 255731 255732 255735 255736 27746 99542
82079 14 6562 82077 82078 82080 90403 96693 96697 96698 96699 96700 96701 96702 96703 96704
118467 16 117078 117563 117876 118464 119402 119403 119404 125565 125572 125574 125576 125623 216177 216180 216202 216204
82078 14 6562 82077 82079 82080 90403 96693 96697 96698 96699 96700 96701 96702 96703 96704
82077 14 6562 82078 82079 82080 90403 96693 96697 96698 96699 96700 96701 96702 96703 96704
81706 13 161579 161580 161627 161639 161641 161673 161674 161817 161824 161890 162311 162648 79523
8486 13 219529 250120 250122 250123 250124 250125 250126 72154 8458 8574 8576 8579 8706
7373 13 15861 15863 15865 15866 15867 15876 15877 15880 15881 15882 15883 181647 2961
36554 14 161579 161580 161627 161639 161641 161673 161674 161817 161824 161890 161974 162311 162648 79523
185131 13 14371 14372 14374 14375 14376 198303 210709 2851 6923 6924 6925 6926 6927
82080 13 6562 82077 82078 82079 96693 96697 96698 96699 96700 96701 96702 96703 96704
90403 13 6562 82077 82078 82079 96693 96697 96698 96699 96700 96701 96702 96703 96704
117563 17 117078 117876 118464 118467 119402 119403 119404 125565 125572 125574 125576 125623 216177 216180 216202 216204 6562
90020 13 1047 60867 81474 90021 90022 90023 90024 90025 90026 90027 90028 90029 90030
113200 15 106177 106178 108352 109300 109301 111791 112868 112871 113197 113198 113199 61396 62504 62537 62860
90023 13 1047 60867 81474 90020 90021 90022 90024 90025 90026 90027 90028 90029 90030
90024 13 1047 60867 81474 90020 90021 90022 90023 90025 90026 90027 90028 90029 90030
69417 43 1047 69361 69362 69363 69364 69365 69366 69367 69368 69369 69370 69371 69372 69373 69374 69375 69376 69377 69378 69379 69380 69381 69382 69383 69384 69385 69386 69387 69388 69389 69390 69391 69392 69393 69394 69395 69396 69416 69428 69429 69447 69448 69452
90021 14 1047 15880 60867 81474 90020 90022 90023 90024 90025 90026 90027 90028 90029 90030
69416 42 69361 69362 69363 69364 69365 69366 69367 69368 69369 69370 69371 69372 69373 69374 69375 69376 69377 69378 69379 69380 69381 69382 69383 69384 69385 69386 69387 69388 69389 69390 69391 69392 69393 69394 69395 69396 69417 69428 69429 69447 69448 69452
90022 13 1047 60867 81474 90020 90021 90023 90024 90025 90026 90027 90028 90029 90030
58332 13 38580 49076 49090 49202 49203 57847 57849 57850 57851 58328 6450 93047 94722
90027 13 1047 60867 81474 90020 90021 90022 90023 90024 90025 90026 90028 90029 90030
90028 13 1047 60867 81474 90020 90021 90022 90023 90024 90025 90026 90027 90029 90030
90025 13 1047 60867 81474 90020 90021 90022 90023 90024 90026 90027 90028 90029 90030
8706 13 219529 250120 250122 250123 250124 250125 250126 72154 8458 8486 8574 8576 8579
90026 13 1047 60867 81474 90020 90021 90022 90023 90024 90025 90027 90028 90029 90030
74603 4 74601 74602 74604 74605
111791 26 109300 109301 111792 111793 111794 111795 111798 111799 111800 112095 112096 112480 112481 112846 112870 112871 113197 113198 113199 113200 50924 61396 62504 62537 62860 7097
74604 5 74601 74602 74603 74605 74607
111792 17 109300 109301 111791 111793 111794 111795 111799 111800 112868 113197 113199 50924 61396 62504 62537 62860 7097
74605 5 74602 74603 74604 74607 74608
112846 20 106177 109300 109301 111791 111800 112095 112096 112480 112481 112869 112870 112871 113197 113198 50924 61396 62504 62537 62860 7097
74601 3 74602 74603 74604
74602 4 74601 74603 74604 74605
49202 12 38580 49076 49090 49203 57847 57849 57850 57851 58332 6450 93047 94722
49203 12 38580 49076 49090 49202 57847 57849 57850 57851 58332 6450 93047 94722
136070 11 136061 136062 136063 136064 136065 136066 136067 136068 136069 88878 91180
1620 17 228725 256425 256778 256779 256780 256781 256782 256783 256784 256843 256844 256845 256846 256847 256848 256849 256850
126422 14 116581 126420 126421 126423 126424 126425 126426 126427 126434 126435 126437 126438 126439 2327
126421 14 116581 126420 126422 126423 126424 126425 126426 126427 126434 126435 126437 126438 126439 2327
126420 14 116581 126421 126422 126423 126424 126425 126426 126427 126434 126435 126437 126438 126439 2327
126423 14 116581 126420 126421 126422 126424 126425 126426 126427 126434 126435 126437 126438 126439 2327
126424 14 116581 126420 126421 126422 126423 126425 126426 126427 126434 126435 126437 126438 126439 2327
56993 1 87738
126425 14 116581 126420 126421 126422 126423 126424 126426 126427 126434 126435 126437 126438 126439 2327
131323 14 121539 161579 161580 161627 161639 161641 161673 161674 161817 161824 161890 161974 162311 162648
126426 14 116581 126420 126421 126422 126423 126424 126425 126427 126434 126435 126437 126438 126439 2327
126427 14 116581 126420 126421 126422 126423 126424 126425 126426 126434 126435 126437 126438 126439 2327
3135 14 1013 109095 109096 109097 109098 109099 109100 109101 109102 109103 109104 34878 58295 75082
136059 13 136051 136052 136053 136054 136055 136056 136057 136058 136060 136061 136062 88878 91180
136068 11 136061 136062 136063 136064 136065 136066 136067 136069 136070 88878 91180
136069 11 136061 136062 136063 136064 136065 136066 136067 136068 136070 88878 91180
136066 11 136061 136062 136063 136064 136065 136067 136068 136069 136070 88878 91180
58295 13 1013 109095 109096 109097 109098 109099 109100 109101 109102 109103 109104 3135 75082
136067 11 136061 136062 136063 136064 136065 136066 136068 136069 136070 88878 91180
136064 11 136061 136062 136063 136065 136066 136067 136068 136069 136070 88878 91180
136065 11 136061 136062 136063 136064 136066 136067 136068 136069 136070 88878 91180
136062 13 136059 136060 136061 136063 136064 136065 136066 136067 136068 136069 136070 88878 91180
161579 18 10060 121539 131323 161580 161627 161639 161641 161673 161674 161817 161824 161890 161974 162311 162648 36554 79523 81706
136063 12 136060 136061 136062 136064 136065 136066 136067 136068 136069 136070 88878 91180
136060 14 136051 136052 136053 136054 136055 136056 136057 136058 136059 136061 136062 136063 88878 91180
111798 15 106177 109300 109301 111791 111795 111799 111800 112095 112096 50924 61396 62504 62537 62860 7097
136061 14 136058 136059 136060 136062 136063 136064 136065 136066 136067 136068 136069 136070 88878 91180
111799 13 109300 109301 111791 111792 111793 111798 111800 50924 61396 62504 62537 62860 7097
111794 13 109300 109301 111791 111792 111793 111795 111800 50924 61396 62504 62537 62860 7097
162311 17 10060 121539 131323 161579 161580 161627 161639 161641 161673 161674 161817 161824 161890 161974 36554 79523 81706
111793 14 109300 109301 111791 111792 111794 111795 111799 111800 50924 61396 62504 62537 62860 7097
111795 14 109300 109301 111791 111792 111793 111794 111798 111800 50924 61396 62504 62537 62860 7097
74621 5 74618 74619 74620 74622 74623
74622 4 74619 74620 74621 74623
126438 14 116581 126420 126421 126422 126423 126424 126425 126426 126427 126434 126435 126437 126439 2327
74623 3 74620 74621 74622
126439 14 116581 126420 126421 126422 126423 126424 126425 126426 126427 126434 126435 126437 126438 2327
126437 14 116581 126420 126421 126422 126423 126424 126425 126426 126427 126434 126435 126438 126439 2327
126434 14 116581 126420 126421 126422 126423 126424 126425 126426 126427 126435 126437 126438 126439 2327
94216 11 101032 101559 101751 101752 102409 102410 102411 102412 204 3422 8276
126435 14 116581 126420 126421 126422 126423 126424 126425 126426 126427 126434 126437 126438 126439 2327
158405 6 194437 28560 28566 98847 98848 98850
219529 13 250120 250122 250123 250124 250125 250126 72154 8458 8486 8574 8576 8579 8706
1787 13 130809 130810 130811 130812 130813 1477 1788 1789 2409 3472 38207 54849 54851
93825 13 20769 20789 222066 222067 222068 222069 222070 222071 222072 222073 222074 222075 93766
1788 12 130809 130810 130811 130812 130813 1787 1789 2409 3472 38207 54849 54851
1789 12 130809 130810 130811 130812 130813 1787 1788 2409 3472 38207 54849 54851
74620 6 74617 74618 74619 74621 74622 74623
74619 6 74616 74617 74618 74620 74621 74622
74618 6 74615 74616 74617 74619 74620 74621
161580 18 10060 121539 131323 161579 161627 161639 161641 161673 161674 161817 161824 161890 161974 162311 162648 36554 79523 81706
74612 6 74609 74610 74611 74613 74614 74615
74613 6 74610 74611 74612 74614 74615 74616
74610 6 74607 74608 74609 74611 74612 74613
74611 6 74608 74609 74610 74612 74613 74614
74616 6 74613 74614 74615 74617 74618 74619
74617 6 74614 74615 74616 74618 74619 74620
74614 6 74611 74612 74613 74615 74616 74617
74615 6 74612 74613 74614 74616 74617 74618
99731 10 101032 101559 101751 101752 102409 102410 102411 102412 204 94638
244250 2 239932 249351
209320 13 208243 208244 208246 208249 209253 209254 209312 210531 210533 210681 210722 211165 5153
68228 35 141111 141112 141123 141159 141160 141161 141163 141165 141166 141170 141171 141172 141173 141174 141175 141176 141177 141179 141180 141182 141183 141190 141191 141192 141193 141373 141750 141772 141778 141785 33212 38872 38873 38883 38889
74609 5 74607 74608 74610 74611 74612
74608 5 74605 74607 74609 74610 74611
74607 5 74604 74605 74608 74609 74610
3422 10 101751 101752 102409 102410 102411 102412 204 8276 94216 94638
35517 13 179242 179243 179244 179245 179246 179247 179248 179249 179250 179251 179252 179253 7895
135522 0
209253 14 208243 208244 208246 208249 209254 209312 209315 209320 210531 210533 210681 210722 211165 5153
27746 13 100968 100969 100970 100971 100972 100973 100974 100975 255731 255732 255735 255736 99542
209254 13 208243 208244 208246 209253 209312 209315 209320 210531 210533 210681 210722 211165 5153
96698 14 6562 82077 82078 82079 82080 90403 96693 96697 96699 96700 96701 96702 96703 96704
6927 13 14371 14372 14374 14375 14376 185131 198303 210709 2851 6923 6924 6925 6926
96699 14 6562 82077 82078 82079 82080 90403 96693 96697 96698 96700 96701 96702 96703 96704
54000 2 56220 87475
132762 1 132759
93047 13 38580 49076 49090 49202 49203 57847 57849 57850 57851 58332 6450 93046 94722
93046 15 114537 49076 49078 49079 49080 49081 58322 58324 58325 58326 58327 58328 6450 7821 93047
96693 14 6562 82077 82078 82079 82080 90403 96697 96698 96699 96700 96701 96702 96703 96704
6924 13 14371 14372 14374 14375 14376 185131 198303 210709 2851 6923 6925 6926 6927
1562 1 185230
2409 12 130809 130810 130811 130812 130813 1787 1788 1789 3472 38207 54849 54851
3056 10 211343 231345 231347 235794 236106 236112 236540 237048 239446 239662
6923 13 14371 14372 14374 14375 14376 185131 198303 210709 2851 6924 6925 6926 6927
54851 12 130809 130810 130811 130812 130813 1787 1788 1789 2409 3472 38207 54849
6926 13 14371 14372 14374 14375 14376 185131 198303 210709 2851 6923 6924 6925 6927
6925 13 14371 14372 14374 14375 14376 185131 198303 210709 2851 6923 6924 6926 6927
96697 14 6562 82077 82078 82079 82080 90403 96693 96698 96699 96700 96701 96702 96703 96704
239446 9 231345 231347 235794 236106 236112 237048 239313 239662 3056
239932 4 239052 239933 244250 249351
46966 13 144717 144718 144722 144723 144724 144725 144726 144727 144728 144729 144730 144731 46972
239933 3 239053 239932 240020
106177 23 106178 108352 109300 109301 111798 111800 112095 112096 112480 112481 112846 112868 112869 112870 112871 113197 113198 113199 113200 61396 62504 62537 62860
106178 14 106177 108352 112868 112869 112870 112871 113197 113198 113199 113200 61396 62504 62537 62860
112871 18 106177 106178 108352 109300 109301 111791 112846 112868 112869 112870 113197 113198 113199 113200 61396 62504 62537 62860
65507 1 185230
132759 1 132762
239053 5 239050 239052 239933 240020 252922
239052 4 239050 239053 239932 252922
249351 3 237048 239932 244250
239050 3 239052 239053 239662
6935 13 108162 130433 130434 130435 130436 130437 130438 130439 130440 130441 130442 130443 90084
62504 28 106177 106178 108352 109300 109301 111791 111792 111793 111794 111795 111798 111799 111800 112095 112096 112480 112481 112846 112868 112869 112870 112871 113197 113198 113199 113200 61396 62860
112868 15 106177 106178 108352 111792 112869 112870 112871 113197 113198 113199 113200 61396 62504 62537 62860
112869 13 106177 106178 108352 111800 112846 112868 112870 112871 113199 61396 62504 62537 62860
79523 14 161579 161580 161627 161639 161641 161673 161674 161817 161824 161890 162311 162648 36554 81706
105476 0
112870 15 106177 106178 108352 109300 109301 111791 112846 112868 112869 112871 113199 61396 62504 62537 62860
114273 12 114269 114271 114272 114274 114275 121250 121982 122062 49422 67201 7591 78402
3472 12 130809 130810 130811 130812 130813 1787 1788 1789 2409 38207 54849 54851
114274 12 114269 114271 114272 114273 114275 121250 121982 122062 49422 67201 7591 78402
114271 12 114269 114272 114273 114274 114275 121250 121982 122062 49422 67201 7591 78402
78402 12 114269 114271 114272 114273 114274 114275 121250 121982 122062 49422 67201 7591
114272 12 114269 114271 114273 114274 114275 121250 121982 122062 49422 67201 7591 78402
114275 12 114269 114271 114272 114273 114274 121250 121982 122062 49422 67201 7591 78402
252922 4 239052 239053 240020 8579
114269 12 114271 114272 114273 114274 114275 121250 121982 122062 49422 67201 7591 78402
54849 12 130809 130810 130811 130812 130813 1787 1788 1789 2409 3472 38207 54851
239662 7 211343 236106 236112 237048 239050 239446 3056
8276 10 101751 101752 102409 102410 102411 102412 204 3422 94216 94638
1477 3 1787 231347 239313
141112 34 141111 141123 141159 141160 141161 141163 141165 141166 141170 141171 141172 141173 141174 141175 141176 141177 141179 141180 141182 141183 141190 141191 141192 141193 141373 141750 141772 141778 141785 33212 38872 38883 38889 68228
141111 34 141112 141123 141159 141160 141161 141163 141165 141166 141170 141171 141172 141173 141174 141175 141176 141177 141179 141180 141182 141183 141190 141191 141192 141193 141373 141750 141772 141778 141785 33212 38872 38883 38889 68228
98848 3 158405 98847 98850
98847 3 158405 98848 98850
161817 18 10060 121539 131323 161579 161580 161627 161639 161641 161673 161674 161824 161890 161974 162311 162648 36554 79523 81706
7895 13 179242 179243 179244 179245 179246 179247 179248 179249 179250 179251 179252 179253 35517
228813 8 231345 231347 235794 236106 236112 236540 239313 5
240020 4 237048 239053 239933 252922
153375 13 153374 153376 153377 153378 153379 153406 153407 153408 153409 153410 153413 153414 99349
51564 13 105954 165674 1705 1711 1716 1721 254 28421 51524 51545 51560 51562 93905
153376 13 153374 153375 153377 153378 153379 153406 153407 153408 153409 153410 153413 153414 99349
51562 13 105954 165674 1705 1711 1716 1721 254 28421 51524 51545 51560 51564 93905
153374 13 153375 153376 153377 153378 153379 153406 153407 153408 153409 153410 153413 153414 99349
153379 13 153374 153375 153376 153377 153378 153406 153407 153408 153409 153410 153413 153414 99349
51560 13 105954 165674 1705 1711 1716 1721 254 28421 51524 51545 51562 51564 93905
72154 13 219529 250120 250122 250123 250124 250125 250126 8458 8486 8574 8576 8579 8706
153377 13 153374 153375 153376 153378 153379 153406 153407 153408 153409 153410 153413 153414 99349
153378 13 153374 153375 153376 153377 153379 153406 153407 153408 153409 153410 153413 153414 99349
125623 13 117078 117563 117876 118464 118467 119402 119403 119404 216177 216180 216202 216204 6562
99542 14 100968 100969 100970 100971 100972 100973 100974 100975 1414 255731 255732 255735 255736 27746
2327 14 116581 126420 126421 126422 126423 126424 126425 126426 126427 126434 126435 126437 126438 126439
55859 0
153867 12 153862 153863 153865 153866 153887 153888 153889 153890 153891 153892 1906 71
153866 12 153862 153863 153865 153867 153887 153888 153889 153890 153891 153892 1906 71
153865 12 153862 153863 153866 153867 153887 153888 153889 153890 153891 153892 1906 71
153863 12 153862 153865 153866 153867 153887 153888 153889 153890 153891 153892 1906 71
153862 12 153863 153865 153866 153867 153887 153888 153889 153890 153891 153892 1906 71
133624 2 133874 133884
109096 14 1013 109095 109097 109098 109099 109100 109101 109102 109103 109104 3135 34878 58295 75082
109095 14 1013 109096 109097 109098 109099 109100 109101 109102 109103 109104 3135 34878 58295 75082
109098 14 1013 109095 109096 109097 109099 109100 109101 109102 109103 109104 3135 34878 58295 75082
109097 14 1013 109095 109096 109098 109099 109100 109101 109102 109103 109104 3135 34878 58295 75082
109099 14 1013 109095 109096 109097 109098 109100 109101 109102 109103 109104 3135 34878 58295 75082
161639 18 10060 121539 131323 161579 161580 161627 161641 161673 161674 161817 161824 161890 161974 162311 162648 36554 79523 81706
37274 25 118756 133956 133957 133958 133959 133960 133961 133962 133963 133964 133965 133966 133967 133968 133969 133970 133971 133972 133973 133974 133975 133976 133977 133978 133979
256847 17 1620 228725 256425 256778 256779 256780 256781 256782 256783 256784 256843 256844 256845 256846 256848 256849 256850
88878 21 136051 136052 136053 136054 136055 136056 136057 136058 136059 136060 136061 136062 136063 136064 136065 136066 136067 136068 136069 136070 91180
102410 12 101032 101559 101751 101752 102409 102411 102412 3422 8276 94216 94638 99731
256848 17 1620 228725 256425 256778 256779 256780 256781 256782 256783 256784 256843 256844 256845 256846 256847 256849 256850
102411 12 101032 101559 101751 101752 102409 102410 102412 3422 8276 94216 94638 99731
256849 17 1620 228725 256425 256778 256779 256780 256781 256782 256783 256784 256843 256844 256845 256846 256847 256848 256850
102412 12 101032 101559 101751 101752 102409 102410 102411 3422 8276 94216 94638 99731
56220 2 54000 87475
153891 12 153862 153863 153865 153866 153867 153887 153888 153889 153890 153892 1906 71
71380 4 185230 57191 71381 71382
153890 12 153862 153863 153865 153866 153867 153887 153888 153889 153891 153892 1906 71
71382 3 185230 71380 71381
153892 12 153862 153863 153865 153866 153867 153887 153888 153889 153890 153891 1906 71
71381 3 185230 71380 71382
256843 17 1620 228725 256425 256778 256779 256780 256781 256782 256783 256784 256844 256845 256846 256847 256848 256849 256850
256844 17 1620 228725 256425 256778 256779 256780 256781 256782 256783 256784 256843 256845 256846 256847 256848 256849 256850
256845 17 1620 228725 256425 256778 256779 256780 256781 256782 256783 256784 256843 256844 256846 256847 256848 256849 256850
256846 17 1620 228725 256425 256778 256779 256780 256781 256782 256783 256784 256843 256844 256845 256847 256848 256849 256850
240061 0
189739 0
98850 3 158405 98847 98848
236112 11 211343 228813 231345 231347 235794 236106 236540 239313 239446 239662 3056
161824 18 10060 121539 131323 161579 161580 161627 161639 161641 161673 161674 161817 161890 161974 162311 162648 36554 79523 81706
105954 13 165674 1705 1711 1716 1721 254 28421 51524 51545 51560 51562 51564 93905
161627 18 10060 121539 131323 161579 161580 161639 161641 161673 161674 161817 161824 161890 161974 162311 162648 36554 79523 81706
153889 12 153862 153863 153865 153866 153867 153887 153888 153890 153891 153892 1906 71
153888 12 153862 153863 153865 153866 153867 153887 153889 153890 153891 153892 1906 71
153887 12 153862 153863 153865 153866 153867 153888 153889 153890 153891 153892 1906 71
135508 1 135506
135506 1 135508
211165 14 208243 208244 208246 208249 209253 209254 209312 209315 209320 210531 210533 210681 210722 5153
236106 11 211343 228813 231345 231347 235794 236112 236540 239313 239446 239662 3056
113199 18 106177 106178 108352 109300 109301 111791 111792 112868 112869 112870 112871 113197 113198 113200 61396 62504 62537 62860
256850 17 1620 228725 256425 256778 256779 256780 256781 256782 256783 256784 256843 256844 256845 256846 256847 256848 256849
113197 17 106177 106178 108352 109300 109301 111791 111792 112846 112868 112871 113198 113199 113200 61396 62504 62537 62860
113198 16 106177 106178 108352 109300 109301 111791 112846 112868 112871 113197 113199 113200 61396 62504 62537 62860
93766 13 20769 20789 222066 222067 222068 222069 222070 222071 222072 222073 222074 222075 93825
116429 12 116426 116427 116428 116430 116431 116432 78841 78842 78843 78844 78845 78846
28560 3 158405 28557 28563
116428 12 116426 116427 116429 116430 116431 116432 78841 78842 78843 78844 78845 78846
133968 17 118756 133956 133958 133960 133962 133964 133965 133966 133967 133969 133970 133971 133972 133974 133976 133978 37274
116427 12 116426 116428 116429 116430 116431 116432 78841 78842 78843 78844 78845 78846
133969 17 118756 133957 133959 133961 133963 133965 133966 133967 133968 133970 133971 133972 133973 133975 133977 133979 37274
28566 2 158405 28563
116426 12 116427 116428 116429 116430 116431 116432 78841 78842 78843 78844 78845 78846
222070 13 20769 20789 222066 222067 222068 222069 222071 222072 222073 222074 222075 93766 93825
133966 17 118756 133956 133958 133960 133962 133963 133964 133965 133967 133968 133969 133970 133972 133974 133976 133978 37274
28563 2 28560 28566
133967 17 118756 133957 133959 133961 133963 133964 133965 133966 133968 133969 133970 133971 133973 133975 133977 133979 37274
222072 13 20769 20789 222066 222067 222068 222069 222070 222071 222073 222074 222075 93766 93825
133964 17 118756 133956 133958 133960 133961 133962 133963 133965 133966 133967 133968 133970 133972 133974 133976 133978 37274
222071 13 20769 20789 222066 222067 222068 222069 222070 222072 222073 222074 222075 93766 93825
133965 17 118756 133957 133959 133961 133962 133963 133964 133966 133967 133968 133969 133971 133973 133975 133977 133979 37274
133873 4 133874 133875 133883 133891
222074 13 20769 20789 222066 222067 222068 222069 222070 222071 222072 222073 222075 93766 93825
133962 17 118756 133956 133958 133959 133960 133961 133963 133964 133965 133966 133968 133970 133972 133974 133976 133978 37274
222073 13 20769 20789 222066 222067 222068 222069 222070 222071 222072 222074 222075 93766 93825
133963 17 118756 133957 133959 133960 133961 133962 133964 133965 133966 133967 133969 133971 133973 133975 133977 133979 37274
38883 31 141111 141112 141159 141160 141161 141163 141165 141166 141170 141171 141172 141173 141174 141175 141176 141177 141179 141180 141182 141183 141190 141191 141192 141193 141373 141750 141772 141778 141785 33212 68228
133960 17 118756 133956 133957 133958 133959 133961 133962 133963 133964 133966 133968 133970 133972 133974 133976 133978 37274
222075 13 20769 20789 222066 222067 222068 222069 222070 222071 222072 222073 222074 93766 93825
133961 17 118756 133957 133958 133959 133960 133962 133963 133964 133965 133967 133969 133971 133973 133975 133977 133979 37274
87738 1 56993
133874 4 133624 133873 133875 133884
179641 0
133875 4 133873 133874 133885 133891
222068 13 20769 20789 222066 222067 222069 222070 222071 222072 222073 222074 222075 93766 93825
38889 32 118679 141111 141112 141159 141160 141161 141163 141165 141166 141170 141171 141172 141173 141174 141175 141176 141177 141179 141180 141182 141183 141190 141191 141192 141193 141373 141750 141772 141778 141785 33212 68228
222069 13 20769 20789 222066 222067 222068 222070 222071 222072 222073 222074 222075 93766 93825
28421 13 105954 165674 1705 1711 1716 1721 254 51524 51545 51560 51562 51564 93905
116431 12 116426 116427 116428 116429 116430 116432 78841 78842 78843 78844 78845 78846
210531 14 208243 208244 208246 208249 209253 209254 209312 209315 209320 210533 210681 210722 211165 5153
60867 12 81474 90020 90021 90022 90023 90024 90025 90026 90027 90028 90029 90030
116432 12 116426 116427 116428 116429 116430 116431 78841 78842 78843 78844 78845 78846
210533 14 208243 208244 208246 208249 209253 209254 209312 209315 209320 210531 210681 210722 211165 5153
116430 12 116426 116427 116428 116429 116431 116432 78841 78842 78843 78844 78845 78846
136058 12 136051 136052 136053 136054 136055 136056 136057 136059 136060 136061 88878 91180
136057 11 136051 136052 136053 136054 136055 136056 136058 136059 136060 88878 91180
136056 11 136051 136052 136053 136054 136055 136057 136058 136059 136060 88878 91180
136055 11 136051 136052 136053 136054 136056 136057 136058 136059 136060 88878 91180
136054 11 136051 136052 136053 136055 136056 136057 136058 136059 136060 88878 91180
133977 16 118756 133957 133959 133961 133963 133965 133967 133969 133971 133973 133974 133975 133976 133978 133979 37274
136053 11 136051 136052 136054 136055 136056 136057 136058 136059 136060 88878 91180
133978 16 118756 133956 133958 133960 133962 133964 133966 133968 133970 133972 133974 133975 133976 133977 133979 37274
51524 13 105954 165674 1705 1711 1716 1721 254 28421 51545 51560 51562 51564 93905
136052 11 136051 136053 136054 136055 136056 136057 136058 136059 136060 88878 91180
133979 16 118756 119403 133957 133959 133961 133963 133965 133967 133969 133971 133973 133975 133976 133977 133978 37274
136051 11 136052 136053 136054 136055 136056 136057 136058 136059 136060 88878 91180
133973 17 118756 133957 133959 133961 133963 133965 133967 133969 133970 133971 133972 133974 133975 133976 133977 133979 37274
38873 30 141159 141160 141161 141163 141165 141166 141170 141171 141172 141173 141174 141175 141176 141177 141179 141180 141182 141183 141190 141191 141192 141193 141373 141750 141772 141778 141785 33212 38872 68228
133974 17 118756 133956 133958 133960 133962 133964 133966 133968 133970 133971 133972 133973 133975 133976 133977 133978 37274
38872 32 141111 141112 141159 141160 141161 141163 141165 141166 141170 141171 141172 141173 141174 141175 141176 141177 141179 141180 141182 141183 141190 141191 141192 141193 141373 141750 141772 141778 141785 33212 38873 68228
133975 17 118756 133957 133959 133961 133963 133965 133967 133969 133971 133972 133973 133974 133976 133977 133978 133979 37274
133976 17 118756 133956 133958 133960 133962 133964 133966 133968 133970 133972 133973 133974 133975 133977 133978 133979 37274
216202 15 117078 117563 117876 118464 118467 119402 119403 119404 125565 125572 125574 125576 125623 216204 6562
133970 17 118756 133956 133958 133960 133962 133964 133966 133967 133968 133969 133971 133972 133973 133974 133976 133978 37274
216204 15 117078 117563 117876 118464 118467 119402 119403 119404 125565 125572 125574 125576 125623 216202 6562
133971 17 118756 133957 133959 133961 133963 133965 133967 133968 133969 133970 133972 133973 133974 133975 133977 133979 37274
133972 17 118756 133956 133958 133960 133962 133964 133966 133968 133969 133970 133971 133973 133974 133975 133976 133978 37274
102409 12 101032 101559 101751 101752 102410 102411 102412 3422 8276 94216 94638 99731
144730 13 144717 144718 144722 144723 144724 144725 144726 144727 144728 144729 144731 46966 46972
28557 1 28560
209312 14 208243 208244 208246 208249 209253 209254 209315 209320 210531 210533 210681 210722 211165 5153
71 11 153862 153863 153865 153866 153867 153887 153888 153889 153890 153891 153892
38207 12 130809 130810 130811 130812 130813 1787 1788 1789 2409 3472 54849 54851
209315 13 208243 208244 208246 208249 209253 209254 209312 210531 210533 210681 210722 211165 5153
144731 13 144717 144718 144722 144723 144724 144725 144726 144727 144728 144729 144730 46966 46972
208243 14 208244 208246 208249 209253 209254 209312 209315 209320 210531 210533 210681 210722 211165 5153
208244 14 208243 208246 208249 209253 209254 209312 209315 209320 210531 210533 210681 210722 211165 5153
208246 14 208243 208244 208249 209253 209254 209312 209315 209320 210531 210533 210681 210722 211165 5153
161974 15 10060 121539 131323 161579 161580 161627 161639 161641 161673 161674 161817 161824 161890 162311 36554
208249 13 208243 208244 208246 209253 209312 209315 209320 210531 210533 210681 210722 211165 5153
144729 13 144717 144718 144722 144723 144724 144725 144726 144727 144728 144730 144731 46966 46972
57190 5 185230 57187 57188 57189 57191
144728 13 144717 144718 144722 144723 144724 144725 144726 144727 144729 144730 144731 46966 46972
57191 5 185230 57188 57189 57190 71380
144725 13 144717 144718 144722 144723 144724 144726 144727 144728 144729 144730 144731 46966 46972
144724 13 144717 144718 144722 144723 144725 144726 144727 144728 144729 144730 144731 46966 46972
144727 13 144717 144718 144722 144723 144724 144725 144726 144728 144729 144730 144731 46966 46972
144726 13 144717 144718 144722 144723 144724 144725 144727 144728 144729 144730 144731 46966 46972
144723 13 144717 144718 144722 144724 144725 144726 144727 144728 144729 144730 144731 46966 46972
144722 13 144717 144718 144723 144724 144725 144726 144727 144728 144729 144730 144731 46966 46972
51545 13 105954 165674 1705 1711 1716 1721 254 28421 51524 51560 51562 51564 93905
133956 15 118756 133957 133958 133959 133960 133962 133964 133966 133968 133970 133972 133974 133976 133978 37274
133957 16 118756 133956 133958 133959 133960 133961 133963 133965 133967 133969 133971 133973 133975 133977 133979 37274
108741 0
133958 16 118756 133956 133957 133959 133960 133961 133962 133964 133966 133968 133970 133972 133974 133976 133978 37274
133959 17 118756 133956 133957 133958 133960 133961 133962 133963 133965 133967 133969 133971 133973 133975 133977 133979 37274
154500 13 154484 154485 154486 154487 154488 154493 154494 154495 154496 154497 154498 154501 154502
57189 6 185230 57186 57187 57188 57190 57191
117078 16 117563 118464 118467 119402 119403 119404 125565 125572 125574 125576 125623 216177 216180 216202 216204 6562
154501 13 154484 154485 154486 154487 154488 154493 154494 154495 154496 154497 154498 154500 154502
154502 14 141177 154484 154485 154486 154487 154488 154493 154494 154495 154496 154497 154498 154500 154501
222067 13 20769 20789 222066 222068 222069 222070 222071 222072 222073 222074 222075 93766 93825
133885 4 133875 133882 133883 133884
222066 13 20769 20789 222067 222068 222069 222070 222071 222072 222073 222074 222075 93766 93825
7953 0
81474 13 1047 60867 90020 90021 90022 90023 90024 90025 90026 90027 90028 90029 90030
133882 3 133883 133884 133885
133883 4 133873 133882 133884 133885
133884 6 133624 133874 133882 133883 133885 133891
144718 13 144717 144722 144723 144724 144725 144726 144727 144728 144729 144730 144731 46966 46972
133891 3 133873 133875 133884
144717 13 144718 144722 144723 144724 144725 144726 144727 144728 144729 144730 144731 46966 46972
57180 7 185230 57177 57178 57179 57181 57182 57183
235794 11 211343 228813 231345 231347 236106 236112 236540 239313 239446 3056 90030
122062 12 114269 114271 114272 114273 114274 114275 121250 121982 49422 67201 7591 78402
57185 7 185230 57182 57183 57184 57186 57187 57188
57186 7 185230 57183 57184 57185 57187 57188 57189
57187 7 185230 57184 57185 57186 57188 57189 57190
57188 7 185230 57185 57186 57187 57189 57190 57191
7097 17 109300 109301 111791 111792 111793 111794 111795 111798 111799 112095 112096 112480 112481 112846 114537 49076 49081
182709 3 182377 182699 210942
57181 7 185230 57178 57179 57180 57182 57183 57184
57182 7 185230 57179 57180 57181 57183 57184 57185
57183 7 185230 57180 57181 57182 57184 57185 57186
57184 7 185230 57181 57182 57183 57185 57186 57187
67490 15 67480 67481 67482 67483 67484 67485 67486 67487 67488 67489 67491 67492 67493 67494 67495
57173 3 185230 57172 57175
67491 15 67480 67481 67482 67483 67484 67485 67486 67487 67488 67489 67490 67492 67493 67494 67495
57172 3 185230 57173 57175
67492 15 67480 67481 67482 67483 67484 67485 67486 67487 67488 67489 67490 67491 67493 67494 67495
57175 5 185230 57172 57173 57177 57178
255736 14 100968 100969 100970 100971 100972 100973 100974 100975 1414 255731 255732 255735 27746 99542
67493 15 67480 67481 67482 67483 67484 67485 67486 67487 67488 67489 67490 67491 67492 67494 67495
67494 15 67480 67481 67482 67483 67484 67485 67486 67487 67488 67489 67490 67491 67492 67493 67495
57177 5 185230 57175 57178 57179 57180
67495 15 67480 67481 67482 67483 67484 67485 67486 67487 67488 67489 67490 67491 67492 67493 67494
255732 14 100968 100969 100970 100971 100972 100973 100974 100975 1414 255731 255735 255736 27746 99542
255735 14 100968 100969 100970 100971 100972 100973 100974 100975 1414 255731 255732 255736 27746 99542
49081 15 114537 49076 49078 49079 49080 58322 58324 58325 58326 58327 58328 6450 7097 7821 93046
49080 14 114537 49076 49078 49079 49081 58322 58324 58325 58326 58327 58328 6450 7821 93046
255731 14 100968 100969 100970 100971 100972 100973 100974 100975 1414 255732 255735 255736 27746 99542
154496 13 154484 154485 154486 154487 154488 154493 154494 154495 154497 154498 154500 154501 154502
161890 17 10060 121539 131323 161579 161580 161627 161639 161641 161673 161674 161817 161824 161974 162311 36554 79523 81706
154495 13 154484 154485 154486 154487 154488 154493 154494 154496 154497 154498 154500 154501 154502
141785 13 141111 141112 141123 141373 141750 141772 141778 33212 38872 38873 38883 38889 68228
154498 13 154484 154485 154486 154487 154488 154493 154494 154495 154496 154497 154500 154501 154502
154497 13 154484 154485 154486 154487 154488 154493 154494 154495 154496 154498 154500 154501 154502
130809 12 130810 130811 130812 130813 1787 1788 1789 2409 3472 38207 54849 54851
99349 13 153374 153375 153376 153377 153378 153379 153406 153407 153408 153409 153410 153413 153414
125576 14 117078 117563 117876 118464 118467 119402 119403 119404 125574 216177 216180 216202 216204 6562
57178 6 185230 57175 57177 57179 57180 57181
57179 6 185230 57177 57178 57180 57181 57182
34878 13 1013 109095 109096 109097 109098 109099 109100 109101 109102 109103 109104 3135 75082
6562 29 117078 117563 117876 119402 119403 119404 125565 125572 125574 125576 125623 216177 216180 216202 216204 82077 82078 82079 82080 90403 96693 96697 96698 96699 96700 96701 96702 96703 96704
216177 15 117078 117563 117876 118464 118467 119402 119403 119404 125565 125572 125574 125576 125623 216180 6562
141192 15 141111 141112 141123 141190 141191 141193 141373 141750 141772 141778 38872 38873 38883 38889 68228
67201 12 114269 114271 114272 114273 114274 114275 121250 121982 122062 49422 7591 78402
141193 15 141111 141112 141123 141190 141191 141192 141373 141750 141772 141778 38872 38873 38883 38889 68228
67480 15 67481 67482 67483 67484 67485 67486 67487 67488 67489 67490 67491 67492 67493 67494 67495
50924 14 109300 109301 111791 111792 111793 111794 111795 111798 111799 112095 112096 112480 112481 112846
67483 15 67480 67481 67482 67484 67485 67486 67487 67488 67489 67490 67491 67492 67493 67494 67495
125574 15 117078 117563 117876 118464 118467 119402 119403 119404 125572 125576 216177 216180 216202 216204 6562
67484 15 67480 67481 67482 67483 67485 67486 67487 67488 67489 67490 67491 67492 67493 67494 67495
141190 15 141111 141112 141123 141191 141192 141193 141373 141750 141772 141778 38872 38873 38883 38889 68228
67481 15 67480 67482 67483 67484 67485 67486 67487 67488 67489 67490 67491 67492 67493 67494 67495
141191 15 141111 141112 141123 141190 141192 141193 141373 141750 141772 141778 38872 38873 38883 38889 68228
125572 14 117078 117563 117876 118464 118467 119402 119403 119404 125574 216177 216180 216202 216204 6562
67482 15 67480 67481 67483 67484 67485 67486 67487 67488 67489 67490 67491 67492 67493 67494 67495
1906 11 153862 153863 153865 153866 153867 153887 153888 153889 153890 153891 153892
49090 12 38580 49076 49202 49203 57847 57849 57850 57851 58332 6450 93047 94722
101032 11 101559 101751 101752 102409 102410 102411 102412 204 94216 94638 99731
216180 15 117078 117563 117876 118464 118467 119402 119403 119404 125565 125572 125574 125576 125623 216177 6562
94722 12 38580 49076 49090 49202 49203 57847 57849 57850 57851 58332 6450 93047
67488 15 67480 67481 67482 67483 67484 67485 67486 67487 67489 67490 67491 67492 67493 67494 67495
67487 15 67480 67481 67482 67483 67484 67485 67486 67488 67489 67490 67491 67492 67493 67494 67495
125565 13 117078 117563 117876 118464 118467 119402 119403 119404 216177 216180 216202 216204 6562
67486 15 67480 67481 67482 67483 67484 67485 67487 67488 67489 67490 67491 67492 67493 67494 67495
67485 16 109300 67480 67481 67482 67483 67484 67486 67487 67488 67489 67490 67491 67492 67493 67494 67495
67489 15 67480 67481 67482 67483 67484 67485 67486 67487 67488 67490 67491 67492 67493 67494 67495
141180 16 141111 141112 141123 141177 141179 141182 141183 141373 141750 141772 141778 38872 38873 38883 38889 68228
141373 32 141111 141112 141123 141159 141160 141161 141163 141165 141166 141170 141171 141172 141173 141174 141175 141176 141177 141179 141180 141182 141183 141190 141191 141192 141193 141785 33212 38872 38873 38883 38889 68228
141183 14 141111 141112 141123 141180 141182 141373 141750 141772 141778 38872 38873 38883 38889 68228
33212 13 141111 141112 141123 141373 141750 141772 141778 141785 38872 38873 38883 38889 68228
141182 15 141111 141112 141123 141179 141180 141183 141373 141750 141772 141778 38872 38873 38883 38889 68228
228725 17 1620 256425 256778 256779 256780 256781 256782 256783 256784 256843 256844 256845 256846 256847 256848 256849 256850
210942 2 182699 182709
153406 13 153374 153375 153376 153377 153378 153379 153407 153408 153409 153410 153413 153414 99349
153409 13 153374 153375 153376 153377 153378 153379 153406 153407 153408 153410 153413 153414 99349
153407 13 153374 153375 153376 153377 153378 153379 153406 153408 153409 153410 153413 153414 99349
153408 13 153374 153375 153376 153377 153378 153379 153406 153407 153409 153410 153413 153414 99349
141177 18 141111 141112 141123 141174 141175 141176 141179 141180 141373 141750 141772 141778 154502 38872 38873 38883 38889 68228
141176 17 141111 141112 141123 141173 141174 141175 141177 141179 141373 141750 141772 141778 38872 38873 38883 38889 68228
7821 14 114537 49076 49078 49079 49080 49081 58322 58324 58325 58326 58327 58328 6450 93046
141175 17 141111 141112 141123 141172 141173 141174 141176 141177 141373 141750 141772 141778 38872 38873 38883 38889 68228
141174 18 141111 141112 141123 141171 141172 141173 141175 141176 141177 141373 141750 141772 141778 38872 38873 38883 38889 68228
90082 13 108162 130433 130434 130435 130436 130437 130438 130439 130440 130441 130442 130443 90084
90084 14 108162 130433 130434 130435 130436 130437 130438 130439 130440 130441 130442 130443 6935 90082
141179 16 141111 141112 141123 141176 141177 141180 141182 141373 141750 141772 141778 38872 38873 38883 38889 68228
118746 2 118453 91517
5153 14 208243 208244 208246 208249 209253 209254 209312 209315 209320 210531 210533 210681 210722 211165
237048 5 239446 239662 240020 249351 3056
141170 15 141111 141112 141123 141171 141172 141173 141373 141750 141772 141778 38872 38873 38883 38889 68228
62860 29 106177 106178 108352 109300 109301 111791 111792 111793 111794 111795 111798 111799 111800 112095 112096 112480 112481 112846 112868 112869 112870 112871 113197 113198 113199 113200 61396 62504 62537
141171 16 141111 141112 141123 141170 141172 141173 141174 141373 141750 141772 141778 38872 38873 38883 38889 68228
141172 17 141111 141112 141123 141170 141171 141173 141174 141175 141373 141750 141772 141778 38872 38873 38883 38889 68228
141173 18 141111 141112 141123 141170 141171 141172 141174 141175 141176 141373 141750 141772 141778 38872 38873 38883 38889 68228
154493 13 154484 154485 154486 154487 154488 154494 154495 154496 154497 154498 154500 154501 154502
154494 13 154484 154485 154486 154487 154488 154493 154495 154496 154497 154498 154500 154501 154502
130810 12 130809 130811 130812 130813 1787 1788 1789 2409 3472 38207 54849 54851
130811 12 130809 130810 130812 130813 1787 1788 1789 2409 3472 38207 54849 54851
130812 12 130809 130810 130811 130813 1787 1788 1789 2409 3472 38207 54849 54851
130813 12 130809 130810 130811 130812 1787 1788 1789 2409 3472 38207 54849 54851
15882 13 15861 15863 15865 15866 15867 15876 15877 15880 15881 15883 181647 2961 7373
15883 13 15861 15863 15865 15866 15867 15876 15877 15880 15881 15882 181647 2961 7373
15880 14 15861 15863 15865 15866 15867 15876 15877 15881 15882 15883 181647 2961 7373 90021
15881 13 15861 15863 15865 15866 15867 15876 15877 15880 15882 15883 181647 2961 7373
153414 13 153374 153375 153376 153377 153378 153379 153406 153407 153408 153409 153410 153413 99349
154488 13 154484 154485 154486 154487 154493 154494 154495 154496 154497 154498 154500 154501 154502
154487 13 154484 154485 154486 154488 154493 154494 154495 154496 154497 154498 154500 154501 154502
154486 13 154484 154485 154487 154488 154493 154494 154495 154496 154497 154498 154500 154501 154502
141772 34 141111 141112 141123 141159 141160 141161 141163 141165 141166 141170 141171 141172 141173 141174 141175 141176 141177 141179 141180 141182 141183 141190 141191 141192 141193 141750 141778 141785 33212 38872 38873 38883 38889 68228
154485 13 154484 154486 154487 154488 154493 154494 154495 154496 154497 154498 154500 154501 154502
154484 13 154485 154486 154487 154488 154493 154494 154495 154496 154497 154498 154500 154501 154502
75082 14 1013 109095 109096 109097 109098 109099 109100 109101 109102 109103 109104 3135 34878 58295
141163 16 141111 141112 141123 141160 141161 141165 141166 141373 141750 141772 141778 38872 38873 38883 38889 68228
141166 14 141111 141112 141123 141163 141165 141373 141750 141772 141778 38872 38873 38883 38889 68228
141778 34 141111 141112 141123 141159 141160 141161 141163 141165 141166 141170 141171 141172 141173 141174 141175 141176 141177 141179 141180 141182 141183 141190 141191 141192 141193 141750 141772 141785 33212 38872 38873 38883 38889 68228
141165 14 141111 141112 141123 141163 141166 141373 141750 141772 141778 38872 38873 38883 38889 68228
153410 13 153374 153375 153376 153377 153378 153379 153406 153407 153408 153409 153413 153414 99349
121982 12 114269 114271 114272 114273 114274 114275 121250 122062 49422 67201 7591 78402
114537 14 49078 49079 49080 49081 58322 58324 58325 58326 58327 58328 6450 7097 7821 93046
108162 14 130433 130434 130435 130436 130437 130438 130439 130440 130441 130442 130443 6935 90082 90084
153413 13 153374 153375 153376 153377 153378 153379 153406 153407 153408 153409 153410 153414 99349
121250 12 114269 114271 114272 114273 114274 114275 121982 122062 49422 67201 7591 78402
210722 14 208243 208244 208246 208249 209253 209254 209312 209315 209320 210531 210533 210681 211165 5153
182377 2 182699 182709
69452 42 69361 69362 69363 69364 69365 69366 69367 69368 69369 69370 69371 69372 69373 69374 69375 69376 69377 69378 69379 69380 69381 69382 69383 69384 69385 69386 69387 69388 69389 69390 69391 69392 69393 69394 69395 69396 69416 69417 69428 69429 69447 69448
141161 15 141111 141112 141123 141159 141160 141163 141373 141750 141772 141778 38872 38873 38883 38889 68228
1047 14 69417 69428 81474 90020 90021 90022 90023 90024 90025 90026 90027 90028 90029 90030
141160 15 141111 141112 141123 141159 141161 141163 141373 141750 141772 141778 38872 38873 38883 38889 68228
8574 13 219529 250120 250122 250123 250124 250125 250126 72154 8458 8486 8576 8579 8706
38580 12 49076 49090 49202 49203 57847 57849 57850 57851 58332 6450 93047 94722
211343 8 231347 235794 236106 236112 236540 239313 239662 3056
8576 13 219529 250120 250122 250123 250124 250125 250126 72154 8458 8486 8574 8579 8706
5061 35 69361 69362 69363 69364 69365 69366 69367 69368 69369 69370 69371 69372 69373 69374 69375 69376 69377 69378 69379 69380 69381 69382 69383 69384 69385 69386 69387 69388 69389 69390 69391 69392 69393 69394 69395
8579 14 219529 250120 250122 250123 250124 250125 250126 252922 72154 8458 8486 8574 8576 8706
141159 14 141111 141112 141123 141160 141161 141373 141750 141772 141778 38872 38873 38883 38889 68228
120293 1 118679
69395 43 5061 69361 69362 69363 69364 69365 69366 69367 69368 69369 69370 69371 69372 69373 69374 69375 69376 69377 69378 69379 69380 69381 69382 69383 69384 69385 69386 69387 69388 69389 69390 69391 69392 69393 69394 69396 69416 69417 69428 69429 69447 69448 69452
69396 42 69361 69362 69363 69364 69365 69366 69367 69368 69369 69370 69371 69372 69373 69374 69375 69376 69377 69378 69379 69380 69381 69382 69383 69384 69385 69386 69387 69388 69389 69390 69391 69392 69393 69394 69395 69416 69417 69428 69429 69447 69448 69452
69393 15 5061 69361 69390 69391 69392 69394 69395 69396 69416 69417 69428 69429 69447 69448 69452
69394 14 5061 69361 69391 69392 69393 69395 69396 69416 69417 69428 69429 69447 69448 69452
69391 17 5061 69361 69388 69389 69390 69392 69393 69394 69395 69396 69416 69417 69428 69429 69447 69448 69452
69392 16 5061 69361 69389 69390 69391 69393 69394 69395 69396 69416 69417 69428 69429 69447 69448 69452
15877 13 15861 15863 15865 15866 15867 15876 15880 15881 15882 15883 181647 2961 7373
69390 17 5061 69361 69387 69388 69389 69391 69392 69393 69395 69396 69416 69417 69428 69429 69447 69448 69452
15876 13 15861 15863 15865 15866 15867 15877 15880 15881 15882 15883 181647 2961 7373
15861 13 15863 15865 15866 15867 15876 15877 15880 15881 15882 15883 181647 2961 7373
6450 25 114537 38580 49076 49078 49079 49080 49081 49090 49202 49203 57847 57849 57850 57851 58322 58324 58325 58326 58327 58328 58332 7821 93046 93047 94722
91517 3 118453 118746 86181
161641 18 10060 121539 131323 161579 161580 161627 161639 161673 161674 161817 161824 161890 161974 162311 162648 36554 79523 81706
236540 8 211343 228813 231345 231347 235794 236106 236112 3056
121539 14 131323 161579 161580 161627 161639 161641 161673 161674 161817 161824 161890 161974 162311 162648
61396 28 106177 106178 108352 109300 109301 111791 111792 111793 111794 111795 111798 111799 111800 112095 112096 112480 112481 112846 112868 112869 112870 112871 113197 113198 113199 113200 62504 62860
101751 12 101032 101559 101752 102409 102410 102411 102412 3422 8276 94216 94638 99731
101752 12 101032 101559 101751 102409 102410 102411 102412 3422 8276 94216 94638 99731
69389 17 5061 69361 69386 69387 69388 69390 69391 69392 69395 69396 69416 69417 69428 69429 69447 69448 69452
159612 0
69388 17 5061 69361 69385 69386 69387 69389 69390 69391 69395 69396 69416 69417 69428 69429 69447 69448 69452
69384 17 5061 69361 69381 69382 69383 69385 69386 69387 69395 69396 69416 69417 69428 69429 69447 69448 69452
69385 17 5061 69361 69382 69383 69384 69386 69387 69388 69395 69396 69416 69417 69428 69429 69447 69448 69452
69386 17 5061 69361 69383 69384 69385 69387 69388 69389 69395 69396 69416 69417 69428 69429 69447 69448 69452
69387 17 5061 69361 69384 69385 69386 69388 69389 69390 69395 69396 69416 69417 69428 69429 69447 69448 69452
69380 17 5061 69361 69377 69378 69379 69381 69382 69383 69395 69396 69416 69417 69428 69429 69447 69448 69452
69381 17 5061 69361 69378 69379 69380 69382 69383 69384 69395 69396 69416 69417 69428 69429 69447 69448 69452
69382 18 5061 58322 69361 69379 69380 69381 69383 69384 69385 69395 69396 69416 69417 69428 69429 69447 69448 69452
69383 17 5061 69361 69380 69381 69382 69384 69385 69386 69395 69396 69416 69417 69428 69429 69447 69448 69452
118756 25 133956 133957 133958 133959 133960 133961 133962 133963 133964 133965 133966 133967 133968 133969 133970 133971 133972 133973 133974 133975 133976 133977 133978 133979 37274
15866 13 15861 15863 15865 15867 15876 15877 15880 15881 15882 15883 181647 2961 7373
15867 13 15861 15863 15865 15866 15876 15877 15880 15881 15882 15883 181647 2961 7373
69447 42 69361 69362 69363 69364 69365 69366 69367 69368 69369 69370 69371 69372 69373 69374 69375 69376 69377 69378 69379 69380 69381 69382 69383 69384 69385 69386 69387 69388 69389 69390 69391 69392 69393 69394 69395 69396 69416 69417 69428 69429 69448 69452
15865 13 15861 15863 15866 15867 15876 15877 15880 15881 15882 15883 181647 2961 7373
69448 42 69361 69362 69363 69364 69365 69366 69367 69368 69369 69370 69371 69372 69373 69374 69375 69376 69377 69378 69379 69380 69381 69382 69383 69384 69385 69386 69387 69388 69389 69390 69391 69392 69393 69394 69395 69396 69416 69417 69428 69429 69447 69452
15863 13 15861 15865 15866 15867 15876 15877 15880 15881 15882 15883 181647 2961 7373
161673 18 10060 121539 131323 161579 161580 161627 161639 161641 161674 161817 161824 161890 161974 162311 162648 36554 79523 81706
161674 18 10060 121539 131323 161579 161580 161627 161639 161641 161673 161817 161824 161890 161974 162311 162648 36554 79523 81706
250120 13 219529 250122 250123 250124 250125 250126 72154 8458 8486 8574 8576 8579 8706
250123 13 219529 250120 250122 250124 250125 250126 72154 8458 8486 8574 8576 8579 8706
250122 13 219529 250120 250123 250124 250125 250126 72154 8458 8486 8574 8576 8579 8706
57847 13 38580 49076 49090 49202 49203 57849 57850 57851 58327 58332 6450 93047 94722
250125 13 219529 250120 250122 250123 250124 250126 72154 8458 8486 8574 8576 8579 8706
250124 13 219529 250120 250122 250123 250125 250126 72154 8458 8486 8574 8576 8579 8706
57849 13 38580 49076 49090 49202 49203 57847 57850 57851 58324 58332 6450 93047 94722
117876 15 117563 118467 119402 119403 119404 125565 125572 125574 125576 125623 216177 216180 216202 216204 6562
210709 13 14371 14372 14374 14375 14376 185131 198303 2851 6923 6924 6925 6926 6927
250126 13 219529 250120 250122 250123 250124 250125 72154 8458 8486 8574 8576 8579 8706
69379 17 5061 69361 69376 69377 69378 69380 69381 69382 69395 69396 69416 69417 69428 69429 69447 69448 69452
69378 17 5061 69361 69375 69376 69377 69379 69380 69381 69395 69396 69416 69417 69428 69429 69447 69448 69452
69377 17 5061 69361 69374 69375 69376 69378 69379 69380 69395 69396 69416 69417 69428 69429 69447 69448 69452
69371 17 5061 69361 69368 69369 69370 69372 69373 69374 69395 69396 69416 69417 69428 69429 69447 69448 69452
69372 17 5061 69361 69369 69370 69371 69373 69374 69375 69395 69396 69416 69417 69428 69429 69447 69448 69452
69370 17 5061 69361 69367 69368 69369 69371 69372 69373 69395 69396 69416 69417 69428 69429 69447 69448 69452
69375 17 5061 69361 69372 69373 69374 69376 69377 69378 69395 69396 69416 69417 69428 69429 69447 69448 69452
69376 17 5061 69361 69373 69374 69375 69377 69378 69379 69395 69396 69416 69417 69428 69429 69447 69448 69452
69373 17 5061 69361 69370 69371 69372 69374 69375 69376 69395 69396 69416 69417 69428 69429 69447 69448 69452
69374 17 5061 69361 69371 69372 69373 69375 69376 69377 69395 69396 69416 69417 69428 69429 69447 69448 69452
90029 13 1047 60867 81474 90020 90021 90022 90023 90024 90025 90026 90027 90028 90030
111206 11 157342 157344 157345 157346 157347 157352 157353 157354 157355 157356 157357
198303 13 14371 14372 14374 14375 14376 185131 210709 2851 6923 6924 6925 6926 6927
69367 17 5061 69361 69364 69365 69366 69368 69369 69370 69395 69396 69416 69417 69428 69429 69447 69448 69452
69366 17 5061 69361 69363 69364 69365 69367 69368 69369 69395 69396 69416 69417 69428 69429 69447 69448 69452
69369 17 5061 69361 69366 69367 69368 69370 69371 69372 69395 69396 69416 69417 69428 69429 69447 69448 69452
49076 25 38580 49078 49079 49080 49081 49090 49202 49203 57847 57849 57850 57851 58322 58324 58325 58326 58327 58328 58332 6450 7097 7821 93046 93047 94722
69368 17 5061 69361 69365 69366 69367 69369 69370 69371 69395 69396 69416 69417 69428 69429 69447 69448 69452
57851 13 38580 49076 49090 49202 49203 57847 57849 57850 58326 58332 6450 93047 94722
1013 14 109095 109096 109097 109098 109099 109100 109101 109102 109103 109104 3135 34878 58295 75082
49078 14 114537 49076 49079 49080 49081 58322 58324 58325 58326 58327 58328 6450 7821 93046
49079 14 114537 49076 49078 49080 49081 58322 58324 58325 58326 58327 58328 6450 7821 93046
57850 13 38580 49076 49090 49202 49203 57847 57849 57851 58325 58332 6450 93047 94722
181647 13 15861 15863 15865 15866 15867 15876 15877 15880 15881 15882 15883 2961 7373
69361 43 5061 69362 69363 69364 69365 69366 69367 69368 69369 69370 69371 69372 69373 69374 69375 69376 69377 69378 69379 69380 69381 69382 69383 69384 69385 69386 69387 69388 69389 69390 69391 69392 69393 69394 69395 69396 69416 69417 69428 69429 69447 69448 69452
141123 31 141111 141112 141159 141160 141161 141163 141165 141166 141170 141171 141172 141173 141174 141175 141176 141177 141179 141180 141182 141183 141190 141191 141192 141193 141373 141750 141772 141778 141785 33212 68228
69362 14 5061 69361 69363 69364 69365 69395 69396 69416 69417 69428 69429 69447 69448 69452
69363 15 5061 69361 69362 69364 69365 69366 69395 69396 69416 69417 69428 69429 69447 69448 69452
90030 14 1047 235794 60867 81474 90020 90021 90022 90023 90024 90025 90026 90027 90028 90029
69364 16 5061 69361 69362 69363 69365 69366 69367 69395 69396 69416 69417 69428 69429 69447 69448 69452
69365 17 5061 69361 69362 69363 69364 69366 69367 69368 69395 69396 69416 69417 69428 69429 69447 69448 69452
254 13 105954 165674 1705 1711 1716 1721 28421 51524 51545 51560 51562 51564 93905
