peel_13 45
rep133873 9
133884 0
133875 0
133882 0
133873 0
133885 0
133874 0
133891 0
133883 0
133624 0
rep182709 4
182709 0
182377 0
182699 0
210942 0
189739 0
rep102409 14
102409 0
102410 0
101559 0
94638 0
101751 0
102411 0
101752 0
101032 0
94216 0
99731 0
102412 0
204 0
8276 0
3422 0
rep130434 15
90082 0
130443 0
130438 0
108162 0
130436 0
130434 0
6935 0
130441 0
130433 0
130442 0
90084 0
130435 0
130440 0
130437 0
130439 0
105476 0
55859 0
rep141172 52
141172 0
38883 0
154485 0
38873 0
141192 0
118679 0
154497 0
141182 0
141170 0
154498 0
38889 0
68228 0
141161 0
154494 0
154488 0
141772 0
33212 0
141750 0
141183 0
141111 0
154502 0
141173 0
141177 0
141174 0
141785 0
141190 0
141193 0
141163 0
141171 0
141778 0
141123 0
154493 0
141176 0
154501 0
38872 0
141160 0
141175 0
154487 0
120293 0
141180 0
154484 0
154496 0
154486 0
141191 0
141166 0
141159 0
154500 0
154495 0
141165 0
141373 0
141112 0
141179 0
rep74607 22
74604 0
74610 0
74623 0
74603 0
74608 0
74616 0
74617 0
74613 0
74605 0
74619 0
74621 0
74614 0
74607 0
74622 0
74612 0
74609 0
74620 0
74611 0
74618 0
74601 0
74602 0
74615 0
rep144725 14
144722 0
144730 0
144718 0
144728 0
144725 0
144731 0
144723 0
46972 0
144724 0
144727 0
144717 0
144726 0
144729 0
46966 0
rep132759 2
132762 0
132759 0
235472 0
rep14376 14
14372 0
2851 0
14371 0
185131 0
14376 0
210709 0
6923 0
14375 0
6926 0
6927 0
6924 0
14374 0
198303 0
6925 0
179641 0
rep126421 15
126434 0
126420 0
126423 0
126435 0
126426 0
126427 0
126421 0
126439 0
126438 0
126425 0
126422 0
126437 0
126424 0
2327 0
116581 0
rep1013 15
58295 0
109095 0
109104 0
109102 0
109100 0
109097 0
1013 0
109101 0
109103 0
109099 0
3135 0
109096 0
34878 0
75082 0
109098 0
rep185230 24
57175 0
57188 0
71382 0
57181 0
57182 0
57184 0
57180 0
57186 0
57177 0
57179 0
57178 0
65507 0
57191 0
57172 0
57189 0
1562 0
185230 0
57190 0
71380 0
57187 0
57173 0
71381 0
57185 0
57183 0
27555 0
rep153887 13
153866 0
153892 0
153862 0
153888 0
153863 0
153865 0
153887 0
1906 0
153889 0
71 0
153867 0
153890 0
153891 0
rep121539 19
161627 0
161580 0
161890 0
161579 0
161824 0
161641 0
162311 0
36554 0
161974 0
121539 0
10060 0
161817 0
81706 0
79523 0
131323 0
161639 0
161673 0
162648 0
161674 0
rep256782 18
256844 0
256847 0
256848 0
256845 0
256784 0
256783 0
228725 0
256778 0
256782 0
256843 0
256779 0
256849 0
256846 0
1620 0
256781 0
256425 0
256780 0
256850 0
rep255732 17
46363 0
255732 0
100968 0
1414 0
100975 0
255735 0
100969 0
100970 0
100971 0
100974 0
100972 0
255731 0
27746 0
100973 0
255736 0
100118 0
99542 0
rep56993 2
56993 0
87738 0
240061 0
rep111206 12
157355 0
157357 0
157342 0
157347 0
111206 0
157356 0
157344 0
157346 0
157345 0
157354 0
157352 0
157353 0
7953 0
159612 0
rep1716 14
93905 0
28421 0
51564 0
1721 0
254 0
1705 0
1716 0
1711 0
51560 0
51562 0
165674 0
51545 0
105954 0
51524 0
rep135506 2
135508 0
135506 0
rep153376 14
153378 0
153414 0
153406 0
153375 0
153409 0
153413 0
153374 0
153408 0
153407 0
99349 0
153376 0
153377 0
153410 0
153379 0
rep179243 14
179251 0
179246 0
179243 0
179242 0
179252 0
179250 0
179245 0
179247 0
179248 0
179249 0
7895 0
179253 0
179244 0
35517 0
rep209253 15
210722 0
208244 0
210681 0
209315 0
209320 0
210533 0
5153 0
210531 0
209312 0
208243 0
209254 0
208246 0
211165 0
208249 0
209253 0
rep69380 197
69376 0
112846 0
113198 0
1477 0
67480 0
62860 0
8576 0
130811 0
15865 0
114537 0
239053 0
62504 0
57849 0
67481 0
69416 0
250122 0
67489 0
5061 0
72154 0
58326 0
69448 0
239933 0
3472 0
231347 0
49081 0
69362 0
240020 0
130812 0
108352 0
106177 0
58328 0
69379 0
111791 0
15883 0
67494 0
112095 0
67492 0
8458 0
49080 0
69386 0
90022 0
69375 0
67484 0
6450 0
67495 0
106178 0
2961 0
15877 0
69370 0
130810 0
239313 0
58324 0
69377 0
49079 0
112096 0
113199 0
15876 0
112480 0
69369 0
250125 0
8574 0
112481 0
90026 0
15881 0
112869 0
69372 0
109300 0
7821 0
69384 0
58325 0
15861 0
130813 0
67483 0
244250 0
235794 0
15866 0
2409 0
69396 0
60867 0
8579 0
69368 0
50924 0
8706 0
236540 0
111792 0
90027 0
69361 0
1789 0
67493 0
38580 0
49076 0
69392 0
61396 0
69382 0
219529 0
69367 0
67485 0
111798 0
90023 0
69366 0
111795 0
109301 0
237048 0
93046 0
250120 0
90020 0
7097 0
69417 0
7373 0
1787 0
69371 0
90029 0
239050 0
62537 0
38207 0
112870 0
69428 0
1788 0
3056 0
236106 0
111799 0
69452 0
113197 0
5 0
49203 0
113200 0
239052 0
252922 0
249351 0
58327 0
15867 0
67482 0
67486 0
111800 0
69389 0
112868 0
69380 0
111794 0
69388 0
231345 0
57847 0
236112 0
69383 0
69391 0
181647 0
69374 0
69378 0
15882 0
67487 0
250123 0
49202 0
90030 0
94722 0
93047 0
69395 0
69447 0
239446 0
250124 0
69373 0
54851 0
211343 0
228813 0
15863 0
69387 0
69363 0
54849 0
69365 0
69390 0
69381 0
90028 0
250126 0
90024 0
69393 0
112871 0
8486 0
15880 0
1047 0
111793 0
58322 0
90021 0
69394 0
67490 0
90025 0
49078 0
69429 0
239662 0
130809 0
58332 0
81474 0
49090 0
57850 0
67491 0
67488 0
69364 0
69385 0
57851 0
239932 0
rep121250 13
122062 0
121982 0
78402 0
7591 0
114272 0
67201 0
114273 0
114274 0
114269 0
114271 0
114275 0
49422 0
121250 0
rep116426 26
116429 0
78848 0
78856 0
116428 0
116432 0
78843 0
78853 0
78849 0
78842 0
78850 0
78841 0
78851 0
78844 0
116430 0
116427 0
78845 0
116431 0
52378 0
78855 0
116426 0
78854 0
78847 0
78846 0
78852 0
78857 0
78858 0
135522 0
108741 0
rep20769 14
93766 0
222068 0
222066 0
222075 0
20769 0
222070 0
222072 0
222074 0
222073 0
222067 0
222071 0
222069 0
93825 0
20789 0
rep86179 5
118453 0
86181 0
91517 0
118746 0
86179 0
rep235467 2
235467 0
235468 0
225596 0
rep133965 58
133961 0
119402 0
96693 0
133979 0
118756 0
133966 0
133971 0
96701 0
125574 0
133972 0
37274 0
133964 0
216202 0
82078 0
133956 0
82079 0
133967 0
119403 0
133970 0
125565 0
133968 0
133963 0
96703 0
133977 0
82080 0
133974 0
216177 0
96697 0
133969 0
125623 0
133959 0
133975 0
118467 0
216180 0
96700 0
117563 0
96704 0
125576 0
216204 0
133962 0
119404 0
117876 0
133965 0
96698 0
118464 0
117078 0
82077 0
133978 0
133960 0
133957 0
133958 0
133976 0
125572 0
6562 0
96702 0
90403 0
96699 0
133973 0
rep136057 22
136051 0
136062 0
136070 0
136068 0
88878 0
136055 0
136059 0
136052 0
136067 0
136060 0
136057 0
136063 0
136065 0
136064 0
91180 0
136054 0
136053 0
136058 0
136056 0
136069 0
136061 0
136066 0
rep158405 10
28566 0
194437 0
28557 0
194438 0
28563 0
98847 0
28560 0
158405 0
98850 0
98848 0
rep54000 3
54000 0
56220 0
87475 0
