peel_9 160
57331 0
194810 0
rep153681 3
153697 0
153689 0
153681 0
2416 0
rep153712 5
153717 0
153712 0
153720 0
153718 0
153710 0
7395 0
20515 0
rep92269 14
92321 0
195821 0
92313 0
92269 0
92309 0
90794 0
92322 0
92314 0
220479 0
92268 0
195820 0
220489 0
92311 0
92310 0
36536 0
rep100976 28
100979 0
230712 0
230645 0
100978 0
230759 0
230644 0
230760 0
230713 0
100985 0
230623 0
230841 0
100976 0
230711 0
230743 0
100986 0
230842 0
230622 0
230962 0
100977 0
230963 0
230710 0
100981 0
230744 0
100983 0
100984 0
100980 0
188948 0
188949 0
153007 0
233969 0
rep236560 11
236829 0
236800 0
251660 0
54252 0
236757 0
236865 0
236939 0
236936 0
236679 0
236560 0
236915 0
114634 0
rep165587 12
165578 0
165579 0
165477 0
165482 0
165575 0
165472 0
165582 0
165576 0
165597 0
165587 0
165592 0
165577 0
rep142955 2
142955 0
142956 0
85722 0
rep3618 18
99664 0
99657 0
99659 0
99667 0
99660 0
99658 0
99668 0
3617 0
99656 0
3618 0
99662 0
2283 0
99661 0
68104 0
96497 0
99665 0
99666 0
96498 0
49575 0
25147 0
rep103662 2
103662 0
103663 0
rep131392 10
131397 0
131393 0
131395 0
131394 0
131392 0
131390 0
131391 0
131389 0
131396 0
131388 0
16945 0
6000 0
64869 0
rep182733 13
182743 0
182983 0
194805 0
182732 0
182742 0
194804 0
194797 0
182733 0
182982 0
194803 0
210692 0
182747 0
182746 0
97889 0
59767 0
rep122003 33
24152 0
24040 0
24068 0
24082 0
83013 0
128447 0
58794 0
243114 0
122003 0
24138 0
128450 0
128451 0
83009 0
128449 0
83014 0
24110 0
128448 0
24096 0
83011 0
123206 0
83008 0
109387 0
83010 0
24124 0
1469 0
24012 0
36968 0
83012 0
72180 0
24054 0
24026 0
128454 0
83007 0
154447 0
rep157976 3
157978 0
157977 0
157976 0
138793 0
127959 0
rep10882 4
10886 0
10882 0
10885 0
10884 0
186241 0
rep38194 10
242119 0
39702 0
39704 0
39709 0
39701 0
39715 0
7652 0
39706 0
38194 0
39703 0
rep16069 10
54032 0
54034 0
16069 0
54033 0
54038 0
54035 0
54036 0
54031 0
54037 0
54039 0
224809 0
15529 0
193376 0
rep136175 2
214830 0
136175 0
101196 0
255880 0
rep34836 3
7426 0
34695 0
34836 0
206556 0
58936 0
rep256350 13
84482 0
256350 0
256351 0
38537 0
236356 0
256354 0
256356 0
52026 0
52027 0
256352 0
52033 0
256353 0
256355 0
139281 0
84097 0
210946 0
rep245701 9
91225 0
245701 0
246162 0
246201 0
91242 0
233279 0
246202 0
246161 0
245702 0
161827 0
rep1145 8
1151 0
49064 0
1140 0
1154 0
1141 0
1145 0
1155 0
1143 0
54382 0
96173 0
rep71873 16
71877 0
23448 0
71791 0
71793 0
71874 0
71876 0
23451 0
71789 0
23452 0
23447 0
71873 0
23450 0
71792 0
71790 0
23449 0
71875 0
rep105685 2
105686 0
105685 0
81118 0
rep194441 45
220525 0
220524 0
212008 0
221565 0
194440 0
211995 0
194271 0
194270 0
217548 0
220522 0
216508 0
194445 0
216486 0
194441 0
211990 0
220527 0
212001 0
194443 0
160120 0
220521 0
217549 0
220500 0
220523 0
194432 0
220526 0
220512 0
211998 0
212010 0
194444 0
212000 0
216597 0
216605 0
216540 0
207379 0
220520 0
206563 0
194434 0
218655 0
181187 0
194442 0
220501 0
211988 0
161905 0
220514 0
211980 0
136003 0
228576 0
rep113274 2
2386 0
113274 0
65120 0
61664 0
rep43489 10
43517 0
43521 0
43501 0
43505 0
43493 0
43497 0
43509 0
43513 0
43489 0
43525 0
rep139290 9
139288 0
139291 0
139289 0
139286 0
139292 0
139287 0
139290 0
139294 0
139293 0
52509 0
rep261 29
153 0
139383 0
90010 0
357 0
153277 0
90016 0
90012 0
255 0
60475 0
144150 0
221159 0
1909 0
90013 0
90015 0
258 0
144180 0
405 0
307 0
55790 0
1910 0
1669 0
144263 0
261 0
111672 0
144223 0
81624 0
221176 0
90014 0
189233 0
96346 0
rep162626 2
18226 0
162626 0
163500 0
rep33981 2
51446 0
33981 0
rep31288 11
31293 0
31288 0
31292 0
31296 0
31295 0
31290 0
193428 0
31289 0
31287 0
31294 0
31291 0
rep35117 10
96762 0
96758 0
96760 0
96761 0
96757 0
96756 0
96759 0
96763 0
35117 0
50279 0
229598 0
rep50414 10
59609 0
96820 0
50414 0
96819 0
59608 0
59610 0
59612 0
59611 0
96817 0
96818 0
104712 0
rep107046 11
107050 0
107045 0
107051 0
107049 0
107046 0
107053 0
107054 0
107048 0
107047 0
107055 0
107052 0
243399 0
rep129469 19
244545 0
244071 0
129469 0
90468 0
244211 0
129471 0
244076 0
129478 0
129474 0
244073 0
129472 0
129473 0
76337 0
244074 0
244072 0
244070 0
129477 0
129470 0
244549 0
154577 0
49452 0
rep127030 20
127038 0
127030 0
127031 0
127033 0
127032 0
127034 0
127041 0
127035 0
127022 0
127027 0
127028 0
127026 0
67850 0
127036 0
35484 0
127037 0
127023 0
127024 0
127025 0
127039 0
rep2993 9
97408 0
2994 0
97413 0
97414 0
97410 0
97411 0
2993 0
97409 0
97412 0
rep152838 10
152837 0
152836 0
152841 0
152838 0
152840 0
152835 0
152833 0
152839 0
152832 0
84964 0
154601 0
rep219531 5
220051 0
219531 0
249169 0
219615 0
219676 0
60008 0
163392 0
rep231304 8
231307 0
231305 0
231303 0
231306 0
105636 0
231308 0
231309 0
231304 0
rep101094 6
101094 0
254869 0
254469 0
101097 0
101101 0
101102 0
138958 0
rep234505 1455
85861 0
70002 0
167869 0
195142 0
86431 0
79234 0
80682 0
88427 0
68787 0
51832 0
76095 0
29993 0
201771 0
5891 0
80786 0
237531 0
29954 0
100450 0
212336 0
86009 0
83979 0
61395 0
233654 0
110980 0
125240 0
76027 0
65040 0
111344 0
180130 0
1752 0
56450 0
83972 0
78169 0
122189 0
132696 0
69125 0
66796 0
76028 0
233360 0
8966 0
45891 0
53576 0
62589 0
251746 0
228030 0
189565 0
189567 0
163934 0
159694 0
34444 0
85979 0
139441 0
86015 0
48250 0
5934 0
234522 0
1644 0
75584 0
234518 0
237447 0
152964 0
243073 0
141539 0
241299 0
253551 0
235338 0
74527 0
234523 0
108050 0
79235 0
113254 0
173982 0
93511 0
29803 0
89491 0
251654 0
110949 0
219052 0
249742 0
66726 0
88426 0
251704 0
233583 0
170873 0
121306 0
5266 0
54333 0
65960 0
78165 0
33577 0
86011 0
143830 0
244153 0
99545 0
251748 0
74679 0
5265 0
143828 0
110983 0
135980 0
181141 0
46927 0
231926 0
171890 0
4600 0
210452 0
56885 0
222084 0
246351 0
3351 0
232812 0
237130 0
132704 0
85976 0
57205 0
246078 0
99548 0
272 0
58394 0
66178 0
524 0
82340 0
234573 0
36987 0
102903 0
246683 0
110933 0
86429 0
165054 0
155707 0
189358 0
61997 0
234517 0
234571 0
173947 0
172384 0
217788 0
165074 0
212822 0
57968 0
132198 0
243065 0
85165 0
81799 0
14085 0
18913 0
56105 0
111021 0
108312 0
70004 0
247396 0
6749 0
130403 0
69846 0
143225 0
152658 0
154778 0
60169 0
52297 0
83140 0
39770 0
180132 0
229261 0
165073 0
69850 0
130520 0
144553 0
4593 0
56107 0
1813 0
173949 0
227170 0
199920 0
75588 0
76098 0
133034 0
6746 0
92861 0
85858 0
57524 0
78168 0
233586 0
210393 0
218825 0
195318 0
251728 0
227173 0
229644 0
247506 0
165092 0
167713 0
123295 0
251719 0
123294 0
195148 0
246102 0
139576 0
139439 0
68778 0
139452 0
72281 0
129224 0
73817 0
175654 0
233566 0
213216 0
119593 0
89855 0
86010 0
57148 0
80681 0
229650 0
182330 0
29734 0
127212 0
173676 0
178300 0
194703 0
88423 0
251587 0
231930 0
4189 0
234871 0
48053 0
113251 0
92862 0
113253 0
194566 0
79727 0
66086 0
233549 0
139581 0
119504 0
129220 0
3684 0
1592 0
19434 0
125242 0
1109 0
179975 0
129225 0
165014 0
234516 0
173011 0
75587 0
122372 0
32527 0
57506 0
218465 0
14082 0
57969 0
87131 0
110813 0
6995 0
103534 0
169 0
143226 0
67447 0
231921 0
984 0
14138 0
143834 0
208494 0
119594 0
3154 0
36087 0
229825 0
86074 0
151962 0
6747 0
526 0
105 0
229234 0
76096 0
69133 0
251697 0
233590 0
86080 0
1648 0
61540 0
132709 0
4596 0
125244 0
194185 0
69136 0
229233 0
139453 0
92857 0
52040 0
35343 0
129186 0
251705 0
69845 0
225203 0
234521 0
255741 0
210444 0
130402 0
86014 0
167870 0
70813 0
219923 0
61995 0
36089 0
229963 0
234506 0
212668 0
2145 0
33581 0
246086 0
125243 0
230892 0
56978 0
2894 0
246093 0
63265 0
143826 0
187805 0
233567 0
1591 0
79205 0
220947 0
167871 0
246081 0
92420 0
65341 0
199800 0
123037 0
69849 0
139449 0
132712 0
37800 0
86016 0
167867 0
61541 0
173985 0
86075 0
132718 0
227172 0
247672 0
6567 0
4729 0
73200 0
189569 0
253553 0
85160 0
253560 0
151963 0
235343 0
85162 0
223934 0
75583 0
222089 0
154535 0
195149 0
110918 0
49598 0
180135 0
229823 0
231929 0
173678 0
178206 0
220467 0
930 0
48895 0
118599 0
78164 0
155714 0
189566 0
63260 0
10057 0
83975 0
19694 0
182003 0
16802 0
227171 0
73202 0
99551 0
52126 0
113740 0
173681 0
79245 0
222085 0
60170 0
29989 0
45544 0
123299 0
145440 0
61278 0
79196 0
61543 0
228361 0
931 0
237168 0
85981 0
88429 0
228032 0
70816 0
62255 0
79232 0
155573 0
56975 0
139443 0
182295 0
57733 0
68620 0
102870 0
139098 0
139460 0
251656 0
123300 0
181901 0
3592 0
228027 0
233582 0
195143 0
152868 0
70003 0
130519 0
65959 0
78 0
234513 0
57510 0
230388 0
224418 0
219558 0
85980 0
85161 0
90684 0
243506 0
29983 0
108054 0
107083 0
5708 0
195323 0
152869 0
68777 0
135975 0
173680 0
29997 0
206040 0
234519 0
79203 0
159695 0
51006 0
57627 0
85854 0
213611 0
67449 0
212670 0
230891 0
86076 0
95847 0
247834 0
85174 0
137774 0
39771 0
52045 0
124988 0
135978 0
69770 0
96117 0
76765 0
167872 0
52044 0
56976 0
139454 0
135976 0
233585 0
244319 0
3593 0
231928 0
88425 0
2375 0
233589 0
251699 0
48887 0
254963 0
247977 0
152735 0
60167 0
87903 0
127670 0
93510 0
86017 0
61998 0
77221 0
111346 0
173986 0
85978 0
56108 0
229820 0
127211 0
72915 0
152913 0
167860 0
57163 0
124745 0
165035 0
946 0
54895 0
135161 0
214655 0
127220 0
174172 0
103576 0
139578 0
62111 0
6530 0
52041 0
224480 0
79208 0
86426 0
235340 0
220554 0
103523 0
2476 0
2473 0
57971 0
46732 0
125245 0
56171 0
246084 0
244806 0
92521 0
195317 0
123039 0
84849 0
219157 0
57970 0
220949 0
93516 0
224416 0
247601 0
33264 0
5590 0
36090 0
74048 0
234868 0
56109 0
229821 0
62253 0
143227 0
62592 0
129226 0
51343 0
14576 0
114573 0
1609 0
69847 0
247505 0
173682 0
76030 0
122368 0
105560 0
143223 0
187759 0
127216 0
252461 0
124986 0
130401 0
206038 0
130400 0
454 0
131577 0
1353 0
210394 0
155708 0
61544 0
1694 0
139592 0
67442 0
59960 0
57502 0
90622 0
4594 0
228524 0
139442 0
220419 0
85855 0
79243 0
112340 0
173606 0
244322 0
73 0
57505 0
86079 0
103206 0
246352 0
251585 0
234507 0
67445 0
8287 0
57207 0
48051 0
92860 0
68914 0
76488 0
89853 0
195316 0
129710 0
247510 0
56878 0
75589 0
33583 0
85173 0
220272 0
3602 0
246097 0
118594 0
132717 0
69126 0
229258 0
152734 0
103514 0
222087 0
100039 0
244804 0
245611 0
33587 0
106273 0
193580 0
233587 0
245613 0
247602 0
194705 0
243505 0
50486 0
67450 0
2457 0
83978 0
155712 0
69851 0
251590 0
93512 0
23200 0
265 0
77829 0
100449 0
3350 0
55107 0
51038 0
49541 0
159697 0
233390 0
122367 0
123043 0
1700 0
3352 0
127214 0
134816 0
36088 0
187757 0
57788 0
65958 0
124989 0
213207 0
246082 0
215 0
92506 0
201513 0
192636 0
229260 0
173605 0
5710 0
79241 0
138511 0
232504 0
3010 0
88420 0
123040 0
79204 0
111023 0
127210 0
224984 0
100038 0
58214 0
1348 0
13929 0
76029 0
11371 0
83977 0
251724 0
67457 0
77610 0
92921 0
27907 0
212592 0
251655 0
155717 0
131242 0
251586 0
2113 0
118597 0
4829 0
251583 0
251752 0
180131 0
56977 0
85975 0
29952 0
132719 0
231923 0
247604 0
189564 0
143829 0
74684 0
88274 0
53347 0
152920 0
30074 0
139595 0
152867 0
79209 0
189563 0
23900 0
154777 0
129219 0
165093 0
107 0
232815 0
155560 0
139596 0
70777 0
118595 0
1234 0
60715 0
55 0
14137 0
180133 0
77830 0
135166 0
222086 0
68788 0
132707 0
113432 0
29806 0
231931 0
143833 0
93517 0
4595 0
119597 0
155713 0
135165 0
247673 0
234870 0
250252 0
129222 0
129221 0
206043 0
214658 0
158522 0
194788 0
20720 0
78027 0
228034 0
122369 0
29955 0
74664 0
234869 0
152865 0
206044 0
253550 0
60166 0
16754 0
173987 0
13928 0
57161 0
27748 0
234509 0
232265 0
181567 0
189568 0
85983 0
124987 0
229649 0
4254 0
234505 0
159352 0
221912 0
210144 0
139463 0
95688 0
113255 0
64785 0
251589 0
111022 0
139597 0
3595 0
1113 0
14132 0
86078 0
3591 0
224210 0
100266 0
48993 0
244059 0
173609 0
23531 0
229819 0
234525 0
104070 0
251751 0
195147 0
125129 0
92392 0
90686 0
130861 0
254053 0
104621 0
139461 0
132310 0
3057 0
79237 0
249725 0
23201 0
48052 0
236573 0
85860 0
90617 0
79197 0
164996 0
83976 0
40976 0
220466 0
251588 0
79240 0
72796 0
86008 0
253563 0
231927 0
171959 0
215366 0
235339 0
229648 0
3520 0
89857 0
173608 0
217785 0
217095 0
173679 0
229817 0
86073 0
229646 0
188553 0
76487 0
143554 0
247395 0
206037 0
232808 0
143831 0
70814 0
85166 0
143224 0
49054 0
132706 0
127221 0
93515 0
227207 0
143832 0
232809 0
961 0
213212 0
93513 0
244802 0
231933 0
21823 0
69173 0
89860 0
92858 0
56979 0
90616 0
79195 0
69174 0
76097 0
135167 0
52042 0
234529 0
85857 0
4598 0
111345 0
246101 0
233393 0
139451 0
132701 0
57509 0
14107 0
122371 0
229652 0
206045 0
251696 0
132702 0
88428 0
213610 0
135162 0
118924 0
244803 0
66436 0
18252 0
104 0
220181 0
16116 0
184677 0
206039 0
113252 0
234504 0
132703 0
229259 0
173604 0
250243 0
233307 0
67446 0
3347 0
99547 0
139580 0
155711 0
182097 0
225531 0
165053 0
195146 0
79230 0
312 0
195145 0
110920 0
89862 0
57735 0
26741 0
88422 0
208643 0
2487 0
119596 0
246092 0
213213 0
102907 0
234508 0
165015 0
236566 0
7283 0
135163 0
86201 0
195040 0
72797 0
3678 0
86077 0
139591 0
142886 0
53142 0
18805 0
164885 0
180136 0
57500 0
139440 0
525 0
110995 0
113249 0
118598 0
61996 0
8278 0
247793 0
7628 0
5585 0
2372 0
217759 0
75580 0
247393 0
67444 0
97948 0
60171 0
234873 0
104144 0
251700 0
139457 0
228028 0
60165 0
88538 0
229824 0
249814 0
32742 0
210186 0
232813 0
48054 0
163181 0
85974 0
30078 0
236531 0
51037 0
84990 0
132714 0
56877 0
251747 0
185239 0
90619 0
237127 0
135164 0
79233 0
104873 0
245821 0
38754 0
61542 0
105754 0
1105 0
4187 0
194706 0
86425 0
2024 0
85856 0
206042 0
2144 0
4597 0
243 0
172463 0
57222 0
6134 0
112797 0
36085 0
76486 0
124010 0
8586 0
167868 0
88275 0
82341 0
132711 0
77831 0
29750 0
78166 0
7774 0
66699 0
104719 0
485 0
67443 0
234809 0
96150 0
228407 0
195241 0
105755 0
232810 0
62666 0
83980 0
156759 0
48994 0
233359 0
220455 0
74822 0
173984 0
165113 0
235358 0
195315 0
194708 0
194709 0
234527 0
79242 0
175655 0
99544 0
152866 0
219842 0
68790 0
29747 0
85170 0
24619 0
234526 0
246098 0
229835 0
237448 0
163932 0
139598 0
51833 0
77826 0
3349 0
251703 0
93514 0
229647 0
237253 0
206041 0
40977 0
77827 0
86013 0
57164 0
76031 0
246085 0
123038 0
88421 0
139579 0
444 0
194707 0
220072 0
132715 0
189570 0
213208 0
33537 0
86012 0
90618 0
85159 0
247606 0
58215 0
118359 0
86071 0
57669 0
6748 0
212706 0
60173 0
104718 0
144635 0
113739 0
89850 0
232811 0
69768 0
132699 0
67026 0
79236 0
91042 0
135159 0
57223 0
244805 0
220572 0
29995 0
83981 0
1615 0
219055 0
173954 0
82342 0
124992 0
51750 0
67448 0
245822 0
6512 0
233417 0
234528 0
164001 0
207982 0
144406 0
222088 0
229645 0
251749 0
77828 0
251695 0
234510 0
231920 0
73134 0
29991 0
69099 0
7947 0
182999 0
227174 0
83973 0
14190 0
79244 0
173603 0
68711 0
232817 0
27430 0
155571 0
29738 0
132721 0
85863 0
243070 0
46387 0
139447 0
132713 0
129223 0
226488 0
2779 0
180134 0
68786 0
220431 0
36095 0
3983 0
3353 0
232816 0
108052 0
180137 0
254051 0
90621 0
103617 0
194710 0
106856 0
69767 0
54896 0
45623 0
5709 0
75585 0
83974 0
118596 0
250244 0
69844 0
85859 0
125220 0
253565 0
209268 0
75586 0
173677 0
67027 0
228031 0
51751 0
194553 0
86428 0
54272 0
100267 0
27941 0
57162 0
60168 0
139450 0
182294 0
127222 0
235346 0
29985 0
16742 0
247244 0
60294 0
69843 0
29744 0
210445 0
247603 0
238324 0
234515 0
79231 0
154955 0
181983 0
85977 0
246100 0
139445 0
54334 0
132270 0
102910 0
1233 0
194702 0
118729 0
246094 0
80197 0
212669 0
233591 0
99546 0
122370 0
180138 0
139455 0
213612 0
152962 0
228527 0
78170 0
195322 0
234524 0
99549 0
118600 0
135977 0
14097 0
229818 0
85169 0
127213 0
174738 0
139446 0
135979 0
66049 0
187758 0
60164 0
228026 0
86072 0
243072 0
186029 0
155572 0
182371 0
246080 0
68789 0
92863 0
54861 0
86427 0
57501 0
135160 0
233584 0
246077 0
159696 0
124991 0
155575 0
92859 0
482 0
182331 0
113250 0
269 0
235344 0
7532 0
143827 0
85862 0
55105 0
243066 0
229651 0
218867 0
74683 0
221637 0
229257 0
139577 0
69775 0
74680 0
56106 0
215406 0
3594 0
74584 0
251698 0
155578 0
29999 0
85982 0
96231 0
69848 0
251584 0
232814 0
3586 0
173607 0
231932 0
164995 0
135168 0
201369 0
92572 0
143835 0
252462 0
3336 0
194155 0
108049 0
58213 0
119595 0
139456 0
57972 0
247835 0
187819 0
247509 0
69842 0
99550 0
218829 0
218530 0
247394 0
135765 0
78167 0
132716 0
29953 0
125241 0
172158 0
173948 0
60172 0
125127 0
144554 0
165112 0
219185 0
113256 0
4599 0
245614 0
234520 0
195314 0
1090 0
70815 0
139448 0
155715 0
243055 0
212705 0
1317 0
246096 0
242424 0
122399 0
165034 0
233588 0
155574 0
82590 0
57503 0
164886 0
399 0
194704 0
118922 0
88424 0
30075 0
195605 0
231924 0
244630 0
251693 0
55600 0
234872 0
19590 0
210640 0
89817 0
86430 0
155716 0
92874 0
8587 0
58368 0
61862 0
224417 0
213614 0
251750 0
139100 0
57508 0
247600 0
36092 0
68774 0
139643 0
225530 0
159031 0
130518 0
173953 0
213613 0
195321 0
79202 0
231925 0
66087 0
14574 0
244154 0
69776 0
80683 0
34007 0
229822 0
92855 0
139462 0
244321 0
220413 0
69190 0
219864 0
139444 0
124080 0
194216 0
218754 0
167859 0
228033 0
76099 0
76485 0
173945 0
14192 0
56980 0
234570 0
79207 0
70812 0
52043 0
125221 0
135158 0
62574 0
247511 0
62254 0
134703 0
212500 0
173983 0
32528 0
134708 0
59803 0
152963 0
104066 0
100448 0
80785 0
251694 0
241917 0
228029 0
96224 0
245612 0
56974 0
173955 0
29987 0
82339 0
97268 0
113741 0
120268 0
139593 0
89851 0
231922 0
210642 0
61416 0
rep242129 10
242892 0
242889 0
242129 0
242891 0
242890 0
242888 0
242895 0
242893 0
242894 0
242128 0
rep164724 8
164723 0
164728 0
164726 0
164724 0
164727 0
164730 0
164725 0
164729 0
86772 0
rep218669 10
218675 0
218672 0
217900 0
218667 0
218670 0
218669 0
218674 0
218673 0
218676 0
218668 0
rep130703 9
130533 0
130703 0
133346 0
118534 0
130650 0
133347 0
130882 0
90369 0
133150 0
rep103309 10
103338 0
103310 0
46146 0
46145 0
103337 0
1918 0
103336 0
46144 0
103309 0
103335 0
rep5541 21
239014 0
245241 0
79906 0
46865 0
239009 0
1018 0
3307 0
239012 0
239011 0
79907 0
46866 0
56725 0
46867 0
2235 0
239015 0
239008 0
239010 0
239013 0
163667 0
1771 0
5541 0
rep68667 39
105719 0
105709 0
241977 0
68972 0
105717 0
105706 0
105715 0
68973 0
105708 0
105714 0
68974 0
105712 0
105711 0
241978 0
242958 0
68666 0
242959 0
68971 0
68664 0
105718 0
68668 0
105701 0
245529 0
68667 0
70069 0
68665 0
247154 0
105702 0
72351 0
105705 0
77816 0
105716 0
105704 0
105713 0
242960 0
105703 0
111027 0
72354 0
105707 0
rep59886 10
59499 0
59887 0
59892 0
212957 0
59890 0
59886 0
59889 0
59893 0
59885 0
59888 0
133540 0
79977 0
rep69588 10
69589 0
69597 0
69588 0
69596 0
69591 0
69592 0
69593 0
69590 0
69595 0
69594 0
70528 0
177164 0
23107 0
rep140678 8
140680 0
140677 0
67725 0
140689 0
140679 0
140678 0
140676 0
140681 0
rep239089 7
239084 0
239138 0
239216 0
239085 0
239089 0
239137 0
239088 0
rep49806 10
49814 0
49808 0
49806 0
49812 0
5728 0
49807 0
49809 0
49810 0
49811 0
49813 0
rep225329 10
225212 0
225334 0
225335 0
225329 0
225332 0
225331 0
225330 0
221646 0
225333 0
225224 0
rep231412 13
231789 0
231794 0
231795 0
231793 0
231796 0
228421 0
231792 0
231788 0
231787 0
231412 0
231790 0
228413 0
231726 0
238394 0
rep58343 8
184945 0
58343 0
184946 0
184943 0
184940 0
184941 0
58348 0
184944 0
rep90709 4
31974 0
90709 0
90710 0
90708 0
rep246379 5
246376 0
246375 0
246379 0
246380 0
71904 0
132020 0
128074 0
rep34188 20
139185 0
139184 0
139173 0
139176 0
139174 0
34194 0
139175 0
34197 0
34189 0
34193 0
139172 0
34195 0
139177 0
34192 0
33312 0
34191 0
34190 0
34188 0
139183 0
34196 0
rep85146 3
85148 0
85150 0
85146 0
rep125262 8
125260 0
125261 0
125264 0
125262 0
67200 0
125265 0
125259 0
125263 0
rep111740 9
111740 0
111736 0
111739 0
111741 0
111735 0
111742 0
111738 0
59787 0
111737 0
37083 0
rep69682 10
69679 0
69675 0
69680 0
69684 0
69678 0
69683 0
69682 0
69681 0
69676 0
69677 0
rep240542 2
240542 0
244367 0
154592 0
rep69860 10
88797 0
88799 0
88800 0
88872 0
88871 0
88869 0
88870 0
88798 0
88868 0
69860 0
rep112938 10
112941 0
112943 0
112940 0
112942 0
112936 0
112934 0
112935 0
112939 0
112937 0
112938 0
rep35021 4
34171 0
7559 0
35024 0
35021 0
61926 0
rep243262 10
243265 0
255511 0
74962 0
255504 0
255439 0
243262 0
255269 0
243263 0
255438 0
243264 0
61554 0
rep161343 4
161343 0
161346 0
161425 0
161428 0
24101 0
rep179511 10
179274 0
179517 0
179514 0
179515 0
179512 0
179518 0
179516 0
179513 0
74271 0
179511 0
rep153674 2
153674 0
153676 0
112765 0
rep128908 2
582 0
128908 0
rep220335 10
220394 0
220337 0
220398 0
220396 0
220338 0
220397 0
220335 0
220393 0
220336 0
220395 0
rep154726 10
184995 0
154727 0
154722 0
154723 0
154721 0
154724 0
154725 0
154726 0
154720 0
171637 0
136540 0
rep74016 10
74017 0
74016 0
74023 0
74020 0
74021 0
74018 0
74022 0
74014 0
74015 0
74019 0
rep235796 8
237588 0
120444 0
236630 0
236631 0
236109 0
235799 0
235796 0
236627 0
rep15534 3
15535 0
15536 0
15534 0
rep185244 10
185264 0
185224 0
185284 0
185214 0
185254 0
185244 0
185204 0
185274 0
185234 0
185294 0
rep138335 10
138343 0
138339 0
138337 0
138370 0
138335 0
138369 0
138371 0
138367 0
138336 0
138366 0
196244 0
244362 0
36507 0
rep83026 10
83028 0
83030 0
83034 0
82977 0
83120 0
83032 0
83031 0
83033 0
83026 0
83089 0
rep257955 10
175379 0
257955 0
256192 0
68466 0
203142 0
256191 0
2161 0
175380 0
256190 0
73005 0
rep238340 67
155007 0
154944 0
154939 0
155008 0
52413 0
239544 0
52419 0
53240 0
53237 0
240711 0
239565 0
239566 0
53231 0
52414 0
238693 0
239056 0
239564 0
53241 0
89270 0
238340 0
52406 0
53245 0
239667 0
7663 0
239059 0
53243 0
98058 0
238702 0
53230 0
240707 0
154942 0
155010 0
53238 0
238706 0
53233 0
53234 0
52405 0
38615 0
53236 0
140559 0
53226 0
238700 0
53184 0
154941 0
239502 0
53232 0
38936 0
155009 0
52404 0
53235 0
48766 0
96082 0
239640 0
155006 0
53239 0
52383 0
52421 0
238698 0
238697 0
239057 0
239195 0
53242 0
53224 0
238705 0
239186 0
238328 0
53244 0
rep69602 2
69604 0
69602 0
rep125040 5
125043 0
125042 0
125040 0
125041 0
125044 0
rep120823 10
120824 0
120821 0
120823 0
120825 0
120822 0
6055 0
120826 0
120827 0
120819 0
120820 0
rep65710 9
65715 0
65714 0
65712 0
65717 0
65719 0
65744 0
65710 0
65716 0
65718 0
rep6360 10
6360 0
56937 0
6361 0
372 0
56936 0
6362 0
56935 0
56933 0
56932 0
56934 0
rep130249 2
130252 0
130249 0
