root 328
6472 0
185012 0
161828 0
71524 0
rep226529 4
226528 0
226530 0
226529 0
253854 0
rep50496 7
50518 0
50515 0
50495 0
50519 0
50497 0
50520 0
50496 0
241245 0
rep196437 8
196439 0
196440 0
196443 0
196441 0
196438 0
196437 0
196442 0
196444 0
rep176875 13
46007 0
176911 0
176876 0
176877 0
176875 0
176878 0
46005 0
46003 0
46011 0
46013 0
46009 0
176879 0
46015 0
75874 0
rep85345 8
85346 0
85347 0
85344 0
85343 0
70803 0
85341 0
70804 0
85345 0
81175 0
rep122265 2
168084 0
122265 0
rep33044 2
33044 0
33045 0
144204 0
rep190 8
53164 0
56555 0
190 0
53165 0
56553 0
8835 0
62379 0
56554 0
rep255206 8
255210 0
255208 0
255209 0
255203 0
255205 0
255207 0
255206 0
255204 0
rep1616 7
1616 0
91403 0
1617 0
91401 0
86 0
89 0
91404 0
rep77180 8
77190 0
77181 0
77188 0
77183 0
77180 0
77189 0
77186 0
77182 0
rep124531 8
124531 0
124545 0
124546 0
124541 0
124543 0
124540 0
124542 0
124544 0
123035 0
rep134642 10
134643 0
134742 0
134640 0
134741 0
134642 0
62813 0
62808 0
134745 0
134641 0
134644 0
140950 0
rep164008 5
164010 0
164011 0
164012 0
164008 0
164009 0
rep161214 4
161212 0
161214 0
161216 0
161210 0
220062 0
rep229266 9
9087 0
229264 0
229266 0
252040 0
38344 0
229265 0
23194 0
65061 0
229268 0
142589 0
62612 0
102312 0
rep85991 8
85992 0
85993 0
85994 0
85995 0
85997 0
85996 0
85998 0
85991 0
209972 0
45468 0
rep67139 28
52168 0
102335 0
131993 0
131991 0
7059 0
67138 0
67399 0
52162 0
67401 0
102333 0
67398 0
127603 0
56127 0
48888 0
127600 0
67140 0
127601 0
127604 0
3986 0
102332 0
67400 0
131992 0
60800 0
60797 0
67139 0
127602 0
67141 0
102334 0
256875 0
rep210960 5
58399 0
210960 0
210961 0
210763 0
65 0
226087 0
57005 0
56737 0
15442 0
113481 0
61217 0
62608 0
rep246491 8
246496 0
246494 0
27763 0
246493 0
246491 0
246492 0
246495 0
246497 0
rep229095 19
209861 0
227427 0
227429 0
209868 0
227502 0
209865 0
229211 0
215629 0
209863 0
229210 0
209867 0
229095 0
227848 0
209866 0
229207 0
229209 0
229208 0
209864 0
209862 0
rep214757 16
214924 0
152989 0
214928 0
214925 0
237519 0
214926 0
214756 0
34856 0
982 0
214757 0
214929 0
162196 0
220073 0
152988 0
209293 0
154349 0
28397 0
rep247061 8
247063 0
247161 0
247160 0
247061 0
247065 0
247066 0
247064 0
247062 0
rep194546 3
194549 0
194550 0
194546 0
rep111471 8
111478 0
111479 0
111472 0
111477 0
111473 0
111480 0
111471 0
111475 0
217222 0
69535 0
rep193619 8
196868 0
196869 0
196864 0
193619 0
196866 0
196865 0
193618 0
196867 0
185692 0
rep214218 8
214530 0
214218 0
214531 0
214522 0
214524 0
214532 0
214488 0
214521 0
rep14284 8
14284 0
175970 0
175968 0
175966 0
175967 0
51349 0
175969 0
175965 0
rep127408 6
127408 0
127412 0
127409 0
127411 0
127410 0
127407 0
rep183009 2
195824 0
183009 0
179596 0
rep241625 12
241646 0
241650 0
241625 0
65824 0
241647 0
65819 0
65823 0
240667 0
65818 0
241649 0
241648 0
65822 0
103623 0
rep67862 4
67863 0
175457 0
67862 0
67864 0
75167 0
174905 0
180593 0
rep1132 3
254930 0
1132 0
254931 0
135703 0
138785 0
185256 0
rep180150 2
180151 0
180150 0
85168 0
74362 0
rep105637 8
211862 0
105637 0
211860 0
98859 0
211863 0
211861 0
211859 0
211858 0
rep167997 8
168001 0
167997 0
168005 0
167994 0
168000 0
168004 0
167998 0
167996 0
138947 0
rep109373 5
109067 0
109383 0
109287 0
77065 0
109373 0
rep102750 2
243285 0
102750 0
rep93694 2
93694 0
96541 0
rep240521 7
240522 0
240536 0
241024 0
240521 0
240535 0
240524 0
241025 0
rep103795 8
237114 0
237040 0
103795 0
237116 0
237115 0
237117 0
123628 0
123627 0
rep251725 5
253569 0
251727 0
251725 0
245729 0
251726 0
rep158806 8
111175 0
158573 0
158806 0
158791 0
158746 0
158614 0
158648 0
158850 0
rep177436 7
177378 0
177436 0
177349 0
177458 0
177459 0
177355 0
177498 0
533 0
49347 0
210992 0
rep108145 10
134493 0
108145 0
112716 0
134492 0
114759 0
114757 0
114756 0
114755 0
114758 0
114754 0
rep83945 2
83946 0
83945 0
75847 0
117303 0
rep213725 3
213727 0
213725 0
257676 0
54898 0
83652 0
rep206433 2
206434 0
206433 0
rep112564 8
112560 0
112564 0
112561 0
112565 0
112567 0
112566 0
112563 0
112562 0
127961 0
61773 0
rep126652 11
116198 0
127907 0
126976 0
128883 0
126710 0
126977 0
126709 0
126653 0
126651 0
126652 0
126654 0
rep180844 8
180845 0
180847 0
16185 0
175840 0
180844 0
16153 0
16189 0
180846 0
rep96025 7
96025 0
96023 0
96024 0
96027 0
17629 0
96026 0
96022 0
90368 0
213299 0
rep70055 8
70057 0
70053 0
70051 0
70052 0
70050 0
70054 0
70055 0
70056 0
91894 0
rep229273 2
229273 0
229275 0
rep152398 8
198197 0
198243 0
198199 0
152398 0
198201 0
198200 0
198202 0
198242 0
97080 0
rep134712 2
134713 0
134712 0
rep53249 5
54006 0
54007 0
54005 0
54004 0
53249 0
rep127878 3
127883 0
127878 0
127884 0
rep83490 14
114800 0
117607 0
85158 0
85157 0
83492 0
83497 0
83493 0
83496 0
83495 0
83490 0
114806 0
30283 0
83491 0
83494 0
rep60850 4
67687 0
252117 0
60850 0
716 0
rep27424 8
62851 0
62856 0
62858 0
62855 0
62854 0
62857 0
62859 0
27424 0
114618 0
rep203138 3
203137 0
203139 0
203138 0
rep140094 9
213591 0
140095 0
140094 0
139702 0
88714 0
88717 0
87949 0
120971 0
91713 0
62573 0
rep151994 18
159619 0
64380 0
159615 0
159629 0
159698 0
159560 0
151976 0
176525 0
172999 0
176509 0
172980 0
176472 0
151994 0
160217 0
159559 0
50292 0
3159 0
35263 0
61285 0
236568 0
244987 0
rep57511 4
57512 0
57546 0
793 0
57511 0
185701 0
rep249476 8
249476 0
249474 0
249477 0
249078 0
249480 0
249478 0
249475 0
7841 0
rep249808 2
249809 0
249808 0
62593 0
rep257997 2
258023 0
257997 0
244583 0
206283 0
62993 0
rep114327 2
7401 0
114327 0
109828 0
225097 0
rep91078 8
91080 0
91077 0
31877 0
91081 0
91083 0
91082 0
91079 0
91078 0
213922 0
213063 0
rep227360 8
185646 0
228645 0
227360 0
228646 0
227374 0
227375 0
173173 0
228644 0
rep89020 8
96674 0
89020 0
72330 0
96672 0
86909 0
96673 0
89019 0
72360 0
rep181134 2
36091 0
181134 0
25620 0
rep228623 2
228624 0
228623 0
17125 0
rep118033 39
56234 0
118046 0
118043 0
200817 0
200821 0
110717 0
110721 0
118048 0
118045 0
118049 0
110720 0
56233 0
52474 0
118035 0
57154 0
118040 0
200822 0
110716 0
118041 0
118033 0
110714 0
200832 0
200818 0
110715 0
200823 0
56230 0
110718 0
118044 0
56232 0
200819 0
56231 0
118042 0
118047 0
118034 0
118037 0
118032 0
110719 0
200816 0
57153 0
rep122960 2
91480 0
122960 0
76877 0
rep250477 2
250478 0
250477 0
rep78964 8
78965 0
78869 0
78964 0
78951 0
78968 0
78969 0
78967 0
78868 0
rep134788 5
134791 0
134790 0
134792 0
134788 0
134789 0
rep185225 5
185229 0
185228 0
185226 0
185227 0
185225 0
90288 0
rep141837 8
141836 0
141839 0
141842 0
141837 0
91049 0
141841 0
141838 0
141840 0
68190 0
rep182938 3
69799 0
182938 0
8475 0
rep256940 2
256940 0
256941 0
136120 0
rep194268 2
194431 0
194268 0
rep146363 4
146477 0
146344 0
146364 0
146363 0
112610 0
rep52047 8
52049 0
52047 0
52046 0
52050 0
45540 0
52048 0
52052 0
52051 0
rep159852 7
70431 0
70442 0
70452 0
8959 0
70438 0
159852 0
70435 0
rep185682 9
186073 0
186072 0
185687 0
185686 0
186075 0
185685 0
185682 0
186071 0
185684 0
157974 0
80257 0
rep57450 11
57450 0
245823 0
64960 0
57453 0
57457 0
57456 0
64961 0
58010 0
250251 0
57452 0
57451 0
rep76241 4
76240 0
76243 0
76242 0
76241 0
rep74685 8
74690 0
74681 0
74686 0
74685 0
74688 0
74687 0
74682 0
74689 0
rep170903 2
255166 0
170903 0
11540 0
rep39698 2
39698 0
78892 0
125830 0
rep234803 8
234323 0
234800 0
234807 0
234804 0
234805 0
234803 0
234802 0
234806 0
rep161901 5
207376 0
161839 0
207375 0
161901 0
161904 0
242423 0
94701 0
rep241492 8
241516 0
242266 0
242250 0
241492 0
241568 0
241476 0
241504 0
242248 0
rep97757 24
78135 0
153833 0
78139 0
153831 0
97760 0
78134 0
97759 0
106191 0
33461 0
153829 0
1422 0
134755 0
153826 0
134754 0
90677 0
153830 0
127301 0
153832 0
78136 0
97563 0
97758 0
97757 0
153828 0
153827 0
rep68173 8
68167 0
68172 0
68170 0
68173 0
68171 0
68166 0
68174 0
68169 0
rep209661 2
209662 0
209661 0
rep114264 5
114232 0
114237 0
114234 0
114267 0
114264 0
rep143701 3
143701 0
143702 0
143703 0
rep226608 14
226610 0
226608 0
226607 0
226624 0
226611 0
226623 0
226628 0
226609 0
226613 0
226612 0
226629 0
226626 0
226627 0
226625 0
249948 0
rep101864 2
101864 0
35336 0
251820 0
127215 0
24537 0
rep62731 3
193553 0
62731 0
74400 0
143395 0
rep33568 6
36498 0
33570 0
104586 0
33568 0
104585 0
49453 0
28 0
125272 0
rep68609 8
68609 0
68611 0
68614 0
68612 0
68608 0
68613 0
68615 0
68610 0
250202 0
rep225039 13
252668 0
251964 0
252732 0
84955 0
252282 0
252283 0
252670 0
225093 0
252280 0
252281 0
221858 0
252666 0
225039 0
rep213371 4
213373 0
213371 0
213372 0
213374 0
rep232107 7
232105 0
90140 0
679 0
90091 0
232106 0
232107 0
90130 0
rep102894 8
102896 0
193674 0
108800 0
108798 0
102894 0
193675 0
102897 0
102895 0
8794 0
217854 0
rep77597 9
74586 0
77597 0
77602 0
77600 0
77601 0
77596 0
74587 0
77598 0
77599 0
158210 0
rep139023 8
127987 0
139467 0
139465 0
139466 0
127986 0
139024 0
139023 0
139464 0
85356 0
rep15750 25
15716 0
240865 0
15746 0
15745 0
240573 0
240579 0
240868 0
72493 0
240864 0
15754 0
240867 0
120194 0
15750 0
240863 0
240866 0
120186 0
120160 0
120178 0
120170 0
240862 0
120202 0
15755 0
15744 0
73941 0
15753 0
rep191619 8
191618 0
200923 0
191620 0
191619 0
200922 0
200920 0
200921 0
191617 0
62647 0
rep33448 7
33448 0
33447 0
52243 0
58252 0
58323 0
52242 0
67388 0
116937 0
rep210606 3
5132 0
210607 0
210606 0
rep126206 7
126205 0
126209 0
126208 0
126211 0
126210 0
126207 0
126206 0
130473 0
rep228425 5
228425 0
228429 0
228430 0
228431 0
228428 0
rep220494 5
194701 0
220495 0
220494 0
220496 0
220497 0
173973 0
rep246677 2
246677 0
246678 0
rep154795 2
154795 0
154798 0
rep251742 30
230773 0
251741 0
251765 0
251672 0
54403 0
251763 0
138045 0
251744 0
249823 0
251740 0
251758 0
251761 0
251714 0
4280 0
38179 0
251712 0
251745 0
251766 0
251713 0
249827 0
84967 0
251764 0
251711 0
251742 0
251710 0
251760 0
251759 0
249825 0
251762 0
55399 0
rep244563 9
244562 0
244563 0
243974 0
244561 0
244565 0
243969 0
76336 0
244564 0
244566 0
rep175419 9
175426 0
175423 0
175427 0
175420 0
175425 0
175422 0
175419 0
175424 0
175421 0
rep20482 10
118752 0
20482 0
60266 0
49653 0
118747 0
118750 0
60268 0
60264 0
60308 0
60265 0
rep252737 2
252737 0
252738 0
rep227968 8
227609 0
225611 0
228095 0
227971 0
228005 0
228077 0
227968 0
226163 0
6500 0
rep153508 8
153514 0
153508 0
153513 0
153580 0
153515 0
122780 0
153519 0
153581 0
rep242210 4
242241 0
242210 0
242213 0
242222 0
rep153439 2
164989 0
153439 0
253558 0
rep236021 8
236020 0
236026 0
236027 0
236021 0
236024 0
236023 0
236022 0
236025 0
rep93717 8
93793 0
93795 0
93717 0
93765 0
96185 0
93794 0
82103 0
96186 0
210451 0
rep51737 8
89938 0
89937 0
89936 0
51736 0
89934 0
89935 0
89939 0
51737 0
129449 0
161165 0
rep6206 9
6209 0
94392 0
208092 0
6206 0
6210 0
130628 0
6207 0
6208 0
6211 0
rep218656 5
218654 0
219025 0
219026 0
218656 0
218585 0
4144 0
139206 0
rep182406 3133
56571 0
43318 0
244012 0
217159 0
35043 0
79965 0
215730 0
95649 0
84480 0
68265 0
56767 0
217163 0
68299 0
73209 0
155018 0
68292 0
130608 0
132674 0
8459 0
56574 0
36562 0
238165 0
1127 0
248248 0
3295 0
68257 0
152864 0
75234 0
241790 0
68722 0
79983 0
53394 0
222225 0
194847 0
62124 0
164841 0
212172 0
53296 0
246366 0
74006 0
141042 0
5123 0
243937 0
147610 0
253889 0
102029 0
1281 0
85452 0
75963 0
156922 0
243501 0
80000 0
93560 0
255590 0
230212 0
119371 0
230223 0
75933 0
237687 0
108660 0
46992 0
108373 0
134879 0
152649 0
124763 0
143623 0
127662 0
242060 0
56629 0
179427 0
104743 0
231877 0
33648 0
250435 0
64610 0
24508 0
71686 0
153177 0
166581 0
14301 0
61149 0
227075 0
84948 0
154451 0
172134 0
230138 0
113671 0
232696 0
2385 0
2874 0
127074 0
248263 0
2790 0
194800 0
122446 0
82348 0
248721 0
237643 0
225722 0
147306 0
233207 0
248296 0
239693 0
167738 0
68260 0
212194 0
133584 0
160425 0
216104 0
236364 0
253911 0
234610 0
59919 0
194005 0
122351 0
67258 0
192139 0
118676 0
68298 0
54525 0
45753 0
7617 0
162625 0
255764 0
222230 0
111494 0
73208 0
177250 0
48105 0
246461 0
138536 0
217298 0
215670 0
8310 0
54726 0
233319 0
118013 0
47967 0
105134 0
63652 0
235703 0
6257 0
152768 0
1563 0
68301 0
11379 0
229939 0
243527 0
154449 0
56763 0
111644 0
1576 0
124017 0
163278 0
7498 0
53211 0
235798 0
99127 0
125861 0
245522 0
51953 0
194811 0
155468 0
179403 0
231618 0
248281 0
173898 0
167560 0
200139 0
59570 0
2445 0
238766 0
185354 0
171013 0
242034 0
161329 0
60750 0
222181 0
166579 0
98007 0
145988 0
234608 0
4987 0
27441 0
209322 0
139252 0
222212 0
96050 0
87604 0
8455 0
16826 0
230206 0
222235 0
119686 0
227286 0
63007 0
167740 0
129421 0
75959 0
56586 0
160118 0
134808 0
233538 0
129430 0
62117 0
237890 0
108792 0
55580 0
20492 0
249972 0
31087 0
75953 0
153180 0
227283 0
83997 0
63008 0
22811 0
135244 0
213474 0
68240 0
8543 0
226364 0
1542 0
248264 0
166572 0
238466 0
133628 0
54624 0
75962 0
51620 0
153806 0
248321 0
75946 0
33879 0
18247 0
75968 0
135115 0
3245 0
248315 0
34916 0
166727 0
79963 0
57713 0
79981 0
117258 0
121507 0
68781 0
248308 0
125765 0
127098 0
216161 0
7619 0
109493 0
80012 0
248318 0
192140 0
143627 0
68289 0
71629 0
164917 0
50303 0
161596 0
2088 0
17113 0
108659 0
58095 0
39505 0
14963 0
222242 0
99125 0
168018 0
113670 0
53502 0
113544 0
60751 0
160738 0
117574 0
217175 0
143624 0
135245 0
239692 0
143494 0
104745 0
54570 0
173242 0
98008 0
73964 0
209261 0
100310 0
6359 0
213161 0
3037 0
236107 0
16814 0
235797 0
155019 0
252752 0
174558 0
248269 0
141645 0
160415 0
49460 0
36077 0
249723 0
230499 0
178381 0
132664 0
248278 0
216891 0
80253 0
68304 0
68268 0
215728 0
248257 0
181818 0
231725 0
182838 0
79975 0
68140 0
167552 0
69032 0
93781 0
153176 0
138147 0
129836 0
125490 0
167734 0
113295 0
70161 0
143495 0
186770 0
233761 0
143007 0
75948 0
177759 0
155142 0
210364 0
78559 0
236370 0
249670 0
167983 0
241215 0
248246 0
236762 0
236832 0
61148 0
248239 0
161593 0
127187 0
162618 0
68106 0
111306 0
238458 0
227184 0
141054 0
235661 0
232474 0
38497 0
51618 0
37020 0
105346 0
222240 0
246211 0
254030 0
143625 0
71632 0
243961 0
222244 0
143491 0
123099 0
194848 0
66711 0
237657 0
242065 0
54556 0
227437 0
85126 0
74580 0
28502 0
58205 0
95648 0
59862 0
62586 0
14708 0
50301 0
138692 0
125492 0
103964 0
88890 0
96051 0
36037 0
213475 0
82345 0
248284 0
88298 0
62691 0
68211 0
53501 0
243448 0
34884 0
114287 0
118675 0
248272 0
29653 0
213433 0
249921 0
180560 0
156924 0
66120 0
217164 0
129429 0
38040 0
182813 0
113867 0
5479 0
84949 0
180672 0
236248 0
160744 0
124880 0
222239 0
59861 0
174355 0
56964 0
127099 0
156921 0
103500 0
162627 0
212195 0
129424 0
144756 0
124518 0
242636 0
134809 0
50300 0
167843 0
64606 0
152529 0
2889 0
248286 0
188340 0
238814 0
229942 0
53198 0
152758 0
56194 0
215668 0
172066 0
166726 0
55993 0
83705 0
68300 0
160173 0
248271 0
212170 0
113667 0
166571 0
85125 0
5967 0
232683 0
215665 0
50988 0
241792 0
127164 0
230227 0
218418 0
241789 0
201361 0
7569 0
87443 0
82356 0
230211 0
165199 0
114286 0
8307 0
85129 0
111642 0
113927 0
130374 0
231553 0
213366 0
194648 0
222231 0
113668 0
4709 0
255555 0
248237 0
235793 0
96045 0
68286 0
135727 0
51626 0
294 0
175789 0
222245 0
102460 0
135577 0
160742 0
248290 0
110474 0
33016 0
130014 0
253786 0
231577 0
99972 0
248292 0
139253 0
48328 0
237497 0
8778 0
75938 0
71668 0
180671 0
91214 0
88894 0
19692 0
248300 0
130013 0
139113 0
245769 0
246207 0
241918 0
73197 0
75954 0
68296 0
238878 0
250434 0
218574 0
135103 0
75958 0
236633 0
125859 0
220982 0
46117 0
79996 0
59481 0
47546 0
160321 0
153174 0
52271 0
49282 0
237612 0
123306 0
137576 0
236302 0
72005 0
177757 0
56585 0
43312 0
189256 0
125860 0
235491 0
232398 0
5494 0
220790 0
195377 0
107666 0
192417 0
53396 0
59045 0
139225 0
139094 0
230496 0
159885 0
216103 0
236371 0
248238 0
248250 0
217483 0
124974 0
1296 0
138690 0
153209 0
87679 0
118909 0
96052 0
75945 0
127922 0
245011 0
249971 0
214951 0
112467 0
127664 0
146289 0
69031 0
105278 0
134941 0
135117 0
2657 0
228719 0
14689 0
154452 0
80567 0
98192 0
225297 0
193845 0
253893 0
80176 0
91206 0
230495 0
228966 0
233970 0
185336 0
125000 0
156920 0
172120 0
142963 0
152648 0
230779 0
1001 0
214779 0
79994 0
86923 0
95736 0
79999 0
32033 0
217168 0
209634 0
154453 0
160420 0
68290 0
7582 0
135601 0
138822 0
180581 0
232601 0
51379 0
130004 0
88891 0
68249 0
74420 0
74650 0
189843 0
68303 0
49401 0
57973 0
211242 0
174248 0
68284 0
232861 0
249726 0
256989 0
108625 0
248255 0
68253 0
124516 0
207819 0
89258 0
164842 0
232497 0
162876 0
58888 0
101770 0
75965 0
96047 0
80192 0
75970 0
79957 0
168017 0
129583 0
235041 0
164776 0
241485 0
135118 0
218417 0
230094 0
127108 0
138479 0
218332 0
124881 0
51621 0
110128 0
75192 0
78558 0
189255 0
147646 0
236105 0
212163 0
212321 0
239587 0
6127 0
47431 0
231552 0
132359 0
2884 0
135113 0
26791 0
246912 0
151891 0
68784 0
180674 0
7138 0
55496 0
136431 0
8509 0
135112 0
162872 0
72018 0
122458 0
91245 0
183209 0
245812 0
33888 0
242750 0
47557 0
248277 0
24507 0
248727 0
199592 0
24670 0
172139 0
94954 0
3401 0
52498 0
146327 0
99126 0
53497 0
2464 0
109345 0
88243 0
248316 0
206291 0
2033 0
2584 0
80013 0
52018 0
88134 0
160198 0
233759 0
88299 0
1579 0
257667 0
253910 0
68287 0
48787 0
233266 0
84708 0
6883 0
80002 0
91663 0
68262 0
173196 0
231876 0
56764 0
182631 0
60228 0
246203 0
155469 0
47538 0
243452 0
181597 0
134999 0
69554 0
87695 0
40017 0
100586 0
211216 0
233781 0
71146 0
53816 0
65966 0
57967 0
91209 0
130005 0
43315 0
201358 0
252460 0
160412 0
96049 0
20522 0
230498 0
35493 0
139560 0
167853 0
227074 0
103963 0
217069 0
238168 0
417 0
63650 0
138118 0
93779 0
172136 0
111125 0
669 0
56757 0
215727 0
37074 0
191354 0
237045 0
126988 0
164782 0
111752 0
1021 0
82985 0
40040 0
248319 0
249733 0
76142 0
108951 0
89865 0
2202 0
89903 0
36839 0
180561 0
112886 0
242037 0
33890 0
1142 0
56765 0
209325 0
129423 0
7906 0
222220 0
234612 0
125106 0
104233 0
71664 0
138131 0
255589 0
79988 0
84092 0
6862 0
75595 0
10351 0
215733 0
241487 0
127072 0
248312 0
129433 0
180526 0
144151 0
172137 0
37011 0
224384 0
176601 0
153213 0
255593 0
129585 0
62123 0
215455 0
172138 0
187235 0
35033 0
155473 0
217176 0
6535 0
49458 0
88893 0
242066 0
226199 0
27751 0
134971 0
153179 0
232465 0
168019 0
168327 0
184827 0
216863 0
113669 0
53293 0
124515 0
153148 0
3663 0
75952 0
198410 0
87330 0
155139 0
201362 0
238166 0
75937 0
189841 0
160712 0
248291 0
242498 0
75969 0
43320 0
55608 0
56594 0
238467 0
50302 0
1207 0
120747 0
84001 0
78560 0
238276 0
242720 0
152528 0
248235 0
51622 0
226113 0
254147 0
113835 0
160711 0
138119 0
248285 0
63769 0
171018 0
217100 0
253145 0
217336 0
6960 0
237598 0
160322 0
249163 0
233204 0
130062 0
75972 0
230261 0
87697 0
68275 0
7240 0
138151 0
226202 0
129420 0
51523 0
221054 0
73288 0
95672 0
105348 0
55795 0
111697 0
214015 0
155141 0
215634 0
246106 0
174582 0
79995 0
68782 0
222243 0
248328 0
2206 0
224195 0
19298 0
235728 0
72050 0
56572 0
154454 0
186767 0
248247 0
71147 0
33622 0
75964 0
201540 0
83200 0
59299 0
176278 0
124837 0
89904 0
127921 0
47160 0
248251 0
134877 0
96048 0
248307 0
31007 0
222237 0
75973 0
68270 0
227076 0
87678 0
124411 0
117632 0
38722 0
4207 0
189848 0
180518 0
249722 0
100308 0
129556 0
162663 0
105139 0
248280 0
192371 0
22601 0
164933 0
255591 0
222236 0
218090 0
183135 0
215945 0
217486 0
254028 0
217166 0
119259 0
79990 0
26474 0
7267 0
7598 0
53830 0
181705 0
186762 0
27934 0
226020 0
5098 0
88296 0
91226 0
174213 0
101767 0
80005 0
58491 0
217161 0
191678 0
7595 0
179424 0
98193 0
232473 0
28499 0
52020 0
112468 0
68247 0
213078 0
71670 0
166259 0
113239 0
215729 0
172064 0
151791 0
58584 0
152726 0
184830 0
237659 0
59300 0
135109 0
237264 0
56766 0
184831 0
248324 0
233191 0
201360 0
129422 0
43307 0
125864 0
210360 0
75597 0
58004 0
10843 0
232606 0
129594 0
118912 0
253771 0
81093 0
56579 0
127666 0
241787 0
5421 0
73193 0
31045 0
87696 0
1235 0
254144 0
55772 0
180533 0
176732 0
8482 0
152581 0
210363 0
235042 0
73198 0
99970 0
153207 0
61994 0
33484 0
74946 0
230497 0
246460 0
247482 0
254102 0
61373 0
179425 0
233183 0
53700 0
109354 0
98189 0
134558 0
24899 0
222217 0
102301 0
139115 0
105126 0
212165 0
167625 0
118914 0
75230 0
255560 0
174584 0
33880 0
63528 0
119370 0
166731 0
94718 0
36563 0
129426 0
36474 0
187242 0
56578 0
171057 0
230141 0
117256 0
248325 0
246273 0
129427 0
40076 0
100311 0
75976 0
124764 0
74506 0
80011 0
119374 0
218769 0
255045 0
241788 0
73205 0
117262 0
218471 0
127071 0
215666 0
110471 0
214699 0
227909 0
68261 0
197550 0
182735 0
113545 0
43316 0
238573 0
46136 0
153215 0
53192 0
237595 0
110391 0
222210 0
2467 0
135105 0
75602 0
242490 0
87315 0
2417 0
220981 0
243525 0
248317 0
152730 0
217169 0
71667 0
72017 0
143325 0
233190 0
152733 0
94348 0
87609 0
176275 0
16121 0
79966 0
4000 0
135602 0
135641 0
25303 0
68259 0
113980 0
61236 0
247490 0
71669 0
180673 0
68242 0
58091 0
167557 0
146291 0
160720 0
80954 0
172123 0
248303 0
189834 0
2209 0
229068 0
244284 0
140480 0
55071 0
212169 0
85601 0
40075 0
174581 0
239591 0
215885 0
18248 0
159907 0
237614 0
160266 0
68738 0
79958 0
243446 0
255745 0
164773 0
61394 0
185136 0
53739 0
213126 0
156925 0
168546 0
201357 0
146292 0
59297 0
218565 0
170 0
137231 0
138227 0
38572 0
233296 0
242033 0
56899 0
9445 0
228153 0
160414 0
127094 0
244014 0
107342 0
160736 0
71631 0
192607 0
163940 0
135999 0
253894 0
218415 0
181599 0
80008 0
68555 0
68302 0
75978 0
87503 0
152531 0
246367 0
222216 0
35490 0
2623 0
232602 0
236108 0
24207 0
153838 0
127920 0
195465 0
93641 0
185135 0
100309 0
71145 0
222234 0
155472 0
212208 0
173284 0
166573 0
87683 0
6451 0
71142 0
174154 0
129999 0
181706 0
230224 0
6318 0
188531 0
227908 0
248320 0
254045 0
151548 0
2940 0
164920 0
1108 0
6024 0
75949 0
113824 0
254145 0
174585 0
237453 0
33282 0
126556 0
111643 0
113244 0
78303 0
51254 0
1022 0
152999 0
189838 0
248240 0
70159 0
128646 0
215664 0
124879 0
160117 0
182194 0
105133 0
192446 0
218430 0
68272 0
56823 0
18807 0
135107 0
15911 0
236111 0
22817 0
181821 0
48473 0
182632 0
93 0
50226 0
239695 0
211241 0
230099 0
35317 0
121534 0
184834 0
33014 0
37084 0
180559 0
135603 0
215917 0
2878 0
161415 0
100585 0
230210 0
53120 0
189833 0
189283 0
118337 0
222228 0
50925 0
96046 0
194884 0
100464 0
113672 0
254148 0
67256 0
65941 0
127162 0
79993 0
36464 0
248261 0
168111 0
248313 0
87682 0
79989 0
94418 0
249968 0
167565 0
124065 0
166728 0
99971 0
160558 0
176886 0
68642 0
16090 0
91664 0
246512 0
168596 0
164778 0
179463 0
241791 0
242752 0
244013 0
197549 0
98194 0
232353 0
188499 0
45913 0
228821 0
88136 0
43310 0
234695 0
14162 0
187240 0
58002 0
240587 0
6533 0
168015 0
248249 0
68243 0
75934 0
153178 0
68239 0
226200 0
68297 0
153210 0
174260 0
51039 0
248332 0
246368 0
46107 0
248244 0
214954 0
133033 0
244687 0
6357 0
228152 0
51339 0
129436 0
64607 0
182734 0
235709 0
248294 0
129437 0
103499 0
231878 0
75190 0
124519 0
225556 0
247481 0
68643 0
192141 0
36289 0
189840 0
75940 0
248287 0
73289 0
99122 0
87605 0
34319 0
135729 0
145986 0
172061 0
239691 0
81460 0
155143 0
73196 0
68783 0
2717 0
227285 0
86747 0
521 0
189836 0
168021 0
10345 0
71144 0
230351 0
179620 0
26641 0
56827 0
179426 0
75977 0
79982 0
5277 0
122282 0
30386 0
233626 0
132665 0
248267 0
335 0
228155 0
124878 0
124521 0
220990 0
6370 0
64097 0
87197 0
36075 0
245520 0
68288 0
53191 0
248288 0
181704 0
68269 0
236413 0
191649 0
71663 0
6992 0
48277 0
89410 0
182992 0
236418 0
68291 0
236242 0
22818 0
248283 0
80577 0
68245 0
188529 0
73967 0
75950 0
135643 0
85132 0
14499 0
62126 0
71139 0
66542 0
50650 0
123311 0
220979 0
248298 0
225551 0
246156 0
248265 0
182994 0
91247 0
199591 0
33001 0
56903 0
244680 0
133581 0
256256 0
84003 0
59260 0
236758 0
123312 0
246456 0
160416 0
129416 0
236419 0
53764 0
36275 0
231554 0
31235 0
50932 0
45875 0
126554 0
103501 0
224231 0
237768 0
70037 0
118908 0
242023 0
68241 0
215948 0
233150 0
152729 0
34953 0
234606 0
64612 0
68250 0
222226 0
124762 0
75928 0
216159 0
239590 0
248306 0
1601 0
238183 0
201363 0
59298 0
222241 0
138831 0
54854 0
228824 0
246511 0
87681 0
141004 0
3098 0
214695 0
249421 0
73009 0
189281 0
123229 0
29635 0
172121 0
237578 0
92440 0
217488 0
68747 0
56781 0
59956 0
81387 0
222252 0
242036 0
82491 0
93561 0
112739 0
163939 0
113626 0
134882 0
177253 0
225554 0
74010 0
56761 0
164774 0
54263 0
154455 0
172140 0
192137 0
183134 0
95420 0
215833 0
231619 0
108299 0
699 0
134853 0
135565 0
8315 0
138821 0
175791 0
222247 0
231556 0
172124 0
185134 0
187239 0
75231 0
167741 0
38183 0
81552 0
75929 0
83683 0
152757 0
104763 0
68266 0
232686 0
79969 0
246138 0
113914 0
75191 0
38107 0
75432 0
36569 0
233765 0
177758 0
94 0
64987 0
53395 0
24210 0
63983 0
2034 0
222218 0
222253 0
216105 0
147585 0
227302 0
255557 0
229944 0
243454 0
222251 0
222224 0
253887 0
53504 0
52496 0
230454 0
127918 0
407 0
52497 0
121868 0
220985 0
53495 0
82467 0
235034 0
255594 0
95650 0
133632 0
166730 0
27612 0
126 0
56756 0
127491 0
124520 0
71141 0
129417 0
22265 0
112146 0
84930 0
79974 0
256265 0
47969 0
5388 0
230219 0
79960 0
220986 0
75951 0
211451 0
143324 0
2373 0
212162 0
143499 0
2941 0
36689 0
72021 0
95673 0
163255 0
213473 0
246462 0
192364 0
123308 0
71665 0
67657 0
217174 0
75941 0
160421 0
75931 0
172135 0
172063 0
174113 0
236110 0
160417 0
122448 0
70160 0
249732 0
122952 0
246275 0
235189 0
167739 0
68285 0
181565 0
127364 0
73966 0
243499 0
74007 0
186766 0
235330 0
237044 0
4123 0
68279 0
82352 0
34838 0
218414 0
242748 0
1015 0
154450 0
2872 0
117966 0
143492 0
15128 0
55876 0
189847 0
222229 0
230230 0
235727 0
24206 0
83575 0
127919 0
125767 0
246210 0
119376 0
7248 0
153011 0
246065 0
87608 0
124522 0
10347 0
36564 0
256997 0
162349 0
57983 0
117252 0
2208 0
222232 0
50304 0
106483 0
68248 0
193844 0
164771 0
79956 0
248262 0
185335 0
243526 0
182406 0
248266 0
7593 0
248279 0
1651 0
163931 0
120398 0
239473 0
220984 0
248293 0
80009 0
246914 0
159271 0
80851 0
209326 0
68911 0
52019 0
122197 0
97712 0
113860 0
248299 0
254055 0
66710 0
3310 0
153002 0
111640 0
118654 0
105136 0
182172 0
222254 0
129702 0
230093 0
217098 0
167986 0
167282 0
63651 0
88892 0
246276 0
117250 0
162875 0
34448 0
138138 0
62028 0
254049 0
172065 0
206923 0
30436 0
94417 0
189846 0
255588 0
191469 0
195325 0
67257 0
74514 0
160413 0
2207 0
182840 0
56170 0
55462 0
125769 0
222222 0
69034 0
53290 0
213107 0
236304 0
215737 0
159945 0
237582 0
248273 0
79984 0
130373 0
60640 0
5349 0
214411 0
59901 0
246910 0
225793 0
34967 0
146290 0
217157 0
141232 0
244654 0
163938 0
211245 0
98191 0
75228 0
232687 0
155470 0
248326 0
99124 0
172236 0
6171 0
46098 0
54555 0
130063 0
79968 0
167846 0
33627 0
88241 0
218416 0
230494 0
58613 0
10842 0
159785 0
253552 0
73210 0
255693 0
68295 0
87606 0
138686 0
153173 0
74012 0
75943 0
134881 0
68256 0
1481 0
248259 0
79997 0
68267 0
161420 0
81408 0
88133 0
2618 0
239690 0
231616 0
127161 0
82654 0
110147 0
217170 0
234605 0
39805 0
43317 0
143861 0
113979 0
89908 0
222180 0
218562 0
246911 0
46704 0
23271 0
233776 0
101768 0
244690 0
71662 0
234607 0
236417 0
59863 0
180067 0
194882 0
143328 0
7579 0
122449 0
88242 0
71143 0
4018 0
161421 0
244685 0
143626 0
217131 0
242057 0
152527 0
211453 0
244749 0
220511 0
125770 0
117967 0
43308 0
120744 0
246364 0
71630 0
255049 0
226737 0
108614 0
48595 0
255592 0
195744 0
215734 0
189839 0
243964 0
234972 0
117254 0
110195 0
75947 0
7528 0
185307 0
235792 0
160870 0
45917 0
164962 0
215731 0
21724 0
226448 0
141643 0
235790 0
201862 0
254031 0
213334 0
238134 0
69030 0
54320 0
232604 0
182634 0
63083 0
248282 0
248314 0
52021 0
2492 0
48290 0
236325 0
1499 0
71633 0
217158 0
155016 0
81388 0
87711 0
250433 0
192138 0
167735 0
228917 0
124761 0
73129 0
182737 0
231879 0
111639 0
194802 0
248274 0
75232 0
220290 0
89905 0
80003 0
68418 0
225720 0
176600 0
167985 0
118910 0
181701 0
92430 0
188533 0
208728 0
99121 0
243453 0
73194 0
173783 0
230241 0
125601 0
43309 0
244688 0
166729 0
56630 0
123305 0
230500 0
192369 0
239589 0
248245 0
248329 0
340 0
186763 0
80327 0
245024 0
134951 0
47404 0
22522 0
201356 0
75961 0
111724 0
160364 0
248254 0
241528 0
75956 0
127665 0
65442 0
103427 0
241537 0
108870 0
243504 0
143493 0
71661 0
55940 0
187241 0
254684 0
248724 0
153172 0
74011 0
215732 0
129584 0
212636 0
1924 0
215829 0
194849 0
56762 0
140140 0
3312 0
85128 0
248305 0
206925 0
111221 0
47657 0
164770 0
28871 0
68244 0
84221 0
246157 0
162874 0
81386 0
94419 0
53763 0
56570 0
53486 0
235592 0
189844 0
119372 0
220980 0
5867 0
236002 0
162620 0
1917 0
51601 0
167736 0
110502 0
47659 0
2882 0
59093 0
68264 0
129432 0
24208 0
119258 0
79306 0
88135 0
178721 0
237706 0
74009 0
43311 0
53827 0
55870 0
39500 0
225702 0
195004 0
36471 0
133629 0
253890 0
75930 0
213079 0
167281 0
35035 0
249724 0
167845 0
235614 0
77043 0
138193 0
211244 0
138693 0
45914 0
155014 0
124493 0
234694 0
1913 0
179618 0
56588 0
88617 0
255689 0
75599 0
127163 0
51168 0
160746 0
47578 0
182736 0
84000 0
213125 0
165293 0
130061 0
60693 0
201916 0
79961 0
167982 0
80006 0
54567 0
51617 0
75935 0
196087 0
249345 0
34318 0
243523 0
230254 0
194647 0
75229 0
237046 0
241488 0
217162 0
250300 0
145993 0
68254 0
68246 0
127663 0
64611 0
244750 0
248258 0
192365 0
34177 0
160320 0
156308 0
156712 0
213512 0
218564 0
82852 0
125862 0
161644 0
129425 0
226201 0
428 0
127097 0
88974 0
248276 0
1539 0
152732 0
180191 0
75195 0
130647 0
225557 0
208447 0
73128 0
130646 0
229951 0
222390 0
160274 0
105138 0
7732 0
6578 0
134883 0
99969 0
1003 0
160128 0
255765 0
248311 0
232548 0
39787 0
99123 0
248723 0
105137 0
236412 0
167546 0
85127 0
211452 0
100562 0
118674 0
49459 0
153155 0
127667 0
33877 0
245521 0
103429 0
232603 0
5473 0
43313 0
79547 0
115567 0
119369 0
101769 0
233529 0
145991 0
89866 0
82853 0
237272 0
248309 0
197552 0
105998 0
111496 0
122445 0
4110 0
217132 0
6556 0
177756 0
28834 0
162870 0
216789 0
110562 0
238275 0
210362 0
75957 0
162345 0
2201 0
103428 0
244081 0
220978 0
222249 0
103323 0
74522 0
74013 0
222214 0
34513 0
153156 0
51619 0
99152 0
79964 0
61234 0
67774 0
68274 0
152725 0
145990 0
36035 0
236103 0
215635 0
61638 0
421 0
101779 0
80907 0
124485 0
245013 0
69862 0
6561 0
232436 0
230208 0
69033 0
99128 0
6577 0
246205 0
36036 0
222393 0
248722 0
53824 0
58003 0
7185 0
129434 0
177755 0
248297 0
153175 0
122538 0
244049 0
133589 0
145994 0
255738 0
124494 0
238464 0
255743 0
10349 0
234611 0
160423 0
135642 0
153501 0
189284 0
68644 0
189271 0
68641 0
138685 0
133590 0
214694 0
214683 0
212648 0
82347 0
209229 0
43319 0
177252 0
238170 0
233206 0
248260 0
217165 0
100047 0
237615 0
235988 0
145856 0
124302 0
74417 0
188341 0
181703 0
62127 0
1570 0
125766 0
51040 0
236102 0
138217 0
238776 0
68780 0
113674 0
249343 0
241538 0
215735 0
48298 0
87607 0
206926 0
255965 0
246363 0
75932 0
53606 0
226114 0
6232 0
122452 0
94593 0
100307 0
143897 0
161331 0
244681 0
236256 0
59864 0
168014 0
85549 0
74419 0
86971 0
1922 0
45883 0
68748 0
7605 0
241486 0
194883 0
237656 0
918 0
253770 0
53499 0
91888 0
238465 0
79972 0
113666 0
248322 0
82346 0
46741 0
230441 0
65315 0
108372 0
14166 0
74415 0
153149 0
72938 0
5245 0
178140 0
55483 0
137688 0
2315 0
237715 0
113663 0
71140 0
94416 0
184832 0
62588 0
96305 0
6600 0
61551 0
119587 0
35095 0
234609 0
135116 0
220509 0
139224 0
103426 0
103158 0
154456 0
161330 0
75598 0
229950 0
132666 0
220987 0
194885 0
3558 0
89194 0
194646 0
138691 0
43291 0
5478 0
76091 0
236508 0
122450 0
57984 0
162621 0
126557 0
6886 0
117962 0
68744 0
210365 0
75942 0
125113 0
55932 0
128647 0
35363 0
246279 0
33651 0
217710 0
189282 0
113188 0
68305 0
218561 0
212282 0
68271 0
222238 0
235682 0
54553 0
232695 0
68282 0
56587 0
156035 0
160411 0
35485 0
6233 0
248241 0
181596 0
19669 0
237284 0
232443 0
248268 0
6054 0
91022 0
242753 0
130609 0
89909 0
139116 0
105140 0
62125 0
160740 0
35044 0
126696 0
139223 0
220653 0
99974 0
153208 0
10352 0
127661 0
161592 0
7521 0
75939 0
43314 0
53500 0
138694 0
83996 0
7602 0
5520 0
68258 0
105135 0
57145 0
174564 0
75960 0
53699 0
152213 0
156923 0
226112 0
217052 0
227282 0
248243 0
80007 0
79986 0
246913 0
222233 0
49444 0
155140 0
100085 0
174580 0
123310 0
1840 0
68294 0
2812 0
79985 0
134878 0
49097 0
212281 0
237291 0
82351 0
79967 0
217487 0
238169 0
220983 0
217485 0
105997 0
243447 0
1835 0
231615 0
105317 0
68252 0
230207 0
214690 0
45532 0
61599 0
7123 0
33649 0
228721 0
2585 0
237669 0
4108 0
182368 0
186761 0
177249 0
255766 0
237658 0
78304 0
215636 0
237597 0
1031 0
138535 0
254044 0
71576 0
228820 0
8288 0
129991 0
236265 0
153214 0
246208 0
215736 0
129993 0
217099 0
135104 0
81389 0
58088 0
111645 0
125768 0
222221 0
68280 0
153005 0
161411 0
237496 0
68263 0
47620 0
54554 0
134810 0
1020 0
128648 0
218563 0
217484 0
62282 0
108869 0
64605 0
2162 0
163937 0
184833 0
197551 0
262 0
66121 0
75974 0
69027 0
167292 0
127188 0
212638 0
49209 0
188535 0
236241 0
113502 0
124410 0
228528 0
61594 0
248256 0
58001 0
248726 0
152731 0
179404 0
174441 0
137432 0
137644 0
243524 0
63986 0
233758 0
218489 0
174155 0
95278 0
93780 0
238181 0
239588 0
86810 0
212637 0
117265 0
48278 0
53141 0
2654 0
36216 0
184829 0
227284 0
181555 0
216034 0
222248 0
6694 0
74008 0
235681 0
105548 0
238182 0
53999 0
232600 0
110529 0
135730 0
118015 0
123309 0
75233 0
45768 0
217101 0
75110 0
57884 0
83998 0
211449 0
160422 0
147614 0
35494 0
1834 0
161417 0
75936 0
59865 0
236249 0
244051 0
119375 0
185364 0
250301 0
63653 0
139114 0
111297 0
127096 0
109966 0
155145 0
135108 0
72016 0
152530 0
229053 0
130645 0
245602 0
73963 0
244652 0
232438 0
72568 0
97375 0
112627 0
8304 0
89633 0
177248 0
197554 0
167847 0
213159 0
129431 0
238756 0
113664 0
60752 0
74416 0
128649 0
80194 0
89907 0
55209 0
75592 0
217053 0
61593 0
227550 0
209297 0
210361 0
113841 0
235712 0
50989 0
253888 0
185334 0
2724 0
63654 0
51380 0
57963 0
244653 0
244651 0
80010 0
248302 0
80355 0
52022 0
141003 0
143497 0
68273 0
242755 0
1652 0
85478 0
7241 0
228053 0
117961 0
184828 0
20737 0
248310 0
179621 0
79962 0
135728 0
145992 0
111217 0
53503 0
185344 0
14300 0
73207 0
2412 0
248304 0
248252 0
230850 0
7615 0
246909 0
38498 0
212209 0
53121 0
1606 0
248289 0
249970 0
216102 0
185133 0
164966 0
2182 0
215832 0
229940 0
79959 0
217171 0
238167 0
50921 0
311 0
164772 0
255744 0
68277 0
98190 0
33638 0
166475 0
130017 0
248725 0
236245 0
74418 0
182812 0
129418 0
177251 0
391 0
52272 0
168016 0
232694 0
245523 0
220989 0
236376 0
254103 0
225552 0
80001 0
230140 0
6125 0
62001 0
237817 0
186765 0
256995 0
5493 0
172132 0
152585 0
48050 0
152535 0
4086 0
5817 0
236552 0
53397 0
54566 0
113543 0
248236 0
74515 0
143498 0
244650 0
69028 0
122451 0
367 0
193073 0
36799 0
130060 0
162619 0
129992 0
167569 0
249969 0
3311 0
53295 0
244677 0
182533 0
215919 0
117618 0
68278 0
32766 0
181595 0
255127 0
168020 0
129419 0
194645 0
28495 0
129435 0
188532 0
255559 0
124514 0
168417 0
244015 0
236442 0
74518 0
105038 0
124977 0
135650 0
236414 0
80576 0
234741 0
214778 0
244419 0
139096 0
185314 0
30567 0
172127 0
237047 0
46099 0
106037 0
127073 0
33029 0
231899 0
65314 0
239349 0
28501 0
68283 0
225553 0
162304 0
225555 0
117968 0
20703 0
75955 0
246209 0
120271 0
242489 0
164926 0
117260 0
217130 0
246274 0
235613 0
135114 0
161645 0
220988 0
152979 0
127917 0
230849 0
8466 0
166582 0
111641 0
138823 0
152651 0
8589 0
75600 0
176186 0
73970 0
1850 0
75966 0
61299 0
113829 0
130873 0
113876 0
122447 0
176995 0
113293 0
247480 0
82355 0
75967 0
175770 0
181598 0
254107 0
210882 0
217097 0
68281 0
156919 0
68745 0
124760 0
252593 0
75975 0
248253 0
155013 0
72051 0
197553 0
160725 0
232463 0
54855 0
11794 0
232700 0
5941 0
167737 0
113665 0
79987 0
248301 0
213476 0
121533 0
180517 0
75944 0
65316 0
10343 0
1921 0
39807 0
83686 0
213028 0
145989 0
51382 0
167981 0
51338 0
86764 0
55773 0
115350 0
55875 0
55230 0
73965 0
181822 0
95651 0
237840 0
230209 0
88977 0
74206 0
74414 0
186764 0
158879 0
139226 0
101220 0
242059 0
238459 0
207821 0
213027 0
254322 0
125771 0
126555 0
230252 0
236000 0
160430 0
163936 0
39623 0
107665 0
254146 0
160717 0
28500 0
188534 0
166580 0
160267 0
248270 0
236439 0
3052 0
124409 0
68276 0
105546 0
217160 0
236306 0
55623 0
160268 0
79976 0
244692 0
84002 0
171016 0
34176 0
249347 0
68255 0
217172 0
189842 0
211454 0
226111 0
53498 0
113662 0
6358 0
232472 0
242754 0
86920 0
45478 0
123998 0
230031 0
8592 0
68761 0
248242 0
73968 0
134880 0
189789 0
214692 0
75601 0
167984 0
6939 0
79991 0
254104 0
33650 0
231617 0
237705 0
129586 0
235508 0
192368 0
239694 0
85131 0
89906 0
49296 0
248295 0
161590 0
73199 0
75971 0
50922 0
66119 0
173782 0
125977 0
88889 0
151787 0
54568 0
217173 0
233553 0
189285 0
214369 0
87680 0
53650 0
233439 0
74421 0
128119 0
241812 0
138148 0
36040 0
211243 0
153485 0
75596 0
231348 0
231866 0
68746 0
255061 0
178717 0
125863 0
113238 0
235640 0
236263 0
162873 0
256990 0
25280 0
73969 0
235046 0
201359 0
54569 0
221651 0
81459 0
135119 0
71666 0
48881 0
211450 0
222215 0
246459 0
111071 0
50982 0
2371 0
133583 0
246206 0
135600 0
248275 0
172025 0
16838 0
110472 0
115060 0
37042 0
89143 0
47656 0
242058 0
244679 0
119373 0
30341 0
113673 0
113870 0
167844 0
80004 0
206924 0
232699 0
122196 0
123307 0
95419 0
105132 0
54551 0
167290 0
24675 0
58732 0
232599 0
234812 0
124965 0
91264 0
54564 0
79992 0
217167 0
125865 0
124408 0
50648 0
134811 0
14664 0
213431 0
125976 0
207038 0
69029 0
152532 0
68307 0
220528 0
233139 0
228369 0
2411 0
222246 0
182993 0
670 0
237815 0
164918 0
111723 0
71634 0
179428 0
182720 0
227281 0
226322 0
222223 0
214693 0
194644 0
4117 0
186769 0
244691 0
65317 0
113294 0
126558 0
31298 0
24209 0
172129 0
222250 0
7409 0
118673 0
83999 0
98195 0
79973 0
246365 0
111753 0
rep248549 13
248530 0
248553 0
248532 0
248550 0
248551 0
248527 0
89120 0
248529 0
248549 0
248528 0
209874 0
248552 0
248531 0
rep10096 11
1069 0
211664 0
211670 0
10096 0
211668 0
211666 0
211665 0
211669 0
211663 0
211662 0
211661 0
211347 0
81740 0
39717 0
211197 0
rep195045 4
195047 0
195045 0
195043 0
195046 0
rep62545 8
138729 0
62545 0
138731 0
138732 0
62546 0
138730 0
85466 0
138733 0
rep82776 8
82777 0
82783 0
82776 0
82781 0
82780 0
82778 0
82782 0
82779 0
rep116658 5
116658 0
116659 0
116677 0
116657 0
116662 0
rep72600 4
72600 0
72603 0
72602 0
72601 0
211683 0
138125 0
rep78244 51
78241 0
79339 0
96688 0
113134 0
111528 0
78246 0
196258 0
156361 0
82796 0
78243 0
187090 0
111533 0
113132 0
111531 0
156270 0
187285 0
113135 0
5159 0
78245 0
82795 0
82797 0
156266 0
53116 0
111529 0
82798 0
156058 0
4290 0
78248 0
156362 0
111532 0
156577 0
111530 0
96681 0
51232 0
113133 0
111088 0
78244 0
82794 0
113130 0
156566 0
113131 0
111535 0
78247 0
111534 0
156273 0
78242 0
3319 0
156275 0
75834 0
156195 0
156128 0
rep225527 2
225529 0
225527 0
180217 0
133041 0
243051 0
rep203553 2
203554 0
203553 0
rep85003 8
85002 0
83035 0
85005 0
83037 0
83038 0
85003 0
83036 0
85004 0
rep122229 9
122239 0
122232 0
122235 0
122245 0
122242 0
80069 0
80070 0
122229 0
179417 0
rep212950 6
212950 0
212951 0
208953 0
8598 0
8597 0
212773 0
rep104779 4
104779 0
104778 0
97522 0
104707 0
3355 0
rep67707 2
67728 0
67707 0
rep77472 8
77475 0
77468 0
77472 0
77474 0
77469 0
77471 0
77470 0
77473 0
rep135131 2
135132 0
135131 0
124401 0
37088 0
rep210969 4
210971 0
210966 0
210969 0
210972 0
rep78957 2
78960 0
78957 0
rep76324 16
76322 0
76325 0
76317 0
76315 0
33995 0
76323 0
76320 0
76324 0
5142 0
76316 0
76326 0
76327 0
76321 0
76319 0
76328 0
76318 0
120458 0
rep194692 6
194696 0
194697 0
194694 0
194692 0
194693 0
194695 0
rep83847 6
83845 0
83848 0
83847 0
83844 0
83846 0
83849 0
rep37378 8
37377 0
37372 0
37379 0
37376 0
37375 0
37374 0
37378 0
37373 0
rep218142 3
218143 0
218141 0
218142 0
39665 0
rep88008 3
88010 0
88008 0
87415 0
38221 0
94639 0
rep212906 5
212485 0
212486 0
53446 0
59912 0
212906 0
rep144743 10
144744 0
62582 0
144747 0
144748 0
144745 0
62581 0
144746 0
144743 0
62577 0
62578 0
79816 0
rep112141 6
114426 0
112141 0
114432 0
122123 0
122609 0
114430 0
rep78221 9
78229 0
78222 0
78225 0
78226 0
78228 0
78224 0
78227 0
78221 0
78223 0
56647 0
rep151800 4
82949 0
245499 0
256617 0
151800 0
123683 0
5847 0
rep131060 11
109128 0
131067 0
131062 0
123203 0
131066 0
131064 0
131068 0
131060 0
131063 0
131061 0
131065 0
rep134027 9
134027 0
61917 0
233010 0
233571 0
233572 0
233573 0
57890 0
233574 0
233580 0
rep131460 6
131463 0
131460 0
131459 0
131458 0
131462 0
131461 0
rep184993 2
184993 0
186743 0
rep153059 8
28300 0
86851 0
153063 0
98152 0
153064 0
153061 0
153059 0
153062 0
178818 0
rep145139 6
145138 0
17898 0
145142 0
145140 0
145139 0
145153 0
rep101091 4
101089 0
101090 0
101093 0
101091 0
rep216621 8
216625 0
216620 0
216624 0
216626 0
216622 0
216627 0
216623 0
216621 0
rep72854 4
72855 0
72852 0
72853 0
72854 0
81697 0
rep62652 3
62655 0
62652 0
62654 0
70940 0
210943 0
rep203847 4
203849 0
203838 0
203848 0
203847 0
rep250237 18
218159 0
250240 0
218158 0
3656 0
6832 0
218160 0
250242 0
250237 0
218157 0
250236 0
94614 0
250239 0
94619 0
218156 0
94612 0
250235 0
250241 0
250238 0
96502 0
174568 0
145017 0
rep187735 10
187735 0
229036 0
187738 0
187740 0
230056 0
230058 0
229039 0
221160 0
221161 0
187739 0
241221 0
rep141301 4
141303 0
141304 0
141302 0
141301 0
60052 0
rep123140 2
123141 0
123140 0
233793 0
rep180177 8
180182 0
180178 0
180183 0
180180 0
180179 0
214846 0
180177 0
180181 0
rep58933 2
67003 0
58933 0
rep8787 4
8789 0
8790 0
8787 0
8786 0
rep5056 2
5057 0
5056 0
rep134107 14
134104 0
134043 0
134102 0
134106 0
134042 0
134107 0
134105 0
134167 0
134103 0
134074 0
134073 0
134166 0
29728 0
29727 0
3623 0
15000 0
107920 0
rep226359 8
222945 0
226357 0
223135 0
226359 0
222947 0
223134 0
223133 0
226378 0
132101 0
rep209234 7
221372 0
221369 0
209234 0
221373 0
221368 0
209233 0
47842 0
rep20488 6
83247 0
83246 0
20488 0
83245 0
83244 0
83248 0
rep92096 11
92397 0
92972 0
92973 0
92396 0
92399 0
92398 0
92095 0
92971 0
92974 0
92096 0
92094 0
rep187925 3
187925 0
36766 0
64580 0
rep217058 8
217007 0
217005 0
217058 0
217060 0
217059 0
217237 0
217236 0
217008 0
