216840 23 171701 171702 171703 171704 171705 171706 171740 171741 171742 216841 216843 216899 216900 216901 216902 216903 216904 216905 216906 216907 216908 216909 216910
103773 0
216841 23 171701 171702 171703 171704 171705 171706 171740 171741 171742 216840 216843 216899 216900 216901 216902 216903 216904 216905 216906 216907 216908 216909 216910
218748 33 131865 132469 133853 135518 135519 16123 16125 218721 218722 218723 218724 218734 218736 218745 218746 218747 218749 218750 218751 218753 225 2275 23000 23001 2450 2452 3462 3463 3464 64108 91030 91045 94028
91030 46 131865 132469 133853 16123 16125 218721 218722 218723 218724 218725 218726 218727 218728 218729 218730 218731 218732 218733 218734 218736 218737 218738 218739 218740 218741 218742 218743 218744 218745 218746 218747 218748 218749 218750 218751 218752 218753 225 2275 23000 23001 2452 3462 3463 3464 64108
218749 33 131865 132469 133853 135518 135519 16123 16125 218721 218722 218723 218724 218734 218736 218746 218747 218748 218750 218751 218752 218753 225 2275 23000 23001 2450 2452 3462 3463 3464 64108 91030 91045 94028
218746 28 131865 135518 135519 16123 16125 218722 218724 218733 218743 218744 218745 218747 218748 218749 218752 225 2275 23000 23001 2450 2452 3462 3463 3464 64108 91030 91045 94028
218747 29 131865 135518 135519 16123 16125 218722 218724 218733 218743 218744 218745 218746 218748 218749 218750 218752 225 2275 23000 23001 2450 2452 3462 3463 3464 64108 91030 91045 94028
94028 35 131865 132469 133853 218721 218722 218723 218725 218726 218727 218728 218729 218730 218731 218732 218733 218734 218736 218737 218738 218739 218740 218741 218742 218744 218745 218746 218747 218748 218749 218750 218751 218752 218753 2450 64108
218753 34 131865 132469 133853 135518 135519 16123 16125 218721 218722 218723 218724 218725 218733 218734 218736 218743 218748 218749 218750 218751 218752 225 2275 23000 23001 2450 2452 3462 3463 3464 64108 91030 91045 94028
218752 49 131865 132469 133853 135518 135519 16123 16125 218721 218722 218723 218724 218725 218726 218727 218728 218729 218730 218731 218732 218734 218736 218737 218738 218739 218740 218741 218742 218743 218744 218745 218746 218747 218749 218750 218751 218753 225 2275 23000 23001 2450 2452 3462 3463 3464 64108 91030 91045 94028
218751 33 131865 132469 133853 135518 135519 16123 16125 218721 218722 218723 218724 218725 218734 218736 218743 218748 218749 218750 218752 218753 225 2275 23000 23001 2450 2452 3462 3463 3464 64108 91030 91045 94028
218750 32 131865 132469 133853 135518 135519 16123 16125 218721 218722 218723 218724 218734 218736 218747 218748 218749 218751 218752 218753 225 2275 23000 23001 2450 2452 3462 3463 3464 64108 91030 91045 94028
216899 23 171701 171702 171703 171704 171705 171706 171740 171741 171742 216840 216841 216843 216900 216901 216902 216903 216904 216905 216906 216907 216908 216909 216910
1082 23 132354 132355 132356 204221 217 217441 219190 219191 219257 219258 219259 219389 219390 219391 219392 219393 219394 219395 219396 2378 36666 5563 62717
132469 28 131865 133853 135518 135519 16123 16125 218722 218723 218733 218748 218749 218750 218751 218752 218753 225 2275 23000 23001 2450 2452 3462 3463 3464 64108 91030 91045 94028
103810 3 103809 103811 103812
217441 24 1082 132354 132355 132356 204221 217 219190 219191 219257 219258 219259 219389 219390 219391 219392 219393 219394 219395 219396 2378 36666 46092 5563 62717
103811 3 103809 103810 103812
103812 3 103809 103810 103811
217 24 1082 132354 132355 132356 204221 217441 219190 219191 219257 219258 219259 219389 219390 219391 219392 219393 219394 219395 219396 2378 36666 46092 5563 62717
219392 24 1082 132354 132355 132356 204221 217 217441 219190 219191 219257 219258 219259 219389 219390 219391 219393 219394 219395 219396 2378 36666 46092 5563 62717
133853 30 131865 132469 135518 135519 16123 16125 218722 218723 218724 218733 218743 218748 218749 218750 218751 218752 218753 225 2275 23000 23001 2450 2452 3462 3463 3464 64108 91030 91045 94028
219393 24 1082 132354 132355 132356 204221 217 217441 219190 219191 219257 219258 219259 219389 219390 219391 219392 219394 219395 219396 2378 36666 46092 5563 62717
219390 24 1082 132354 132355 132356 204221 217 217441 219190 219191 219257 219258 219259 219389 219391 219392 219393 219394 219395 219396 2378 36666 46092 5563 62717
219259 24 1082 132354 132355 132356 204221 217 217441 219190 219191 219257 219258 219389 219390 219391 219392 219393 219394 219395 219396 2378 36666 46092 5563 62717
219391 24 1082 132354 132355 132356 204221 217 217441 219190 219191 219257 219258 219259 219389 219390 219392 219393 219394 219395 219396 2378 36666 46092 5563 62717
219396 24 1082 132354 132355 132356 204221 217 217441 219190 219191 219257 219258 219259 219389 219390 219391 219392 219393 219394 219395 2378 36666 46092 5563 62717
219257 24 1082 132354 132355 132356 204221 217 217441 219190 219191 219258 219259 219389 219390 219391 219392 219393 219394 219395 219396 2378 36666 46092 5563 62717
219190 24 1082 132354 132355 132356 204221 217 217441 219191 219257 219258 219259 219389 219390 219391 219392 219393 219394 219395 219396 2378 36666 46092 5563 62717
219258 24 1082 132354 132355 132356 204221 217 217441 219190 219191 219257 219259 219389 219390 219391 219392 219393 219394 219395 219396 2378 36666 46092 5563 62717
219191 24 1082 132354 132355 132356 204221 217 217441 219190 219257 219258 219259 219389 219390 219391 219392 219393 219394 219395 219396 2378 36666 46092 5563 62717
135518 47 131865 132469 133853 135519 16123 16125 218721 218722 218723 218724 218725 218726 218727 218728 218729 218730 218731 218732 218733 218734 218736 218737 218738 218739 218740 218741 218742 218743 218744 218745 218746 218747 218748 218749 218750 218751 218752 218753 225 23000 23001 2450 2452 3462 3463 3464 64108
219394 24 1082 132354 132355 132356 204221 217 217441 219190 219191 219257 219258 219259 219389 219390 219391 219392 219393 219395 219396 2378 36666 46092 5563 62717
5563 24 1082 132354 132355 132356 204221 217 217441 219190 219191 219257 219258 219259 219389 219390 219391 219392 219393 219394 219395 219396 2378 36666 46092 62717
2275 37 131865 132469 133853 218721 218722 218723 218724 218725 218726 218727 218728 218729 218730 218731 218732 218733 218734 218736 218737 218738 218739 218740 218741 218742 218743 218744 218745 218746 218747 218748 218749 218750 218751 218752 218753 64108 91030
135519 47 131865 132469 133853 135518 16123 16125 218721 218722 218723 218724 218725 218726 218727 218728 218729 218730 218731 218732 218733 218734 218736 218737 218738 218739 218740 218741 218742 218743 218744 218745 218746 218747 218748 218749 218750 218751 218752 218753 225 23000 23001 2450 2452 3462 3463 3464 64108
219395 24 1082 132354 132355 132356 204221 217 217441 219190 219191 219257 219258 219259 219389 219390 219391 219392 219393 219394 219396 2378 36666 46092 5563 62717
225 40 131865 132469 133853 135518 135519 218721 218722 218723 218724 218725 218726 218727 218728 218729 218730 218731 218732 218733 218734 218736 218737 218738 218739 218740 218741 218742 218743 218744 218745 218746 218747 218748 218749 218750 218751 218752 218753 3462 64108 91030
62717 24 1082 132354 132355 132356 204221 217 217441 219190 219191 219257 219258 219259 219389 219390 219391 219392 219393 219394 219395 219396 2378 36666 46092 5563
23000 40 131865 132469 133853 135518 135519 218721 218722 218723 218724 218725 218726 218727 218728 218729 218730 218731 218732 218733 218734 218736 218737 218738 218739 218740 218741 218742 218743 218744 218745 218746 218747 218748 218749 218750 218751 218752 218753 23001 64108 91030
103809 3 103810 103811 103812
73972 23 73971 73973 73974 73975 73976 73977 73978 73979 73980 73981 73982 73983 73984 73985 73986 73987 73988 73989 73990 73991 73992 73993 73994
171742 23 171701 171702 171703 171704 171705 171706 171740 171741 216840 216841 216843 216899 216900 216901 216902 216903 216904 216905 216906 216907 216908 216909 216910
23001 40 131865 132469 133853 135518 135519 218721 218722 218723 218724 218725 218726 218727 218728 218729 218730 218731 218732 218733 218734 218736 218737 218738 218739 218740 218741 218742 218743 218744 218745 218746 218747 218748 218749 218750 218751 218752 218753 23000 64108 91030
73973 23 73971 73972 73974 73975 73976 73977 73978 73979 73980 73981 73982 73983 73984 73985 73986 73987 73988 73989 73990 73991 73992 73993 73994
73974 23 73971 73972 73973 73975 73976 73977 73978 73979 73980 73981 73982 73983 73984 73985 73986 73987 73988 73989 73990 73991 73992 73993 73994
171740 23 171701 171702 171703 171704 171705 171706 171741 171742 216840 216841 216843 216899 216900 216901 216902 216903 216904 216905 216906 216907 216908 216909 216910
73975 23 73971 73972 73973 73974 73976 73977 73978 73979 73980 73981 73982 73983 73984 73985 73986 73987 73988 73989 73990 73991 73992 73993 73994
171741 23 171701 171702 171703 171704 171705 171706 171740 171742 216840 216841 216843 216899 216900 216901 216902 216903 216904 216905 216906 216907 216908 216909 216910
73976 23 73971 73972 73973 73974 73975 73977 73978 73979 73980 73981 73982 73983 73984 73985 73986 73987 73988 73989 73990 73991 73992 73993 73994
73977 23 73971 73972 73973 73974 73975 73976 73978 73979 73980 73981 73982 73983 73984 73985 73986 73987 73988 73989 73990 73991 73992 73993 73994
73978 23 73971 73972 73973 73974 73975 73976 73977 73979 73980 73981 73982 73983 73984 73985 73986 73987 73988 73989 73990 73991 73992 73993 73994
73979 23 73971 73972 73973 73974 73975 73976 73977 73978 73980 73981 73982 73983 73984 73985 73986 73987 73988 73989 73990 73991 73992 73993 73994
104826 2 104824 104825
104825 2 104824 104826
219389 24 1082 132354 132355 132356 204221 217 217441 219190 219191 219257 219258 219259 219390 219391 219392 219393 219394 219395 219396 2378 36666 46092 5563 62717
104824 2 104825 104826
2450 40 131865 132469 133853 135518 135519 218721 218722 218723 218724 218725 218726 218727 218728 218729 218730 218731 218732 218733 218734 218736 218737 218738 218739 218740 218741 218742 218743 218744 218745 218746 218747 218748 218749 218750 218751 218752 218753 2452 64108 94028
2452 40 131865 132469 133853 135518 135519 218721 218722 218723 218724 218725 218726 218727 218728 218729 218730 218731 218732 218733 218734 218736 218737 218738 218739 218740 218741 218742 218743 218744 218745 218746 218747 218748 218749 218750 218751 218752 218753 2450 64108 91030
73971 23 73972 73973 73974 73975 73976 73977 73978 73979 73980 73981 73982 73983 73984 73985 73986 73987 73988 73989 73990 73991 73992 73993 73994
2378 24 1082 132354 132355 132356 204221 217 217441 219190 219191 219257 219258 219259 219389 219390 219391 219392 219393 219394 219395 219396 36666 46092 5563 62717
132354 24 1082 132355 132356 204221 217 217441 219190 219191 219257 219258 219259 219389 219390 219391 219392 219393 219394 219395 219396 2378 36666 46092 5563 62717
132355 24 1082 132354 132356 204221 217 217441 219190 219191 219257 219258 219259 219389 219390 219391 219392 219393 219394 219395 219396 2378 36666 46092 5563 62717
132356 24 1082 132354 132355 204221 217 217441 219190 219191 219257 219258 219259 219389 219390 219391 219392 219393 219394 219395 219396 2378 36666 46092 5563 62717
73982 23 73971 73972 73973 73974 73975 73976 73977 73978 73979 73980 73981 73983 73984 73985 73986 73987 73988 73989 73990 73991 73992 73993 73994
73981 23 73971 73972 73973 73974 73975 73976 73977 73978 73979 73980 73982 73983 73984 73985 73986 73987 73988 73989 73990 73991 73992 73993 73994
73980 23 73971 73972 73973 73974 73975 73976 73977 73978 73979 73981 73982 73983 73984 73985 73986 73987 73988 73989 73990 73991 73992 73993 73994
73989 23 73971 73972 73973 73974 73975 73976 73977 73978 73979 73980 73981 73982 73983 73984 73985 73986 73987 73988 73990 73991 73992 73993 73994
73988 23 73971 73972 73973 73974 73975 73976 73977 73978 73979 73980 73981 73982 73983 73984 73985 73986 73987 73989 73990 73991 73992 73993 73994
73987 23 73971 73972 73973 73974 73975 73976 73977 73978 73979 73980 73981 73982 73983 73984 73985 73986 73988 73989 73990 73991 73992 73993 73994
73986 23 73971 73972 73973 73974 73975 73976 73977 73978 73979 73980 73981 73982 73983 73984 73985 73987 73988 73989 73990 73991 73992 73993 73994
73985 23 73971 73972 73973 73974 73975 73976 73977 73978 73979 73980 73981 73982 73983 73984 73986 73987 73988 73989 73990 73991 73992 73993 73994
73984 23 73971 73972 73973 73974 73975 73976 73977 73978 73979 73980 73981 73982 73983 73985 73986 73987 73988 73989 73990 73991 73992 73993 73994
73983 23 73971 73972 73973 73974 73975 73976 73977 73978 73979 73980 73981 73982 73984 73985 73986 73987 73988 73989 73990 73991 73992 73993 73994
46092 23 132354 132355 132356 204221 217 217441 219190 219191 219257 219258 219259 219389 219390 219391 219392 219393 219394 219395 219396 2378 36666 5563 62717
204221 24 1082 132354 132355 132356 217 217441 219190 219191 219257 219258 219259 219389 219390 219391 219392 219393 219394 219395 219396 2378 36666 46092 5563 62717
73991 23 73971 73972 73973 73974 73975 73976 73977 73978 73979 73980 73981 73982 73983 73984 73985 73986 73987 73988 73989 73990 73992 73993 73994
73990 23 73971 73972 73973 73974 73975 73976 73977 73978 73979 73980 73981 73982 73983 73984 73985 73986 73987 73988 73989 73991 73992 73993 73994
218721 31 131865 135518 135519 16123 16125 218722 218723 218724 218725 218728 218733 218743 218748 218749 218750 218751 218752 218753 225 2275 23000 23001 2450 2452 3462 3463 3464 64108 91030 91045 94028
73993 23 73971 73972 73973 73974 73975 73976 73977 73978 73979 73980 73981 73982 73983 73984 73985 73986 73987 73988 73989 73990 73991 73992 73994
218722 51 131865 132469 133853 135518 135519 16123 16125 218721 218723 218724 218725 218726 218727 218728 218729 218730 218731 218732 218733 218734 218736 218737 218738 218739 218740 218741 218742 218743 218744 218745 218746 218747 218748 218749 218750 218751 218752 218753 225 2275 23000 23001 2450 2452 3462 3463 3464 64108 91030 91045 94028
73992 23 73971 73972 73973 73974 73975 73976 73977 73978 73979 73980 73981 73982 73983 73984 73985 73986 73987 73988 73989 73990 73991 73993 73994
218723 34 131865 132469 133853 135518 135519 16123 16125 218721 218722 218724 218725 218726 218733 218734 218736 218748 218749 218750 218751 218752 218753 225 2275 23000 23001 2450 2452 3462 3463 3464 64108 91030 91045 94028
73994 23 73971 73972 73973 73974 73975 73976 73977 73978 73979 73980 73981 73982 73983 73984 73985 73986 73987 73988 73989 73990 73991 73992 73993
103789 0
218727 28 131865 135518 135519 16123 16125 218722 218724 218725 218726 218728 218729 218730 218733 218743 218752 225 2275 23000 23001 2450 2452 3462 3463 3464 64108 91030 91045 94028
3464 41 131865 132469 133853 135518 135519 218721 218722 218723 218724 218725 218726 218727 218728 218729 218730 218731 218732 218733 218734 218736 218737 218738 218739 218740 218741 218742 218743 218744 218745 218746 218747 218748 218749 218750 218751 218752 218753 3462 3463 64108 91030
171701 23 171702 171703 171704 171705 171706 171740 171741 171742 216840 216841 216843 216899 216900 216901 216902 216903 216904 216905 216906 216907 216908 216909 216910
3463 41 131865 132469 133853 135518 135519 218721 218722 218723 218724 218725 218726 218727 218728 218729 218730 218731 218732 218733 218734 218736 218737 218738 218739 218740 218741 218742 218743 218744 218745 218746 218747 218748 218749 218750 218751 218752 218753 3462 3464 64108 91030
218726 28 131865 135518 135519 16123 16125 218722 218723 218724 218725 218727 218728 218729 218733 218743 218752 225 2275 23000 23001 2450 2452 3462 3463 3464 64108 91030 91045 94028
3462 42 131865 132469 133853 135518 135519 218721 218722 218723 218724 218725 218726 218727 218728 218729 218730 218731 218732 218733 218734 218736 218737 218738 218739 218740 218741 218742 218743 218744 218745 218746 218747 218748 218749 218750 218751 218752 218753 225 3463 3464 64108 91030
171703 23 171701 171702 171704 171705 171706 171740 171741 171742 216840 216841 216843 216899 216900 216901 216902 216903 216904 216905 216906 216907 216908 216909 216910
218725 30 131865 135518 135519 16123 16125 218721 218722 218723 218724 218726 218727 218728 218733 218743 218751 218752 218753 225 2275 23000 23001 2450 2452 3462 3463 3464 64108 91030 91045 94028
171702 23 171701 171703 171704 171705 171706 171740 171741 171742 216840 216841 216843 216899 216900 216901 216902 216903 216904 216905 216906 216907 216908 216909 216910
218724 49 131865 133853 135518 135519 16123 16125 218721 218722 218723 218725 218726 218727 218728 218729 218730 218731 218732 218733 218734 218736 218737 218738 218739 218740 218741 218742 218743 218744 218745 218746 218747 218748 218749 218750 218751 218752 218753 225 2275 23000 23001 2450 2452 3462 3463 3464 64108 91030 91045
218729 29 131865 135518 135519 16123 16125 218722 218724 218726 218727 218728 218730 218731 218732 218733 218743 218752 225 2275 23000 23001 2450 2452 3462 3463 3464 64108 91030 91045 94028
216910 23 171701 171702 171703 171704 171705 171706 171740 171741 171742 216840 216841 216843 216899 216900 216901 216902 216903 216904 216905 216906 216907 216908 216909
218728 30 131865 135518 135519 16123 16125 218721 218722 218724 218725 218726 218727 218729 218730 218731 218733 218743 218752 225 2275 23000 23001 2450 2452 3462 3463 3464 64108 91030 91045 94028
218730 28 131865 135518 135519 16123 16125 218722 218724 218727 218728 218729 218731 218732 218733 218743 218752 225 2275 23000 23001 2450 2452 3462 3463 3464 64108 91030 91045 94028
218733 46 131865 132469 133853 135518 135519 16123 16125 218721 218722 218723 218724 218725 218726 218727 218728 218729 218730 218731 218732 218734 218736 218737 218738 218739 218740 218741 218742 218743 218744 218745 218746 218747 218753 225 2275 23000 23001 2450 2452 3462 3463 3464 64108 91030 91045 94028
171704 23 171701 171702 171703 171705 171706 171740 171741 171742 216840 216841 216843 216899 216900 216901 216902 216903 216904 216905 216906 216907 216908 216909 216910
218734 33 131865 135518 135519 16123 16125 218722 218723 218724 218731 218732 218733 218736 218737 218743 218748 218749 218750 218751 218752 218753 225 2275 23000 23001 2450 2452 3462 3463 3464 64108 91030 91045 94028
171705 23 171701 171702 171703 171704 171706 171740 171741 171742 216840 216841 216843 216899 216900 216901 216902 216903 216904 216905 216906 216907 216908 216909 216910
218731 28 131865 135518 135519 16123 16125 218722 218724 218728 218729 218730 218732 218733 218734 218743 218752 225 2275 23000 23001 2450 2452 3462 3463 3464 64108 91030 91045 94028
171706 23 171701 171702 171703 171704 171705 171740 171741 171742 216840 216841 216843 216899 216900 216901 216902 216903 216904 216905 216906 216907 216908 216909 216910
218732 27 131865 135518 135519 16123 16125 218722 218724 218729 218730 218731 218733 218734 218743 218752 225 2275 23000 23001 2450 2452 3462 3463 3464 64108 91030 91045 94028
131865 51 132469 133853 135518 135519 16123 16125 218721 218722 218723 218724 218725 218726 218727 218728 218729 218730 218731 218732 218733 218734 218736 218737 218738 218739 218740 218741 218742 218743 218744 218745 218746 218747 218748 218749 218750 218751 218752 218753 225 2275 23000 23001 2450 2452 3462 3463 3464 64108 91030 91045 94028
103793 0
16123 40 131865 132469 133853 135518 135519 16125 218721 218722 218723 218724 218725 218726 218727 218728 218729 218730 218731 218732 218733 218734 218736 218737 218738 218739 218740 218741 218742 218743 218744 218745 218746 218747 218748 218749 218750 218751 218752 218753 64108 91030
16125 40 131865 132469 133853 135518 135519 16123 218721 218722 218723 218724 218725 218726 218727 218728 218729 218730 218731 218732 218733 218734 218736 218737 218738 218739 218740 218741 218742 218743 218744 218745 218746 218747 218748 218749 218750 218751 218752 218753 64108 91030
64108 51 131865 132469 133853 135518 135519 16123 16125 218721 218722 218723 218724 218725 218726 218727 218728 218729 218730 218731 218732 218733 218734 218736 218737 218738 218739 218740 218741 218742 218743 218744 218745 218746 218747 218748 218749 218750 218751 218752 218753 225 2275 23000 23001 2450 2452 3462 3463 3464 91030 91045 94028
216907 23 171701 171702 171703 171704 171705 171706 171740 171741 171742 216840 216841 216843 216899 216900 216901 216902 216903 216904 216905 216906 216908 216909 216910
216906 23 171701 171702 171703 171704 171705 171706 171740 171741 171742 216840 216841 216843 216899 216900 216901 216902 216903 216904 216905 216907 216908 216909 216910
216909 23 171701 171702 171703 171704 171705 171706 171740 171741 171742 216840 216841 216843 216899 216900 216901 216902 216903 216904 216905 216906 216907 216908 216910
91045 36 131865 132469 133853 218721 218722 218723 218724 218725 218726 218727 218728 218729 218730 218731 218732 218733 218734 218736 218737 218738 218739 218740 218741 218742 218743 218744 218745 218746 218747 218748 218749 218750 218751 218752 218753 64108
216908 23 171701 171702 171703 171704 171705 171706 171740 171741 171742 216840 216841 216843 216899 216900 216901 216902 216903 216904 216905 216906 216907 216909 216910
218736 33 131865 135518 135519 16123 16125 218722 218723 218724 218733 218734 218737 218738 218739 218743 218748 218749 218750 218751 218752 218753 225 2275 23000 23001 2450 2452 3462 3463 3464 64108 91030 91045 94028
216903 23 171701 171702 171703 171704 171705 171706 171740 171741 171742 216840 216841 216843 216899 216900 216901 216902 216904 216905 216906 216907 216908 216909 216910
216902 23 171701 171702 171703 171704 171705 171706 171740 171741 171742 216840 216841 216843 216899 216900 216901 216903 216904 216905 216906 216907 216908 216909 216910
218738 28 131865 135518 135519 16123 16125 218722 218724 218733 218736 218737 218739 218740 218741 218743 218752 225 2275 23000 23001 2450 2452 3462 3463 3464 64108 91030 91045 94028
216905 23 171701 171702 171703 171704 171705 171706 171740 171741 171742 216840 216841 216843 216899 216900 216901 216902 216903 216904 216906 216907 216908 216909 216910
218737 28 131865 135518 135519 16123 16125 218722 218724 218733 218734 218736 218738 218739 218740 218743 218752 225 2275 23000 23001 2450 2452 3462 3463 3464 64108 91030 91045 94028
216904 23 171701 171702 171703 171704 171705 171706 171740 171741 171742 216840 216841 216843 216899 216900 216901 216902 216903 216905 216906 216907 216908 216909 216910
218739 29 131865 135518 135519 16123 16125 218722 218724 218733 218736 218737 218738 218740 218741 218742 218743 218752 225 2275 23000 23001 2450 2452 3462 3463 3464 64108 91030 91045 94028
216901 23 171701 171702 171703 171704 171705 171706 171740 171741 171742 216840 216841 216843 216899 216900 216902 216903 216904 216905 216906 216907 216908 216909 216910
216900 23 171701 171702 171703 171704 171705 171706 171740 171741 171742 216840 216841 216843 216899 216901 216902 216903 216904 216905 216906 216907 216908 216909 216910
36666 24 1082 132354 132355 132356 204221 217 217441 219190 219191 219257 219258 219259 219389 219390 219391 219392 219393 219394 219395 219396 2378 46092 5563 62717
218740 28 131865 135518 135519 16123 16125 218722 218724 218733 218737 218738 218739 218741 218742 218743 218752 225 2275 23000 23001 2450 2452 3462 3463 3464 64108 91030 91045 94028
218741 28 131865 135518 135519 16123 16125 218722 218724 218733 218738 218739 218740 218742 218743 218744 218752 225 2275 23000 23001 2450 2452 3462 3463 3464 64108 91030 91045 94028
216843 23 171701 171702 171703 171704 171705 171706 171740 171741 171742 216840 216841 216899 216900 216901 216902 216903 216904 216905 216906 216907 216908 216909 216910
218742 28 131865 135518 135519 16123 16125 218722 218724 218733 218739 218740 218741 218743 218744 218745 218752 225 2275 23000 23001 2450 2452 3462 3463 3464 64108 91030 91045 94028
218743 45 131865 133853 135518 135519 16123 16125 218721 218722 218724 218725 218726 218727 218728 218729 218730 218731 218732 218733 218734 218736 218737 218738 218739 218740 218741 218742 218744 218745 218746 218747 218751 218752 218753 225 2275 23000 23001 2450 2452 3462 3463 3464 64108 91030 91045
218744 28 131865 135518 135519 16123 16125 218722 218724 218733 218741 218742 218743 218745 218746 218747 218752 225 2275 23000 23001 2450 2452 3462 3463 3464 64108 91030 91045 94028
218745 28 131865 135518 135519 16123 16125 218722 218724 218733 218742 218743 218744 218746 218747 218748 218752 225 2275 23000 23001 2450 2452 3462 3463 3464 64108 91030 91045 94028
