peel_23 9
rep104825 3
104825 0
104826 0
104824 0
rep135518 52
23000 0
218726 0
218721 0
218742 0
218739 0
3462 0
2452 0
218728 0
132469 0
218748 0
218746 0
218731 0
225 0
16125 0
218725 0
218737 0
218738 0
218734 0
3464 0
3463 0
218749 0
133853 0
218752 0
218747 0
218736 0
135518 0
218743 0
2275 0
218727 0
218733 0
94028 0
218723 0
23001 0
218751 0
218730 0
131865 0
218740 0
135519 0
218722 0
91045 0
218732 0
218724 0
64108 0
91030 0
2450 0
218745 0
218753 0
16123 0
218741 0
218750 0
218744 0
218729 0
103773 0
103793 0
rep132355 25
219191 0
132354 0
219190 0
219258 0
219392 0
219396 0
219393 0
219395 0
204221 0
217 0
219394 0
1082 0
36666 0
217441 0
46092 0
132355 0
132356 0
2378 0
219389 0
219390 0
219257 0
62717 0
219259 0
5563 0
219391 0
rep103809 4
103812 0
103810 0
103809 0
103811 0
103789 0
rep73980 24
73980 0
73973 0
73989 0
73994 0
73975 0
73987 0
73977 0
73979 0
73991 0
73983 0
73985 0
73982 0
73993 0
73981 0
73990 0
73971 0
73972 0
73978 0
73984 0
73988 0
73974 0
73986 0
73992 0
73976 0
rep171705 24
216903 0
216899 0
216906 0
216908 0
216907 0
171702 0
171705 0
171742 0
216901 0
171741 0
171703 0
216910 0
216902 0
171704 0
216840 0
216843 0
216904 0
216909 0
216841 0
171701 0
216905 0
171740 0
171706 0
216900 0
