213095 22 213091 213092 213093 213094 213096 213098 213099 213100 213101 213102 213103 213104 213105 213225 213226 213227 213228 213229 213230 213231 213232 213233
213096 22 213091 213092 213093 213094 213095 213098 213099 213100 213101 213102 213103 213104 213105 213225 213226 213227 213228 213229 213230 213231 213232 213233
210567 22 204352 206432 208062 208126 208452 208453 209383 209621 209622 209626 209656 209657 209660 209707 210344 210478 210592 5316 76875 76876 76906 76907
213098 22 213091 213092 213093 213094 213095 213096 213099 213100 213101 213102 213103 213104 213105 213225 213226 213227 213228 213229 213230 213231 213232 213233
213099 22 213091 213092 213093 213094 213095 213096 213098 213100 213101 213102 213103 213104 213105 213225 213226 213227 213228 213229 213230 213231 213232 213233
213091 22 213092 213093 213094 213095 213096 213098 213099 213100 213101 213102 213103 213104 213105 213225 213226 213227 213228 213229 213230 213231 213232 213233
213092 22 213091 213093 213094 213095 213096 213098 213099 213100 213101 213102 213103 213104 213105 213225 213226 213227 213228 213229 213230 213231 213232 213233
213093 22 213091 213092 213094 213095 213096 213098 213099 213100 213101 213102 213103 213104 213105 213225 213226 213227 213228 213229 213230 213231 213232 213233
213094 22 213091 213092 213093 213095 213096 213098 213099 213100 213101 213102 213103 213104 213105 213225 213226 213227 213228 213229 213230 213231 213232 213233
179408 22 179107 179108 179109 179386 179387 179388 179407 179784 179785 179786 179790 179791 179792 179793 179794 179795 179798 179799 179800 179812 179813 179814
76907 22 204352 206432 208062 208126 208452 208453 209383 209621 209622 209626 209656 209657 209660 209707 210344 210478 210567 210592 5316 76875 76876 76906
179407 22 179107 179108 179109 179386 179387 179388 179408 179784 179785 179786 179790 179791 179792 179793 179794 179795 179798 179799 179800 179812 179813 179814
76906 22 204352 206432 208062 208126 208452 208453 209383 209621 209622 209626 209656 209657 209660 209707 210344 210478 210567 210592 5316 76875 76876 76907
179107 22 179108 179109 179386 179387 179388 179407 179408 179784 179785 179786 179790 179791 179792 179793 179794 179795 179798 179799 179800 179812 179813 179814
179109 22 179107 179108 179386 179387 179388 179407 179408 179784 179785 179786 179790 179791 179792 179793 179794 179795 179798 179799 179800 179812 179813 179814
179108 22 179107 179109 179386 179387 179388 179407 179408 179784 179785 179786 179790 179791 179792 179793 179794 179795 179798 179799 179800 179812 179813 179814
213227 22 213091 213092 213093 213094 213095 213096 213098 213099 213100 213101 213102 213103 213104 213105 213225 213226 213228 213229 213230 213231 213232 213233
213226 22 213091 213092 213093 213094 213095 213096 213098 213099 213100 213101 213102 213103 213104 213105 213225 213227 213228 213229 213230 213231 213232 213233
128005 31 127995 127996 127997 127998 127999 128000 128002 128003 128004 16054 181979 181987 204940 239637 240765 242797 243279 245237 245442 28491 4023 4061 4062 4063 4064 5808 6032 6033 6034 6035 98438
213225 22 213091 213092 213093 213094 213095 213096 213098 213099 213100 213101 213102 213103 213104 213105 213226 213227 213228 213229 213230 213231 213232 213233
128004 31 127995 127996 127997 127998 127999 128000 128002 128003 128005 16054 181979 181987 204940 239637 240765 242797 243279 245237 245442 28491 4023 4061 4062 4063 4064 5808 6032 6033 6034 6035 98438
128003 31 127995 127996 127997 127998 127999 128000 128002 128004 128005 16054 181979 181987 204940 239637 240765 242797 243279 245237 245442 28491 4023 4061 4062 4063 4064 5808 6032 6033 6034 6035 98438
128002 31 127995 127996 127997 127998 127999 128000 128003 128004 128005 16054 181979 181987 204940 239637 240765 242797 243279 245237 245442 28491 4023 4061 4062 4063 4064 5808 6032 6033 6034 6035 98438
179388 22 179107 179108 179109 179386 179387 179407 179408 179784 179785 179786 179790 179791 179792 179793 179794 179795 179798 179799 179800 179812 179813 179814
213229 22 213091 213092 213093 213094 213095 213096 213098 213099 213100 213101 213102 213103 213104 213105 213225 213226 213227 213228 213230 213231 213232 213233
128000 23 127995 127996 127997 127998 127999 128002 128003 128004 128005 16054 204940 28491 4023 4061 4062 4063 4064 5808 6032 6033 6034 6035 98438
213228 22 213091 213092 213093 213094 213095 213096 213098 213099 213100 213101 213102 213103 213104 213105 213225 213226 213227 213229 213230 213231 213232 213233
127103 22 127092 127100 127101 127102 127104 127105 127106 127107 128393 128394 128395 128396 128397 128398 128399 128400 128401 128402 128403 128404 128452 128456
127104 22 127092 127100 127101 127102 127103 127105 127106 127107 128393 128394 128395 128396 128397 128398 128399 128400 128401 128402 128403 128404 128452 128456
127101 22 127092 127100 127102 127103 127104 127105 127106 127107 128393 128394 128395 128396 128397 128398 128399 128400 128401 128402 128403 128404 128452 128456
127102 22 127092 127100 127101 127103 127104 127105 127106 127107 128393 128394 128395 128396 128397 128398 128399 128400 128401 128402 128403 128404 128452 128456
127100 22 127092 127101 127102 127103 127104 127105 127106 127107 128393 128394 128395 128396 128397 128398 128399 128400 128401 128402 128403 128404 128452 128456
240765 26 127995 127996 127997 127998 127999 128002 128003 128004 128005 16054 242797 243279 245237 245442 28491 4023 4061 4062 4063 4064 5808 6032 6033 6034 6035 98438
213230 22 213091 213092 213093 213094 213095 213096 213098 213099 213100 213101 213102 213103 213104 213105 213225 213226 213227 213228 213229 213231 213232 213233
213233 22 213091 213092 213093 213094 213095 213096 213098 213099 213100 213101 213102 213103 213104 213105 213225 213226 213227 213228 213229 213230 213231 213232
213231 22 213091 213092 213093 213094 213095 213096 213098 213099 213100 213101 213102 213103 213104 213105 213225 213226 213227 213228 213229 213230 213232 213233
213232 22 213091 213092 213093 213094 213095 213096 213098 213099 213100 213101 213102 213103 213104 213105 213225 213226 213227 213228 213229 213230 213231 213233
4023 23 127995 127996 127997 127998 127999 128000 128002 128003 128004 128005 181979 181987 204940 239637 240765 242797 243279 245237 245442 5808 6033 6035 98438
74433 23 74422 74423 74424 74425 74426 74427 74428 74429 74430 74431 74432 74434 74435 74436 74437 74438 74439 74440 74441 74442 74443 74444 74445
74432 23 74422 74423 74424 74425 74426 74427 74428 74429 74430 74431 74433 74434 74435 74436 74437 74438 74439 74440 74441 74442 74443 74444 74445
74431 23 74422 74423 74424 74425 74426 74427 74428 74429 74430 74432 74433 74434 74435 74436 74437 74438 74439 74440 74441 74442 74443 74444 74445
74430 22 74422 74423 74424 74425 74426 74427 74428 74429 74431 74432 74433 74434 74435 74437 74438 74439 74440 74441 74442 74443 74444 74445
74437 23 74422 74423 74424 74425 74426 74427 74428 74429 74430 74431 74432 74433 74434 74435 74436 74438 74439 74440 74441 74442 74443 74444 74445
74436 22 74422 74423 74424 74425 74426 74427 74428 74429 74431 74432 74433 74434 74435 74437 74438 74439 74440 74441 74442 74443 74444 74445
243279 26 127995 127996 127997 127998 127999 128002 128003 128004 128005 16054 240765 242797 245237 245442 28491 4023 4061 4062 4063 4064 5808 6032 6033 6034 6035 98438
74435 23 74422 74423 74424 74425 74426 74427 74428 74429 74430 74431 74432 74433 74434 74436 74437 74438 74439 74440 74441 74442 74443 74444 74445
74434 23 74422 74423 74424 74425 74426 74427 74428 74429 74430 74431 74432 74433 74435 74436 74437 74438 74439 74440 74441 74442 74443 74444 74445
74439 23 74422 74423 74424 74425 74426 74427 74428 74429 74430 74431 74432 74433 74434 74435 74436 74437 74438 74440 74441 74442 74443 74444 74445
74438 23 74422 74423 74424 74425 74426 74427 74428 74429 74430 74431 74432 74433 74434 74435 74436 74437 74439 74440 74441 74442 74443 74444 74445
76876 22 204352 206432 208062 208126 208452 208453 209383 209621 209622 209626 209656 209657 209660 209707 210344 210478 210567 210592 5316 76875 76906 76907
213100 22 213091 213092 213093 213094 213095 213096 213098 213099 213101 213102 213103 213104 213105 213225 213226 213227 213228 213229 213230 213231 213232 213233
213101 22 213091 213092 213093 213094 213095 213096 213098 213099 213100 213102 213103 213104 213105 213225 213226 213227 213228 213229 213230 213231 213232 213233
213102 22 213091 213092 213093 213094 213095 213096 213098 213099 213100 213101 213103 213104 213105 213225 213226 213227 213228 213229 213230 213231 213232 213233
210344 22 204352 206432 208062 208126 208452 208453 209383 209621 209622 209626 209656 209657 209660 209707 210478 210567 210592 5316 76875 76876 76906 76907
76875 22 204352 206432 208062 208126 208452 208453 209383 209621 209622 209626 209656 209657 209660 209707 210344 210478 210567 210592 5316 76876 76906 76907
179386 22 179107 179108 179109 179387 179388 179407 179408 179784 179785 179786 179790 179791 179792 179793 179794 179795 179798 179799 179800 179812 179813 179814
179387 22 179107 179108 179109 179386 179388 179407 179408 179784 179785 179786 179790 179791 179792 179793 179794 179795 179798 179799 179800 179812 179813 179814
5808 30 127995 127996 127997 127998 127999 128000 128002 128003 128004 128005 16054 181979 181987 239637 240765 242797 243279 245237 245442 28491 4023 4061 4062 4063 4064 6032 6033 6034 6035 98438
74440 23 74422 74423 74424 74425 74426 74427 74428 74429 74430 74431 74432 74433 74434 74435 74436 74437 74438 74439 74441 74442 74443 74444 74445
74442 23 74422 74423 74424 74425 74426 74427 74428 74429 74430 74431 74432 74433 74434 74435 74436 74437 74438 74439 74440 74441 74443 74444 74445
74441 23 74422 74423 74424 74425 74426 74427 74428 74429 74430 74431 74432 74433 74434 74435 74436 74437 74438 74439 74440 74442 74443 74444 74445
74444 23 74422 74423 74424 74425 74426 74427 74428 74429 74430 74431 74432 74433 74434 74435 74436 74437 74438 74439 74440 74441 74442 74443 74445
74443 23 74422 74423 74424 74425 74426 74427 74428 74429 74430 74431 74432 74433 74434 74435 74436 74437 74438 74439 74440 74441 74442 74444 74445
213105 22 213091 213092 213093 213094 213095 213096 213098 213099 213100 213101 213102 213103 213104 213225 213226 213227 213228 213229 213230 213231 213232 213233
74445 23 74422 74423 74424 74425 74426 74427 74428 74429 74430 74431 74432 74433 74434 74435 74436 74437 74438 74439 74440 74441 74442 74443 74444
128452 22 127092 127100 127101 127102 127103 127104 127105 127106 127107 128393 128394 128395 128396 128397 128398 128399 128400 128401 128402 128403 128404 128456
213104 22 213091 213092 213093 213094 213095 213096 213098 213099 213100 213101 213102 213103 213105 213225 213226 213227 213228 213229 213230 213231 213232 213233
213103 22 213091 213092 213093 213094 213095 213096 213098 213099 213100 213101 213102 213104 213105 213225 213226 213227 213228 213229 213230 213231 213232 213233
128456 22 127092 127100 127101 127102 127103 127104 127105 127106 127107 128393 128394 128395 128396 128397 128398 128399 128400 128401 128402 128403 128404 128452
16054 22 127995 127996 127997 127998 127999 128000 128002 128003 128004 128005 181979 181987 204940 239637 240765 242797 243279 245237 245442 5808 6035 98438
209622 22 204352 206432 208062 208126 208452 208453 209383 209621 209626 209656 209657 209660 209707 210344 210478 210567 210592 5316 76875 76876 76906 76907
209621 22 204352 206432 208062 208126 208452 208453 209383 209622 209626 209656 209657 209660 209707 210344 210478 210567 210592 5316 76875 76876 76906 76907
209626 22 204352 206432 208062 208126 208452 208453 209383 209621 209622 209656 209657 209660 209707 210344 210478 210567 210592 5316 76875 76876 76906 76907
208126 22 204352 206432 208062 208452 208453 209383 209621 209622 209626 209656 209657 209660 209707 210344 210478 210567 210592 5316 76875 76876 76906 76907
127995 31 127996 127997 127998 127999 128000 128002 128003 128004 128005 16054 181979 181987 204940 239637 240765 242797 243279 245237 245442 28491 4023 4061 4062 4063 4064 5808 6032 6033 6034 6035 98438
128404 22 127092 127100 127101 127102 127103 127104 127105 127106 127107 128393 128394 128395 128396 128397 128398 128399 128400 128401 128402 128403 128452 128456
128403 22 127092 127100 127101 127102 127103 127104 127105 127106 127107 128393 128394 128395 128396 128397 128398 128399 128400 128401 128402 128404 128452 128456
242797 26 127995 127996 127997 127998 127999 128002 128003 128004 128005 16054 240765 243279 245237 245442 28491 4023 4061 4062 4063 4064 5808 6032 6033 6034 6035 98438
28491 22 127995 127996 127997 127998 127999 128000 128002 128003 128004 128005 181979 181987 204940 239637 240765 242797 243279 245237 245442 5808 6035 98438
209707 22 204352 206432 208062 208126 208452 208453 209383 209621 209622 209626 209656 209657 209660 210344 210478 210567 210592 5316 76875 76876 76906 76907
209656 22 204352 206432 208062 208126 208452 208453 209383 209621 209622 209626 209657 209660 209707 210344 210478 210567 210592 5316 76875 76876 76906 76907
209657 22 204352 206432 208062 208126 208452 208453 209383 209621 209622 209626 209656 209660 209707 210344 210478 210567 210592 5316 76875 76876 76906 76907
208062 22 204352 206432 208126 208452 208453 209383 209621 209622 209626 209656 209657 209660 209707 210344 210478 210567 210592 5316 76875 76876 76906 76907
74427 23 74422 74423 74424 74425 74426 74428 74429 74430 74431 74432 74433 74434 74435 74436 74437 74438 74439 74440 74441 74442 74443 74444 74445
208453 22 204352 206432 208062 208126 208452 209383 209621 209622 209626 209656 209657 209660 209707 210344 210478 210567 210592 5316 76875 76876 76906 76907
155670 22 155646 155647 155648 155649 155651 155652 155653 155655 155656 155657 155658 155659 155660 155661 155662 155663 155664 155665 155666 155667 155668 155669
74428 23 74422 74423 74424 74425 74426 74427 74429 74430 74431 74432 74433 74434 74435 74436 74437 74438 74439 74440 74441 74442 74443 74444 74445
74429 23 74422 74423 74424 74425 74426 74427 74428 74430 74431 74432 74433 74434 74435 74436 74437 74438 74439 74440 74441 74442 74443 74444 74445
209383 22 204352 206432 208062 208126 208452 208453 209621 209622 209626 209656 209657 209660 209707 210344 210478 210567 210592 5316 76875 76876 76906 76907
74423 23 74422 74424 74425 74426 74427 74428 74429 74430 74431 74432 74433 74434 74435 74436 74437 74438 74439 74440 74441 74442 74443 74444 74445
127107 22 127092 127100 127101 127102 127103 127104 127105 127106 128393 128394 128395 128396 128397 128398 128399 128400 128401 128402 128403 128404 128452 128456
239637 22 127995 127996 127997 127998 127999 128002 128003 128004 128005 16054 28491 4023 4061 4062 4063 4064 5808 6032 6033 6034 6035 98438
74424 23 74422 74423 74425 74426 74427 74428 74429 74430 74431 74432 74433 74434 74435 74436 74437 74438 74439 74440 74441 74442 74443 74444 74445
74425 23 74422 74423 74424 74426 74427 74428 74429 74430 74431 74432 74433 74434 74435 74436 74437 74438 74439 74440 74441 74442 74443 74444 74445
127105 22 127092 127100 127101 127102 127103 127104 127106 127107 128393 128394 128395 128396 128397 128398 128399 128400 128401 128402 128403 128404 128452 128456
210478 22 204352 206432 208062 208126 208452 208453 209383 209621 209622 209626 209656 209657 209660 209707 210344 210567 210592 5316 76875 76876 76906 76907
74426 23 74422 74423 74424 74425 74427 74428 74429 74430 74431 74432 74433 74434 74435 74436 74437 74438 74439 74440 74441 74442 74443 74444 74445
127106 22 127092 127100 127101 127102 127103 127104 127105 127107 128393 128394 128395 128396 128397 128398 128399 128400 128401 128402 128403 128404 128452 128456
181979 22 127995 127996 127997 127998 127999 128002 128003 128004 128005 16054 28491 4023 4061 4062 4063 4064 5808 6032 6033 6034 6035 98438
127092 22 127100 127101 127102 127103 127104 127105 127106 127107 128393 128394 128395 128396 128397 128398 128399 128400 128401 128402 128403 128404 128452 128456
74422 23 74423 74424 74425 74426 74427 74428 74429 74430 74431 74432 74433 74434 74435 74436 74437 74438 74439 74440 74441 74442 74443 74444 74445
208452 22 204352 206432 208062 208126 208453 209383 209621 209622 209626 209656 209657 209660 209707 210344 210478 210567 210592 5316 76875 76876 76906 76907
155669 22 155646 155647 155648 155649 155651 155652 155653 155655 155656 155657 155658 155659 155660 155661 155662 155663 155664 155665 155666 155667 155668 155670
127996 31 127995 127997 127998 127999 128000 128002 128003 128004 128005 16054 181979 181987 204940 239637 240765 242797 243279 245237 245442 28491 4023 4061 4062 4063 4064 5808 6032 6033 6034 6035 98438
128401 22 127092 127100 127101 127102 127103 127104 127105 127106 127107 128393 128394 128395 128396 128397 128398 128399 128400 128402 128403 128404 128452 128456
155667 22 155646 155647 155648 155649 155651 155652 155653 155655 155656 155657 155658 155659 155660 155661 155662 155663 155664 155665 155666 155668 155669 155670
127997 31 127995 127996 127998 127999 128000 128002 128003 128004 128005 16054 181979 181987 204940 239637 240765 242797 243279 245237 245442 28491 4023 4061 4062 4063 4064 5808 6032 6033 6034 6035 98438
128402 22 127092 127100 127101 127102 127103 127104 127105 127106 127107 128393 128394 128395 128396 128397 128398 128399 128400 128401 128403 128404 128452 128456
155668 22 155646 155647 155648 155649 155651 155652 155653 155655 155656 155657 155658 155659 155660 155661 155662 155663 155664 155665 155666 155667 155669 155670
5316 22 204352 206432 208062 208126 208452 208453 209383 209621 209622 209626 209656 209657 209660 209707 210344 210478 210567 210592 76875 76876 76906 76907
127998 31 127995 127996 127997 127999 128000 128002 128003 128004 128005 16054 181979 181987 204940 239637 240765 242797 243279 245237 245442 28491 4023 4061 4062 4063 4064 5808 6032 6033 6034 6035 98438
155665 22 155646 155647 155648 155649 155651 155652 155653 155655 155656 155657 155658 155659 155660 155661 155662 155663 155664 155666 155667 155668 155669 155670
127999 31 127995 127996 127997 127998 128000 128002 128003 128004 128005 16054 181979 181987 204940 239637 240765 242797 243279 245237 245442 28491 4023 4061 4062 4063 4064 5808 6032 6033 6034 6035 98438
128400 22 127092 127100 127101 127102 127103 127104 127105 127106 127107 128393 128394 128395 128396 128397 128398 128399 128401 128402 128403 128404 128452 128456
155666 22 155646 155647 155648 155649 155651 155652 155653 155655 155656 155657 155658 155659 155660 155661 155662 155663 155664 155665 155667 155668 155669 155670
155663 22 155646 155647 155648 155649 155651 155652 155653 155655 155656 155657 155658 155659 155660 155661 155662 155664 155665 155666 155667 155668 155669 155670
155664 22 155646 155647 155648 155649 155651 155652 155653 155655 155656 155657 155658 155659 155660 155661 155662 155663 155665 155666 155667 155668 155669 155670
155661 22 155646 155647 155648 155649 155651 155652 155653 155655 155656 155657 155658 155659 155660 155662 155663 155664 155665 155666 155667 155668 155669 155670
155662 22 155646 155647 155648 155649 155651 155652 155653 155655 155656 155657 155658 155659 155660 155661 155663 155664 155665 155666 155667 155668 155669 155670
179814 22 179107 179108 179109 179386 179387 179388 179407 179408 179784 179785 179786 179790 179791 179792 179793 179794 179795 179798 179799 179800 179812 179813
155660 22 155646 155647 155648 155649 155651 155652 155653 155655 155656 155657 155658 155659 155661 155662 155663 155664 155665 155666 155667 155668 155669 155670
245237 26 127995 127996 127997 127998 127999 128002 128003 128004 128005 16054 240765 242797 243279 245442 28491 4023 4061 4062 4063 4064 5808 6032 6033 6034 6035 98438
179812 22 179107 179108 179109 179386 179387 179388 179407 179408 179784 179785 179786 179790 179791 179792 179793 179794 179795 179798 179799 179800 179813 179814
206432 22 204352 208062 208126 208452 208453 209383 209621 209622 209626 209656 209657 209660 209707 210344 210478 210567 210592 5316 76875 76876 76906 76907
179813 22 179107 179108 179109 179386 179387 179388 179407 179408 179784 179785 179786 179790 179791 179792 179793 179794 179795 179798 179799 179800 179812 179814
155658 22 155646 155647 155648 155649 155651 155652 155653 155655 155656 155657 155659 155660 155661 155662 155663 155664 155665 155666 155667 155668 155669 155670
155659 22 155646 155647 155648 155649 155651 155652 155653 155655 155656 155657 155658 155660 155661 155662 155663 155664 155665 155666 155667 155668 155669 155670
181987 22 127995 127996 127997 127998 127999 128002 128003 128004 128005 16054 28491 4023 4061 4062 4063 4064 5808 6032 6033 6034 6035 98438
179799 22 179107 179108 179109 179386 179387 179388 179407 179408 179784 179785 179786 179790 179791 179792 179793 179794 179795 179798 179800 179812 179813 179814
204940 22 127995 127996 127997 127998 127999 128000 128002 128003 128004 128005 16054 28491 4023 4061 4062 4063 4064 6032 6033 6034 6035 98438
210592 22 204352 206432 208062 208126 208452 208453 209383 209621 209622 209626 209656 209657 209660 209707 210344 210478 210567 5316 76875 76876 76906 76907
179798 22 179107 179108 179109 179386 179387 179388 179407 179408 179784 179785 179786 179790 179791 179792 179793 179794 179795 179799 179800 179812 179813 179814
179795 22 179107 179108 179109 179386 179387 179388 179407 179408 179784 179785 179786 179790 179791 179792 179793 179794 179798 179799 179800 179812 179813 179814
155651 22 155646 155647 155648 155649 155652 155653 155655 155656 155657 155658 155659 155660 155661 155662 155663 155664 155665 155666 155667 155668 155669 155670
155652 22 155646 155647 155648 155649 155651 155653 155655 155656 155657 155658 155659 155660 155661 155662 155663 155664 155665 155666 155667 155668 155669 155670
155653 22 155646 155647 155648 155649 155651 155652 155655 155656 155657 155658 155659 155660 155661 155662 155663 155664 155665 155666 155667 155668 155669 155670
155655 22 155646 155647 155648 155649 155651 155652 155653 155656 155657 155658 155659 155660 155661 155662 155663 155664 155665 155666 155667 155668 155669 155670
155656 22 155646 155647 155648 155649 155651 155652 155653 155655 155657 155658 155659 155660 155661 155662 155663 155664 155665 155666 155667 155668 155669 155670
155657 22 155646 155647 155648 155649 155651 155652 155653 155655 155656 155658 155659 155660 155661 155662 155663 155664 155665 155666 155667 155668 155669 155670
128393 22 127092 127100 127101 127102 127103 127104 127105 127106 127107 128394 128395 128396 128397 128398 128399 128400 128401 128402 128403 128404 128452 128456
128394 22 127092 127100 127101 127102 127103 127104 127105 127106 127107 128393 128395 128396 128397 128398 128399 128400 128401 128402 128403 128404 128452 128456
179792 22 179107 179108 179109 179386 179387 179388 179407 179408 179784 179785 179786 179790 179791 179793 179794 179795 179798 179799 179800 179812 179813 179814
179791 22 179107 179108 179109 179386 179387 179388 179407 179408 179784 179785 179786 179790 179792 179793 179794 179795 179798 179799 179800 179812 179813 179814
179794 22 179107 179108 179109 179386 179387 179388 179407 179408 179784 179785 179786 179790 179791 179792 179793 179795 179798 179799 179800 179812 179813 179814
128399 22 127092 127100 127101 127102 127103 127104 127105 127106 127107 128393 128394 128395 128396 128397 128398 128400 128401 128402 128403 128404 128452 128456
179793 22 179107 179108 179109 179386 179387 179388 179407 179408 179784 179785 179786 179790 179791 179792 179794 179795 179798 179799 179800 179812 179813 179814
128397 22 127092 127100 127101 127102 127103 127104 127105 127106 127107 128393 128394 128395 128396 128398 128399 128400 128401 128402 128403 128404 128452 128456
128398 22 127092 127100 127101 127102 127103 127104 127105 127106 127107 128393 128394 128395 128396 128397 128399 128400 128401 128402 128403 128404 128452 128456
179790 22 179107 179108 179109 179386 179387 179388 179407 179408 179784 179785 179786 179791 179792 179793 179794 179795 179798 179799 179800 179812 179813 179814
128395 22 127092 127100 127101 127102 127103 127104 127105 127106 127107 128393 128394 128396 128397 128398 128399 128400 128401 128402 128403 128404 128452 128456
179800 22 179107 179108 179109 179386 179387 179388 179407 179408 179784 179785 179786 179790 179791 179792 179793 179794 179795 179798 179799 179812 179813 179814
128396 22 127092 127100 127101 127102 127103 127104 127105 127106 127107 128393 128394 128395 128397 128398 128399 128400 128401 128402 128403 128404 128452 128456
6034 24 127995 127996 127997 127998 127999 128000 128002 128003 128004 128005 181979 181987 204940 239637 240765 242797 243279 245237 245442 5808 6032 6033 6035 98438
155649 22 155646 155647 155648 155651 155652 155653 155655 155656 155657 155658 155659 155660 155661 155662 155663 155664 155665 155666 155667 155668 155669 155670
6033 25 127995 127996 127997 127998 127999 128000 128002 128003 128004 128005 181979 181987 204940 239637 240765 242797 243279 245237 245442 4023 5808 6032 6034 6035 98438
98438 31 127995 127996 127997 127998 127999 128000 128002 128003 128004 128005 16054 181979 181987 204940 239637 240765 242797 243279 245237 245442 28491 4023 4061 4062 4063 4064 5808 6032 6033 6034 6035
6032 24 127995 127996 127997 127998 127999 128000 128002 128003 128004 128005 181979 181987 204940 239637 240765 242797 243279 245237 245442 5808 6033 6034 6035 98438
155647 22 155646 155648 155649 155651 155652 155653 155655 155656 155657 155658 155659 155660 155661 155662 155663 155664 155665 155666 155667 155668 155669 155670
155648 22 155646 155647 155649 155651 155652 155653 155655 155656 155657 155658 155659 155660 155661 155662 155663 155664 155665 155666 155667 155668 155669 155670
179784 22 179107 179108 179109 179386 179387 179388 179407 179408 179785 179786 179790 179791 179792 179793 179794 179795 179798 179799 179800 179812 179813 179814
179785 22 179107 179108 179109 179386 179387 179388 179407 179408 179784 179786 179790 179791 179792 179793 179794 179795 179798 179799 179800 179812 179813 179814
179786 22 179107 179108 179109 179386 179387 179388 179407 179408 179784 179785 179790 179791 179792 179793 179794 179795 179798 179799 179800 179812 179813 179814
6035 31 127995 127996 127997 127998 127999 128000 128002 128003 128004 128005 16054 181979 181987 204940 239637 240765 242797 243279 245237 245442 28491 4023 4061 4062 4063 4064 5808 6032 6033 6034 98438
4061 25 127995 127996 127997 127998 127999 128000 128002 128003 128004 128005 181979 181987 204940 239637 240765 242797 243279 245237 245442 4062 4063 4064 5808 6035 98438
4062 25 127995 127996 127997 127998 127999 128000 128002 128003 128004 128005 181979 181987 204940 239637 240765 242797 243279 245237 245442 4061 4063 4064 5808 6035 98438
4063 25 127995 127996 127997 127998 127999 128000 128002 128003 128004 128005 181979 181987 204940 239637 240765 242797 243279 245237 245442 4061 4062 4064 5808 6035 98438
4064 25 127995 127996 127997 127998 127999 128000 128002 128003 128004 128005 181979 181987 204940 239637 240765 242797 243279 245237 245442 4061 4062 4063 5808 6035 98438
245442 26 127995 127996 127997 127998 127999 128002 128003 128004 128005 16054 240765 242797 243279 245237 28491 4023 4061 4062 4063 4064 5808 6032 6033 6034 6035 98438
209660 22 204352 206432 208062 208126 208452 208453 209383 209621 209622 209626 209656 209657 209707 210344 210478 210567 210592 5316 76875 76876 76906 76907
204352 22 206432 208062 208126 208452 208453 209383 209621 209622 209626 209656 209657 209660 209707 210344 210478 210567 210592 5316 76875 76876 76906 76907
155646 22 155647 155648 155649 155651 155652 155653 155655 155656 155657 155658 155659 155660 155661 155662 155663 155664 155665 155666 155667 155668 155669 155670
