root 7
rep128394 23
128395 0
127103 0
127105 0
128404 0
128403 0
128456 0
128398 0
127102 0
127106 0
128394 0
128397 0
128400 0
128401 0
127101 0
127092 0
128396 0
128402 0
128399 0
128393 0
127104 0
127100 0
128452 0
127107 0
rep213092 23
213228 0
213229 0
213233 0
213230 0
213101 0
213105 0
213091 0
213100 0
213096 0
213104 0
213099 0
213226 0
213098 0
213102 0
213231 0
213092 0
213232 0
213225 0
213093 0
213095 0
213103 0
213227 0
213094 0
rep206432 23
204352 0
5316 0
208452 0
209660 0
210592 0
209657 0
209622 0
209656 0
76876 0
209626 0
208126 0
210344 0
76907 0
208453 0
209383 0
209707 0
210567 0
206432 0
210478 0
76906 0
209621 0
208062 0
76875 0
rep179790 23
179386 0
179408 0
179387 0
179388 0
179795 0
179107 0
179814 0
179407 0
179794 0
179800 0
179109 0
179790 0
179784 0
179786 0
179813 0
179785 0
179812 0
179791 0
179793 0
179799 0
179792 0
179798 0
179108 0
rep74428 24
74440 0
74426 0
74422 0
74445 0
74433 0
74427 0
74423 0
74431 0
74441 0
74434 0
74430 0
74437 0
74439 0
74428 0
74444 0
74424 0
74442 0
74435 0
74432 0
74425 0
74438 0
74443 0
74429 0
74436 0
rep155659 23
155662 0
155651 0
155661 0
155666 0
155647 0
155660 0
155664 0
155655 0
155667 0
155658 0
155669 0
155668 0
155653 0
155665 0
155670 0
155656 0
155646 0
155663 0
155659 0
155648 0
155649 0
155657 0
155652 0
rep128003 32
128002 0
245442 0
239637 0
127998 0
6032 0
6033 0
4023 0
204940 0
127997 0
98438 0
128003 0
6035 0
5808 0
4063 0
127999 0
127995 0
28491 0
240765 0
128000 0
16054 0
4061 0
181987 0
6034 0
128005 0
243279 0
245237 0
128004 0
4062 0
4064 0
242797 0
181979 0
127996 0
