250478 1 250477
14991 0
33547 0
945 3 946 5265 5266
107665 5 107666 107342 111494 111496 111697
946 3 945 5265 5266
120160 5 120170 120178 120186 120194 120202
138135 0
107666 5 107665 107342 111494 111496 111697
250477 1 250478
85667 1 202955
258469 6 62234 258437 257762 258449 257892 257951
3278 0
235346 6 14574 235343 235344 235356 235357 235358
538 1 103438
130652 2 84714 109080
216398 0
88200 6 88194 88196 88197 88198 88199 88201
88201 6 88195 88196 88197 88198 88199 88200
96923 5 63114 96347 96922 96924 96931
96922 12 63114 96347 63425 96923 96924 96925 96926 96927 96928 96929 96930 96931
216399 1 216398
96925 6 63114 96347 96922 96924 96926 96931
202955 1 85667
69133 2 5891 69099
96924 6 63114 96347 96922 96923 96925 96931
69675 0
212011 3 212001 212000 212010
6884 4 6885 6877 6878 33492
33553 6 2997 50990 50992 50993 208154 208158
235340 9 230388 234868 234869 234870 234871 234872 234873 235338 235339
212010 7 212000 181187 206563 207031 207032 212001 212011
6885 4 6884 6877 6878 33492
120170 5 120160 120178 120186 120194 120202
235343 7 6512 14574 235344 235346 235356 235357 235358
235344 6 14574 235343 235346 235356 235357 235358
235339 9 230388 234868 234869 234870 234871 234872 234873 235338 235340
235338 9 230388 234868 234869 234870 234871 234872 234873 235339 235340
6878 4 6884 6885 6877 33492
6877 4 6884 6885 6878 33492
135765 4 249745 254051 254055 254101
135251 10 134843 134844 134845 134846 134847 134848 135215 135217 135219 135252
135252 10 134843 134844 134845 134846 134847 134848 135215 135217 135219 135251
176558 0
222530 8 7820 217913 217914 217915 222526 222527 222528 222529
212428 5 56115 56119 56121 51942 212427
212427 5 56115 56119 56121 51942 212428
128662 5 128657 128658 128659 128660 128661
128661 5 128657 128658 128659 128660 128662
128660 5 128657 128658 128659 128661 128662
157218 9 155860 155904 156695 154257 154285 155114 154536 154404 154940
230058 0
128658 5 128657 128659 128660 128661 128662
108218 1 108771
128659 5 128657 128658 128660 128661 128662
47920 2 68106 68106
120178 5 120160 120170 120186 120194 120202
128657 5 128658 128659 128660 128661 128662
179951 1 82838
74999 8 74991 74992 74993 74994 74995 74996 36377 73086
154257 1 156695
222526 8 7820 217913 217914 217915 222527 222528 222529 222530
74996 7 74991 74992 74993 74994 74995 73086 74999
74995 7 74991 74992 74993 74994 74996 73086 74999
74992 1 74991
74991 1 74992
74994 7 74991 74992 74993 74995 74996 73086 74999
74993 7 74991 74992 74994 74995 74996 73086 74999
222527 8 7820 217913 217914 217915 222526 222528 222529 222530
222528 8 7820 217913 217914 217915 222526 222527 222529 222530
222529 8 7820 217913 217914 217915 222526 222527 222528 222530
55208 5 351 400 420 1018 7395
120194 5 120160 120170 120178 120186 120202
75961 7 75928 75929 75930 75962 75963 75964 75955
522 1 124779
128667 8 1220 14127 123692 123693 128668 90968 128669 39951
75962 7 75928 75929 75930 75961 75963 75965 75956
74048 3 78 1644 73817
128668 8 1220 14127 123692 123693 128667 90968 128669 39951
28233 5 6530 34684 34699 53585 8475
120186 5 120160 120170 120178 120194 120202
128669 8 1220 14127 123692 123693 128667 128668 90968 39951
75960 8 75928 75929 75930 75958 75959 75957 75954 75966
523 0
230051 5 49774 177523 177533 177553 242784
175003 0
113432 1 111153
250206 11 39951 1220 14127 123692 212583 123693 128667 128668 244260 90968 128669
75965 7 75928 75929 75930 75964 75966 75962 75959
75966 7 75928 75929 75930 75964 75965 75963 75960
75963 7 75928 75929 75930 75961 75962 75966 75957
75964 7 75928 75929 75930 75965 75966 75961 75958
162652 1 163418
33585 0
255064 7 5811 236840 255056 255063 255066 255071 255126
255066 6 255071 523 4755 5811 236840 255056
52001 0
255061 3 255062 255071 255072
91385 7 91380 91381 91382 91383 91384 88195 88201
157237 9 157218 157225 155860 155904 156695 154257 154285 155114 154536
255063 7 5811 236840 255056 255064 255066 255071 255125
255062 5 255061 255071 5811 255071 255072
91381 7 91380 91382 91383 91384 91385 88191 88197
91382 7 91380 91381 91383 91384 91385 88192 88198
113208 0
91383 8 91380 91381 91382 91384 91385 88190 88193 88199
91384 8 91380 91381 91382 91383 91385 88190 88196 88200
104900 3 62699 68390 104901
104901 4 62699 68390 104900 104902
87131 0
104902 4 62699 68390 104900 104901
256521 0
91380 7 88190 88196 91381 91382 91383 91384 91385
104903 5 62699 68390 104900 104901 104902
251724 4 251728 54272 138511 251719
251728 5 138511 251724 6530 54272 251719
157242 8 157237 155860 155904 156695 154257 154285 155114 154536
225693 0
7395 0
2997 3 6931 141711 27748
10057 0
127194 0
90802 4 1710 1715 1720 57711
230891 1 230892
255072 6 5811 236840 255071 255056 255061 255062
230892 1 230891
157225 10 157218 155860 155904 156695 154257 154285 155114 154536 154404 154940
255071 11 255061 255062 255069 5811 236840 255056 255063 255064 255072 255125 255126
217076 0
217077 0
155899 2 84714 109080
217078 0
155898 2 84714 109080
217079 0
155897 2 84714 109080
251719 1 251724
307 5 258 357 405 1669 144150
256532 3 4125 244580 256533
256533 3 244580 245100 256532
242784 9 49774 177523 177533 177553 230051 230231 230232 230233 254523
975 2 15441 53404
251713 7 66178 104621 122189 251710 251711 251712 251714
251712 7 66178 104621 122189 251710 251711 251713 251714
251711 7 66178 104621 122189 251710 251712 251713 251714
251710 7 66178 104621 122189 251711 251712 251713 251714
73643 12 74675 74676 74673 74674 74671 74672 74669 74670 74667 74668 74665 74666
62592 3 62589 214658 214655
251714 7 66178 104621 122189 251710 251711 251712 251713
258437 6 62234 258469 257762 258449 257892 257951
181187 0
587 0
33312 0
255069 12 255071 4754 5811 236840 255061 255062 255056 255066 255063 255064 255125 255126
217086 0
217087 0
217084 0
217085 0
69602 0
103134 12 134492 134493 134494 134495 134497 134498 134499 134500 134501 134502 134503 134504
217082 0
217083 0
212000 7 212010 181187 206563 207031 207032 212001 212011
217080 0
212001 5 212011 206563 211980 212000 212010
217081 0
84052 6 84053 84054 84055 84339 84340 84341
141711 4 2997 112428 112432 6931
84053 6 84052 84054 84055 84339 84340 84341
84054 6 84052 84053 84055 84339 84340 84341
251744 6 105754 251672 251740 251741 251742 251745
84055 6 84052 84053 84054 84339 84340 84341
63425 12 63114 96347 96922 96923 96924 96925 96926 96927 96928 96929 96930 96931
251745 6 105754 251672 251740 251741 251742 251744
251740 6 105754 251672 251741 251742 251744 251745
251742 6 105754 251672 251740 251741 251744 251745
258449 6 62234 258437 258469 257762 257892 257951
251741 6 105754 251672 251740 251742 251744 251745
62589 3 214658 214655 62592
90017 1 7482
46644 1 46643
255056 10 255061 255062 255071 255072 255066 255063 255064 255125 255126 236840
46643 0
182982 3 182732 182742 182983
245334 8 1715 1720 1725 1730 49388 49389 49398 51431
182983 3 182733 182743 182982
8475 5 27748 124010 28233 34684 53585
252462 3 252461 52126 61395
252461 2 252462 32742
7559 0
235356 5 14574 235343 235344 235346 235357
235357 5 14574 235343 235344 235346 235356
235358 7 6512 14574 235343 235344 235346 235356 235357
210566 12 205509 205510 205511 205302 205649 205533 122565 206852 206853 206960 208982 209544
153708 3 153716 153724 149
2145 0
56193 8 56041 56004 59934 57650 59933 59935 59936 215409
232774 0
67725 0
3680 1 61283
80929 6 82140 82141 82138 82139 80951 57711
199855 1 130861
244991 5 244990 6530 61395 244321 244322
101102 2 101094 101097
244990 5 244991 6530 61395 244321 244322
101101 3 101094 101097 101102
255438 8 255504 255511 255439 74962 243262 243263 243264 243265
23445 8 256958 1057 23443 23444 23446 23482 22958 22996
23446 8 256958 1057 23443 23444 23445 23482 22958 22996
215409 8 56004 56041 56193 57650 59933 59934 59935 59936
23443 5 23444 23482 22958 22996 256958
23444 7 256958 1057 23443 23445 23482 22958 22996
153700 3 153708 153716 153724
53576 3 45544 58213 58215
156695 0
153705 3 153713 153721 149
255439 8 255504 255511 255438 74962 243262 243263 243264 243265
153706 3 153714 153722 149
153707 3 153715 153723 149
213342 4 213106 213249 213274 213089
80934 3 80937 80938 211216
80937 2 80938 211216
214563 8 213106 213249 213375 214023 214359 214399 214504 214510
80938 2 80937 211216
112834 0
103347 1 7407
103349 2 7407 103347
8934 0
244992 5 244991 6530 61395 244321 244322
103351 3 7407 103347 103349
107462 0
195581 1 523
153713 1 153721
153714 1 153722
153715 1 153723
153716 1 153724
245100 1 244580
213371 0
59936 5 56004 57650 59933 59934 59935
209233 5 209234 221368 221369 221372 221373
213375 5 213106 213249 213274 213089 213342
139489 1 139643
166444 3 127194 127624 163551
209234 5 209233 221368 221369 221372 221373
59933 5 56193 56004 57650 56041 215409
209236 1 14574
59935 5 56004 57650 59933 59934 59936
244260 9 1220 14127 123692 212583 123693 128667 128668 90968 39951
59934 5 56004 57650 59933 59935 59936
122565 1 205649
125037 8 945 57204 57208 51308 51335 124984 124993 125045
155860 6 154257 154285 155114 154536 154404 154940
153721 0
125045 9 945 19434 57204 57208 51308 51335 124984 124993 125037
213954 4 213106 213249 213089 213478
1648 1 73817
187813 3 8864 239703 239705
1644 0
187817 0
182743 2 182742 182733
153722 0
182742 2 182743 182732
153723 0
153724 0
6005 0
152528 5 152527 152529 152530 152531 152532
152527 5 152528 152529 152530 152531 152532
80359 4 164554 164288 164333 164294
152529 5 152527 152528 152530 152531 152532
8955 3 161739 161742 161743
144360 9 144231 144232 144233 144234 144236 144242 144245 144246 144247
38397 0
182733 3 182732 182982 182983
24430 4 24429 121867 121868 587
173249 6 55 36361 36362 36506 55 54581
182732 3 182733 182982 182983
242169 3 242170 242171 242173
212453 5 523 62153 102572 212445 212454
161329 4 160121 160173 161328 161331
75955 8 75928 75929 75930 75956 75957 75958 75949 75961
129186 0
212452 5 523 62153 102572 212445 212454
75954 8 75928 75929 75930 75952 75953 75951 75948 75960
212451 5 523 62153 102572 212445 212454
75953 8 75928 75929 75930 75952 75954 75950 75947 75959
212450 12 523 62153 102572 212445 212446 212447 212448 212449 212451 212452 212453 212454
161328 4 160172 161206 161329 161330
75952 8 75928 75929 75930 75953 75954 75949 75946 75958
75959 8 75928 75929 75930 75958 75960 75956 75953 75965
75958 8 75928 75929 75930 75959 75960 75955 75952 75964
75957 8 75928 75929 75930 75955 75956 75960 75951 75963
75956 8 75928 75929 75930 75955 75957 75959 75950 75962
6266 1 6267
6267 0
59453 0
49388 6 1710 1715 1720 1725 1730 245334
49389 7 1710 1715 1720 1725 1730 49388 245334
75951 8 75928 75929 75930 75949 75950 75954 75945 75957
75950 8 75928 75929 75930 75949 75951 75953 75944 75956
27748 0
100222 6 100221 100221 132020 132035 132036 132037
214510 7 213106 213249 213342 214022 214122 214399 214504
194803 9 138135 182732 182733 182742 182743 182982 182983 194804 194805
100221 6 100222 100222 132020 132035 132036 132037
194805 2 194803 194804
139223 5 139115 139116 139224 139225 139226
194804 9 138880 182732 182733 182742 182743 182982 182983 194803 194805
28870 0
139224 5 139115 139116 139223 139225 139226
214503 10 213106 213249 213383 214037 214373 214399 214504 214510 214563 214601
139225 5 139115 139116 139223 139224 139226
111742 3 111739 111740 111741
197549 5 197550 197551 197552 197553 197554
139226 5 139115 139116 139223 139224 139225
111740 3 111739 111741 111742
214504 6 213106 213249 213089 213954 214121 214399
111741 3 111739 111740 111742
242173 3 242169 242170 242171
212449 12 523 62153 102572 212445 212446 212447 212448 212450 212451 212452 212453 212454
1669 5 258 307 357 405 144150
89903 6 89904 89905 89906 89907 89908 89909
212447 12 523 62153 102572 212445 212446 212448 212449 212450 212451 212452 212453 212454
75949 8 75928 75929 75930 75950 75951 75952 75943 75955
242174 8 242169 242170 242171 242173 242193 242194 242195 242207
212448 12 523 62153 102572 212445 212446 212447 212449 212450 212451 212452 212453 212454
135215 6 134843 134844 134845 134846 134847 134848
212445 12 523 62153 102572 212446 212447 212448 212449 212450 212451 212452 212453 212454
89906 6 89903 89904 89905 89907 89908 89909
135216 9 134843 134844 134845 134846 134847 134848 135215 135217 135219
212446 12 523 62153 102572 212445 212447 212448 212449 212450 212451 212452 212453 212454
89907 6 89903 89904 89905 89906 89908 89909
135217 9 134843 134844 134845 134846 134847 134848 135215 135216 135219
242171 3 242169 242170 242173
80785 1 6530
89904 6 89903 89905 89906 89907 89908 89909
242170 3 242169 242171 242173
46197 5 52455 52464 124068 124069 226970
89905 6 89903 89904 89906 89906 89907 89908
135219 9 134843 134844 134845 134846 134847 134848 135215 135216 135217
221529 3 221530 245095 245099
139493 8 139489 7645 107152 107008 33215 107145 139490 139491
75942 7 75928 75929 75930 75940 75941 75939 75948
89909 6 89903 89904 89905 89906 89907 89908
139492 8 139489 7645 107152 107008 33215 107145 139490 139491
75941 7 75928 75929 75930 75940 75942 75938 75947
89908 6 89903 89904 89905 89906 89907 89909
139491 0
75944 8 75928 75929 75930 75943 75945 75947 75938 75950
139490 7 139489 7645 107152 107008 33215 107145 139491
75943 8 75928 75929 75930 75944 75945 75946 75937 75949
75946 8 75928 75929 75930 75947 75948 75943 75940 75952
75945 8 75928 75929 75930 75943 75944 75948 75939 75951
75948 8 75928 75929 75930 75946 75947 75945 75942 75954
75947 8 75928 75929 75930 75946 75948 75944 75941 75953
161330 4 160172 161206 161328 161331
161331 5 160121 160173 161328 161329 161330
124663 11 126169 49417 126168 37445 126170 126171 126172 126173 126174 126175 126176
139499 8 139489 7645 107152 107008 33215 107145 139490 139491
139498 8 139489 7645 107152 107008 33215 107145 139490 139491
49398 8 1710 1715 1720 1725 1730 49388 49389 245334
139497 8 139489 7645 107152 107008 33215 107145 139490 139491
139496 8 139489 7645 107152 107008 33215 107145 139490 139491
139495 8 139489 7645 107152 107008 33215 107145 139490 139491
75940 7 75928 75929 75930 75941 75942 75937 75946
139494 8 139489 7645 107152 107008 33215 107145 139490 139491
49598 1 27468
68106 2 47920 47920
197551 5 197549 197550 197552 197553 197554
75938 7 75928 75929 75930 75937 75939 75941 75944
197552 5 197549 197550 197551 197553 197554
75939 7 75928 75929 75930 75937 75938 75942 75945
197550 5 197549 197551 197552 197553 197554
212454 5 523 62153 102572 212445 212453
197553 5 197549 197550 197551 197552 197554
197554 5 197549 197550 197551 197552 197553
75937 7 75928 75929 75930 75938 75939 75940 75943
161346 3 160811 160812 161205
207017 9 205509 205510 205511 205302 205649 205533 122565 206853 207016
207016 9 205509 205510 205511 205302 205649 205533 122565 206852 206853
78536 2 78122 78537
75930 2 75928 75929
78537 3 78125 78536 145515
138880 1 138135
99012 0
221530 3 221529 245095 245099
145087 6 145085 145086 145088 145089 145080 145082
145086 6 145085 145087 145088 145089 145080 145081
145089 6 145085 145086 145087 145088 145080 145084
145088 6 145085 145086 145087 145089 145080 145083
80951 6 82140 82141 82138 82139 80929 57711
145083 6 145080 145081 145082 145084 145085 145088
145082 6 145080 145081 145083 145084 145085 145087
139246 9 18254 18487 133024 133025 135652 135653 135654 135655 139247
73817 3 78 1644 1648
145085 5 145080 145086 145087 145088 145089
139247 9 18254 18487 133024 133025 133049 135652 135653 135654 135655
145084 6 145080 145081 145082 145083 145085 145089
139248 10 18254 18487 133024 133025 133049 135652 135653 135654 135655 139246
242193 6 242169 242170 242171 242173 242194 242195
235704 0
163551 2 127194 127624
145081 6 145080 145082 145083 145084 145085 145086
145080 5 145085 145081 145082 145083 145084
8287 1 27907
242195 6 242169 242170 242171 242173 242193 242194
75929 0
74962 4 243262 243263 243264 243265
242194 6 242169 242170 242171 242173 242193 242195
75928 7 75929 75930 75944 75945 75946 75937 75949
240733 6 400 240523 240671 240572 240734 240735
240734 6 400 240523 240671 240572 240733 240735
240735 6 400 240523 240671 240572 240733 240734
87183 1 52001
194812 2 182712 182714
1880 5 94665 83061 160470 160471 160472
69190 3 5891 69099 69133
53585 6 6530 34684 28233 34699 34699 8475
111735 7 111736 111737 111738 111739 111740 111741 111742
111736 7 111735 111737 111738 111739 111740 111741 111742
206960 9 205509 205510 205511 205302 205649 205533 122565 206852 206853
111737 7 111735 111736 111738 111739 111740 111741 111742
54841 5 90880 90881 90882 90883 90884
111738 7 111735 111736 111737 111739 111740 111741 111742
111739 3 111740 111741 111742
160172 1 160173
160173 4 160172 160121 161207 161329
230231 8 49774 177523 177533 177553 230051 230232 230233 242784
158719 7 158708 158709 158710 158711 158712 158713 158714
153675 6 153683 153691 153699 153707 153715 153723
230233 8 49774 177523 177533 177553 230051 230231 230232 242784
230232 8 49774 177523 177533 177553 230051 230231 230233 242784
88890 6 79547 88889 88891 88892 88893 88894
221369 5 209234 209233 221368 221372 221373
158710 2 158708 158709
30626 0
221368 5 209234 209233 221369 221372 221373
158711 3 158708 158709 158710
30627 1 30626
158714 6 158708 158709 158710 158711 158712 158713
38548 0
234873 6 230388 234868 234869 234870 234871 234872
158712 4 158708 158709 158710 158711
234872 6 230388 234868 234869 234870 234871 234873
158713 5 158708 158709 158710 158711 158712
243262 1 74962
221372 5 209234 209233 221368 221369 221373
243263 2 74962 243262
221373 5 209234 209233 221368 221369 221372
243264 3 74962 243262 243263
15523 0
67004 9 30513 30626 30627 30629 30631 30634 30635 30637 30638
15524 0
128121 5 128122 128123 128124 128125 128126
180274 0
128122 5 128121 128123 128124 128125 128126
128123 5 128121 128122 128124 128125 128126
88892 6 79547 88889 88890 88891 88893 88894
128124 5 128121 128122 128123 128125 128126
88891 6 79547 88889 88890 88892 88893 88894
128125 5 128121 128122 128123 128124 128126
88894 6 79547 88889 88890 88891 88892 88893
114171 0
128126 5 128121 128122 128123 128124 128125
88893 6 79547 88889 88890 88891 88892 88894
208154 6 2997 50990 33553 50992 50993 208158
234869 6 230388 234868 234870 234871 234872 234873
206852 0
206853 8 205509 205510 205511 205302 205649 205533 122565 206852
152998 3 152968 153000 152978
65040 0
208158 6 2997 50990 33553 50992 50993 208154
177553 4 242784 49774 177533 177523
158720 8 158708 158709 158710 158711 158712 158713 158714 158719
6218 2 4125 212120
249824 3 249823 249746 249826
234868 6 230388 234869 234870 234871 234872 234873
158721 9 158708 158709 158710 158711 158712 158713 158714 158719 158720
249823 3 249824 249745 249825
158722 10 158708 158709 158710 158711 158712 158713 158714 158719 158720 158721
249826 3 249825 249824 249746
158723 11 158708 158709 158710 158711 158712 158713 158714 158719 158720 158721 158722
62153 2 523 102572
249825 3 249826 249823 249745
198792 7 57711 80929 82138 80951 82139 82140 82141
243265 4 74962 243262 243263 243264
147562 1 147582
234870 6 230388 234868 234869 234871 234872 234873
220508 0
154721 5 154722 154723 154725 154726 154727
234871 6 230388 234868 234869 234870 234872 234873
154722 5 154721 154723 154725 154726 154727
139500 8 139489 7645 107152 107008 33215 107145 139490 139491
207031 8 138135 181187 206562 206563 207032 207379 210955 210956
139501 8 139489 7645 107152 107008 33215 107145 139490 139491
207032 4 138135 181187 206563 207031
166307 8 166252 166251 164368 80359 164333 164288 164294 164554
207034 5 207035 207031 207032 207035 228716
154727 5 154721 154722 154723 154725 154726
207035 3 207034 138135 138880
192787 6 4194 226641 226642 226644 226645 226646
154723 5 154721 154722 154725 154726 154727
92921 3 78 66178 48887
178809 0
154725 5 154721 154722 154723 154726 154727
37800 1 33264
154726 5 154721 154722 154723 154725 154727
153692 5 153684 153700 153708 153716 153724
127211 7 87131 127210 127212 127213 127214 127215 127216
15541 11 7482 15523 15524 15443 15447 53404 83858 85939 90017 91914 99012
127212 7 87131 127210 127211 127213 127214 127215 127216
127213 7 87131 127210 127211 127212 127214 127215 127216
253560 6 6530 52126 61395 253550 253563 253565
154536 3 154257 154285 156695
127214 7 87131 127210 127211 127212 127213 127215 127216
153699 3 153707 153715 153723
127210 7 87131 127211 127212 127213 127214 127215 127216
256990 4 256995 256997 256989 255560
139507 8 139489 7645 107152 107008 33215 107145 139490 139491
37278 0
139506 9 139489 7645 107152 107008 33215 107145 139490 139491 139643
139509 8 139489 7645 107152 107008 33215 107145 139490 139491
178196 1 178202
139508 8 139489 7645 107152 107008 33215 107145 139490 139491
18487 1 135653
139503 8 139489 7645 107152 107008 33215 107145 139490 139491
133907 0
139502 9 139489 7645 107152 107008 33215 107145 139490 139491 139643
133906 0
139505 8 139489 7645 107152 107008 33215 107145 139490 139491
139504 8 139489 7645 107152 107008 33215 107145 139490 139491
61124 0
139510 8 139489 7645 107152 107008 33215 107145 139490 139491
61125 0
139511 8 139489 7645 107152 107008 33215 107145 139490 139491
61126 0
133908 0
256989 4 256995 256997 256990 255559
139512 8 139489 7645 107152 107008 33215 107145 139490 139491
61127 0
133909 0
253558 2 61395 61395
54272 0
253551 0
201595 0
253550 6 252462 52126 61395 253560 253563 253565
61122 0
61123 0
15544 12 7482 15523 15524 15441 15443 15447 53404 83858 85939 90017 91914 99012
153683 5 153691 153699 153707 153715 153723
59893 1 523
153684 5 153692 153700 153708 153716 153724
175435 0
127222 11 87131 127210 127211 127212 127213 127214 127216 1648 127220 127221 74048
213249 1 213106
152978 6 152968 152998 153000 153001 153003 153004
127220 10 87131 127210 127211 127212 127213 127214 127216 1648 127221 127222
127221 11 87131 127210 127211 127212 127213 127214 127216 1648 127220 127222 74048
155904 7 155860 154257 154285 155114 154536 154404 154940
116609 0
256997 4 256989 256990 256995 255557
147582 2 147562 160121
88889 6 79547 88890 88891 88892 88893 88894
256995 4 256997 256989 256990 255555
65855 0
147585 5 45754 49209 144739 144827 51188
253565 3 253550 253560 253563
153691 5 153683 153699 153707 153715 153723
253563 3 253550 253560 253565
127216 7 87131 127210 127211 127212 127213 127214 1648
155114 6 154257 154285 154536 154404 154940 156695
127215 7 87131 127210 127211 127212 127213 127214 127216
143498 5 1725 143492 143495 143497 143499
182714 2 194812 182712
143497 5 1715 143491 143494 143498 143499
143496 5 49459 143493 143494 143495 143499
182712 2 194812 182714
143495 4 143492 143494 143496 143498
129494 5 129492 129493 129495 129496 129497
122189 2 78 66178
129493 5 129492 129494 129495 129496 129497
129492 5 129493 129494 129495 129496 129497
143499 5 49388 143493 143496 143497 143498
129497 5 129492 129493 129494 129495 129496
160715 1 151710
152968 2 152978 152998
129496 5 129492 129493 129494 129495 129497
129495 5 129492 129493 129494 129496 129497
121868 5 121867 24430 24429 587 143631
255403 0
121867 5 121868 24430 24429 587 143631
141450 0
240671 2 240523 240572
37257 2 5228 30124
56004 8 56041 59934 57650 56193 59933 59935 59936 215409
182715 0
105636 0
134210 0
164294 3 80359 164288 164368
88199 6 88193 88196 88197 88198 88200 88201
88198 6 88192 88196 88197 88199 88200 88201
88196 6 88190 88197 88198 88199 88200 88201
88197 6 88191 88196 88198 88199 88200 88201
254051 5 135765 254055 254101 254053 249745
88194 5 88190 88191 88192 88193 88195
88195 5 88190 88191 88192 88193 88194
254053 4 253551 254051 135765 249745
88192 5 88190 88191 88193 88194 88195
88193 5 88190 88191 88192 88194 88195
254055 3 135765 254051 254101
88190 11 88191 88192 88193 88194 88195 88196 88197 88198 88199 88200 88201
144739 6 1710 45754 144827 147585 49209 51188
88191 5 88190 88192 88193 88194 88195
213274 2 213106 213249
164288 0
18254 1 135652
163419 2 162652 163418
143491 6 1710 49444 143492 143493 143494 143497
143492 6 1710 1715 143491 143493 143495 143498
143493 7 1715 1720 49459 143491 143492 143496 143499
163418 1 162652
143494 5 49444 143491 143495 143496 143497
62699 3 68390 104900 104901
214655 3 62589 214658 62592
213921 0
214658 3 62589 214655 62592
255421 1 65855
217483 6 670 217484 217485 217486 217487 217488
217485 6 670 217483 217484 217486 217487 217488
217484 6 670 217483 217485 217486 217487 217488
217487 6 670 217483 217484 217485 217486 217488
217486 6 670 217483 217484 217485 217487 217488
217488 6 670 217483 217484 217485 217486 217487
30634 1 30631
30635 1 30634
30638 2 30637 137484
48766 0
126116 2 127194 127624
30637 2 30634 30635
158709 1 158708
70675 1 70667
30631 1 30629
158708 0
235790 5 235792 235793 235797 235798 236000
239707 6 225693 187813 239703 239704 239705 239706
239706 7 225693 187813 239703 239704 239705 239707 8864
239705 7 225693 187813 239703 239704 239706 239707 8864
239704 7 225693 187813 239703 239705 239706 239707 8864
239703 3 8864 187813 239707
66178 4 78 122189 48887 92921
256958 7 1057 23443 23477 23479 23482 22958 22996
235792 5 235790 235793 235797 235798 236000
235793 5 235790 235792 235797 235798 236000
182707 0
30629 0
144150 5 258 307 357 405 1669
83140 0
226646 5 226641 226642 192787 226644 226645
226645 5 4194 226642 192787 226644 226646
247824 0
226644 6 4194 226641 226642 192787 226645 226646
246379 1 65855
182336 13 205509 205510 205511 205302 205649 205533 122565 206852 206853 206960 209544 182187 182209
214037 8 213106 213249 213379 213478 213954 214022 214023 214025
235798 5 235792 235790 235793 235797 236000
235797 6 235792 181187 235790 235793 235798 236000
143819 2 143820 143821
236770 2 62392 62392
5179 0
34684 5 6530 28233 34699 53585 8475
228716 1 207031
214038 9 213106 213249 213425 213478 213954 214022 214023 214025 214037
35023 6 7559 35012 35013 35017 35018 35020
35020 6 7559 35012 35013 35017 35018 35023
162190 3 160811 160812 161205
111596 0
162192 4 160811 160812 161205 162190
214042 10 213106 213249 213426 213478 213954 214022 214023 214025 214037 214038
51431 9 1710 1715 1720 1725 1730 49388 49389 49398 245334
205649 5 205510 6512 205302 205511 205533
143631 2 121867 121868
22996 0
205509 0
34699 4 6530 34684 28233 53585
97726 0
35012 5 35013 35017 35018 35020 35023
35018 6 7559 35012 35013 35017 35020 35023
134848 5 134843 134844 134845 134846 134847
237447 2 237448 2024
205510 1 205509
35017 6 7559 35012 35013 35018 35020 35023
124566 5 124560 124562 124563 124564 124565
237448 2 237447 2024
205511 3 205510 205509 6512
124565 5 124560 124562 124563 124564 124566
134846 4 134843 134844 134845 134847
124564 5 124560 124562 124563 124565 124566
134847 4 134843 134844 134845 134846
35013 6 7559 35012 35017 35018 35020 35023
129472 0
134844 2 134843 134845
210946 5 207031 207034 207035 210952 210953
134845 3 134843 134844 134846
134843 2 134844 134845
63260 7 27907 8287 35343 63265 171890 213652 213651
153212 3 61395 242419 242415
195043 2 195042 195045
195041 1 195042
195042 2 195041 195043
82499 0
124560 5 124562 124563 124564 124565 124566
195045 1 195043
124562 5 124560 124563 124564 124565 124566
124563 5 124560 124562 124564 124565 124566
210952 4 181187 210950 210951 210953
210951 3 210950 210952 210953
195241 2 33585 195605
23187 0
214601 9 213106 213249 213379 214025 213070 214399 214504 214510 214563
211216 3 80937 80938 80934
210953 3 210950 210951 210952
124558 2 124557 124559
124557 2 124558 124559
210950 3 210951 210952 210953
214605 11 213106 213249 213425 214038 214375 214399 214504 214510 214563 214601 214503
124559 2 124557 124558
214608 12 213106 213249 213426 214042 214376 214399 214504 214510 214563 214601 214503 214605
7531 0
210956 4 206562 207031 207032 210955
38599 1 28870
210955 5 206562 207031 207032 207383 210956
63265 5 27907 8287 35343 63260 171890
217915 3 7820 217913 217914
116620 2 116609 116611
217914 3 7820 217913 217915
154285 2 154257 156695
116621 3 116609 116611 116620
217913 3 7820 217914 217915
52455 5 46197 52464 124068 124069 226970
245099 3 221529 221530 245095
164934 2 161943 164949
256258 5 16969 256260 256261 256263 256264
245095 4 6218 221529 221530 245099
251672 6 105754 251740 251741 251742 251744 251745
256260 5 147562 256258 256261 256263 256264
256261 5 147582 256258 256260 256263 256264
256263 5 16969 256258 256260 256261 256264
256264 4 256258 256260 256261 256263
255880 0
134495 4 134492 134493 134494 103134
134494 2 103134 134504
134493 5 134492 134494 134495 103134 134497
134492 6 134493 134494 134495 103134 134497 134498
16814 2 16826 16838
116611 1 116609
62392 3 538 1057 236770
116631 7 116609 116611 116620 116621 116622 116629 116630
137484 10 30513 30626 30627 30634 30638 5179 3680 96932 61286 61283
116632 8 116609 116611 116620 116621 116622 116629 116630 116631
214826 0
116630 6 116609 116611 116620 116621 116622 116629
137488 10 30513 30626 30627 30634 30638 5179 3680 96932 61286 61283
52464 5 46197 52455 124068 124069 226970
137487 10 30513 30626 30627 30634 30638 5179 3680 96932 61286 61283
137486 10 30513 30626 30627 30634 30638 5179 3680 96932 61286 61283
137485 10 30513 30626 30627 30634 30638 5179 3680 96932 61286 61283
61395 0
164949 2 161943 164934
33264 4 37800 5811 5811 5811
8587 0
8588 1 16969
257867 1 257868
96023 5 96022 96024 96025 96026 96027
96024 5 96022 96023 96025 96026 96027
96025 5 96022 96023 96024 96026 96027
257868 1 257867
37445 1 49417
96026 5 96022 96023 96024 96025 96027
127624 1 127194
225376 5 225377 225378 5228 30124 37257
225377 5 225376 225378 5228 30124 37257
225378 5 225376 225377 5228 30124 37257
196534 3 161943 164934 164949
96022 5 96023 96024 96025 96026 96027
116629 5 116609 116611 116620 116621 116622
95992 13 96347 96972 63425 96922 96923 96924 96925 96926 96927 96928 96929 96930 96931
96027 5 96022 96023 96024 96025 96026
16826 2 16814 16838
116622 4 116609 116611 116620 116621
137493 10 30513 30626 30627 30634 30638 5179 3680 96932 61286 61283
137492 10 30513 30626 30627 30634 30638 5179 3680 96932 61286 61283
57510 5 57509 69776 57502 69776 57502
137491 10 30513 30626 30627 30634 30638 5179 3680 96932 61286 61283
22958 0
137490 10 30513 30626 30627 30634 30638 5179 3680 96932 61286 61283
136369 6 136368 136365 136366 136367 136370 136371
136367 6 136366 136365 136368 136369 136370 136371
136368 5 136369 136365 136366 136370 136371
61775 0
102460 1 105348
225386 8 225385 225387 5228 30124 37257 225376 225377 225378
107710 1 107462
225387 8 225385 225386 5228 30124 37257 225376 225377 225378
177523 3 49774 177533 242784
123901 4 522 93101 123899 123900
136374 0
225385 8 225386 225387 5228 30124 37257 225376 225377 225378
36506 4 36361 36362 55 54581
8795 0
136371 6 136368 136370 136365 136366 136367 136369
16838 2 16814 16826
136370 6 136365 136366 136367 136368 136369 136371
206038 0
116636 9 116609 116611 116620 116621 116622 116629 116630 116631 116632
116638 10 116609 116611 116620 116621 116622 116629 116630 116631 116632 116636
123900 4 522 93101 123899 123901
137489 10 30513 30626 30627 30634 30638 5179 3680 96932 61286 61283
116639 11 116609 116611 116620 116621 116622 116629 116630 116631 116632 116636 116638
134497 5 134492 134493 134494 134495 103134
114636 0
134498 6 134499 134500 134501 134502 134503 134504
134499 6 134498 134500 134501 134502 134503 134504
57509 3 57510 69775 69775
30124 8 5228 37257 225376 225377 225378 225385 225386 225387
57711 6 82140 82141 82138 82139 80951 80929
90883 5 54841 90880 90881 90882 90884
90884 5 54841 90880 90881 90882 90883
90881 5 54841 90880 90882 90883 90884
257892 6 257762 62234 258437 258469 258449 257951
90882 5 54841 90880 90881 90883 90884
57502 1 57510
351 0
90880 5 54841 90881 90882 90883 90884
244580 0
226641 6 4194 226642 192787 226644 226645 226646
177533 3 49774 177523 242784
136366 6 136365 136367 136368 136369 136370 136371
226642 6 4194 226641 192787 226644 226645 226646
136365 6 136366 136367 136368 136369 136370 136371
227321 0
357 5 258 307 405 1669 144150
107008 0
101097 2 101102 101094
214022 5 213106 213249 213342 213478 213954
103716 4 7407 103347 103349 103351
101094 2 101097 101102
214023 6 213106 213249 213375 213478 213954 214022
77687 1 77336
214025 7 213106 213249 213375 213478 213954 214022 214023
50993 6 2997 50990 33553 50992 208154 208158
57208 7 945 946 5265 5266 51308 51335 57204
107764 3 25634 107462 107710
57204 7 945 946 5265 5266 51308 51335 57208
139116 4 139223 139224 139225 139226
50992 6 2997 50990 33553 50993 208154 208158
139115 5 139116 139223 139224 139225 139226
50990 6 2997 33553 50992 50993 208154 208158
205302 4 205510 205509 6512 205511
1725 1 245334
154936 9 28870 38599 154831 154832 154833 154834 154933 154934 154935
154938 11 28870 38599 154831 154832 154833 154834 154933 154934 154935 154936 71351
1720 2 49459 245334
154933 6 28870 38599 154831 154832 154833 154834
5228 10 30124 37257 30124 37257 225376 225377 225378 225385 225386 225387
154934 7 28870 38599 154831 154832 154833 154834 154933
154935 8 28870 38599 154831 154832 154833 154834 154933 154934
33492 3 6878 6884 6885
157372 9 157237 157242 155860 155904 156695 154257 154285 155114 154536
126629 0
257606 3 257607 257613 257622
257607 3 257606 257615 257624
8307 0
7482 0
127758 3 127759 127760 127761
248124 4 247824 247937 247940 248125
127759 4 127758 127758 127760 127761
248125 4 247824 247937 247940 248124
181835 5 181830 181831 181832 181834 181836
111817 6 78536 78124 111821 111826 111831 111836
181836 5 181831 181832 181833 181834 181835
181834 6 181830 181831 181832 181833 181835 181836
14574 1 6512
134502 4 134495 103134 134497 134504
181833 6 181830 181831 181832 181834 181835 181836
134501 4 134495 103134 134497 134504
181832 6 181830 181831 181833 181834 181835 181836
127760 4 127758 127758 127759 127761
134504 12 134492 134493 134494 134495 103134 134497 134498 134499 134500 134501 134502 134503
181831 6 181830 181832 181833 181834 181835 181836
154940 5 154257 154285 154404 154536 156695
134503 6 134498 134499 134500 134501 134502 134504
181830 6 181831 181832 181833 181834 181835 181836
74676 11 74675 74673 74674 74671 74672 74669 74670 74667 74668 74665 74666
405 5 258 307 357 1669 144150
127762 9 127758 127758 127759 127760 127761 127763 127764 127765 127766
127761 4 127758 127758 127759 127760
1715 1 245334
127764 9 127758 127758 127759 127760 127761 127762 127763 127765 127766
134500 6 134498 134499 134501 134502 134503 134504
127763 9 127758 127758 127759 127760 127761 127762 127764 127765 127766
74672 11 74671 74675 74676 74673 74674 74669 74670 74667 74668 74665 74666
58214 6 4729 19434 45544 53576 58213 58215
74673 9 74674 74671 74672 74669 74670 74667 74668 74665 74666
58215 6 4729 19434 45544 53576 58213 58214
400 0
1710 3 49444 49459 161739
74674 11 74673 74675 74676 74671 74672 74669 74670 74667 74668 74665 74666
74675 11 74676 74673 74674 74671 74672 74669 74670 74667 74668 74665 74666
58213 6 4729 19434 45544 53576 58214 58215
49417 1 37445
74670 11 74669 74675 74676 74673 74674 74671 74672 74667 74668 74665 74666
74671 7 74672 74669 74670 74667 74668 74665 74666
111820 7 111821 111822 78122 78536 111825 111830 111835
8864 2 187813 239703
111822 7 111820 78125 78537 111827 111832 111837 145515
27468 1 49598
111821 6 111820 78124 111817 111826 111831 111836
123693 8 1220 14127 123692 128667 128668 90968 39951 128669
82138 6 80929 82139 82140 82141 80951 57711
23531 0
82139 8 80951 82138 82140 82141 82138 80951 80929 57711
123692 7 1220 14127 123693 128667 128668 90968 128669
248136 9 247824 247937 247940 248124 248125 248133 248137 248139 248142
248137 9 247824 247937 247940 248124 248125 248133 248136 248139 248142
111827 7 111825 78125 78537 111822 111832 111837 145515
248133 9 247824 247937 247940 248124 248125 248136 248137 248139 248142
111826 6 111825 78124 111817 111821 111831 111836
127765 9 127758 127758 127759 127760 127761 127762 127763 127764 127766
111825 7 111826 111827 78122 78536 111820 111830 111835
127766 9 127758 127758 127759 127760 127761 127762 127763 127764 127765
245685 0
111832 7 111830 78125 78537 111822 111827 111837 145515
111831 6 111830 78124 111817 111821 111826 111836
111830 7 111831 111832 78122 78536 111820 111825 111835
10883 0
242292 9 242169 242170 242171 242173 242174 242193 242194 242195 242207
10889 0
10887 0
82140 2 82139 80951
82141 2 82140 82139
111837 7 111835 78125 78537 111822 111827 111832 145515
248142 9 247824 247937 247940 248124 248125 248133 248136 248137 248139
85939 0
111836 6 111835 78124 111817 111821 111826 111831
248143 10 247824 247937 247940 248124 248125 248133 248136 248137 248139 248142
62234 5 258469 257762 258449 257892 257951
111835 7 111836 111837 78122 78536 111820 111825 111830
51188 5 49209 147585 144827 144739 45754
185370 0
248139 9 247824 247937 247940 248124 248125 248133 248136 248137 248142
254523 9 49774 177523 177533 177553 230051 230231 230232 230233 242784
420 3 351 400 1018
213652 7 27907 8287 35343 63260 63265 171890 213651
212120 1 6218
213651 7 27907 8287 35343 63260 63265 171890 213652
112430 7 2997 141711 112428 112429 112431 112432 6931
127493 1 34961
112428 5 2997 141711 112429 112432 6931
112429 7 2997 141711 112428 112430 112431 112432 6931
143821 2 143819 143820
93101 4 123899 123900 123901 522
143820 2 143819 143821
225145 0
257951 6 257892 257762 62234 258437 258469 258449
195605 2 33585 195241
120202 5 120160 120170 120178 120186 120194
185335 0
184403 6 184397 184398 184399 184400 184401 184402
173758 0
184401 6 184397 184398 184399 184400 184402 184403
184402 6 184397 184398 184399 184400 184401 184403
52126 2 6530 32742
258348 5 258347 258349 258350 258351 258352
70667 0
82838 0
258349 5 258347 258348 258350 258351 258352
184400 5 184397 184398 184401 184402 184403
94665 9 83061 83061 1880 160470 160471 160472 162005 162006 162007
258347 5 258348 258349 258350 258351 258352
182187 11 205509 205510 205511 205302 205649 205533 122565 206852 206853 206960 209544
8615 0
258352 5 258347 258348 258349 258350 258351
258351 5 258347 258348 258349 258350 258352
6995 0
258350 5 258347 258348 258349 258351 258352
162995 10 1710 1715 1720 1725 1730 49388 49389 49398 51431 7531
74668 1 74667
74667 1 74668
74666 1 74665
96347 12 96972 63425 96922 96923 96924 96925 96926 96927 96928 96929 96930 96931
74665 1 74666
74669 5 74670 74667 74668 74665 74666
205533 5 205302 205511 205510 205509 6512
210692 2 194803 194805
149 0
255559 4 255555 255557 255560 256989
255557 4 255555 255559 255560 256997
255555 4 255557 255559 255560 256995
14127 2 1220 39951
255560 4 255555 255557 255559 256990
112431 7 2997 141711 112428 112429 112430 112432 6931
112432 7 2997 141711 112428 112429 112430 112431 6931
36362 5 36361 36361 36506 55 54581
36361 4 36362 36506 55 54581
233279 0
49209 5 45754 144739 144827 147585 51188
124993 8 945 57204 57208 51308 51335 124984 125037 125045
207378 4 207377 182712 182714 194812
207377 4 207378 182712 182714 194812
144246 7 144231 144232 144233 144234 144236 144242 144245
36377 8 74991 74992 74993 74994 74995 74996 73086 74999
144245 6 144231 144232 144233 144234 144236 144242
144247 8 144231 144232 144233 144234 144236 144242 144245 144246
4829 1 10057
207379 3 138135 181187 207031
106856 4 7645 33215 107008 139643
163422 5 162652 163418 163419 163420 163421
160811 1 161205
144242 5 144231 144232 144233 144234 144236
4194 6 226641 226642 192787 226644 226645 226646
163421 4 162652 163418 163419 163420
160812 2 160811 161205
213089 3 213106 213249 213274
163420 3 162652 163418 163419
163427 9 162652 163418 163419 163420 163421 163422 163424 163425 163426
163426 8 162652 163418 163419 163420 163421 163422 163424 163425
171890 7 27907 8287 35343 63260 63265 213652 213651
163425 6 162652 163418 163419 163420 163421 163422
163424 6 162652 163418 163419 163420 163421 163422
163428 10 162652 163418 163419 163420 163421 163422 163424 163425 163426 163427
213478 3 213106 213249 213274
83858 2 15523 15524
134708 3 133028 32742 139248
144234 3 144231 144232 144233
670 0
128908 0
144233 2 144231 144232
144232 1 144231
144236 4 144231 144232 144233 144234
192822 4 192820 192821 192823 192824
192823 4 192820 192821 192822 192824
192820 5 192821 192822 192823 192824 225907
192821 4 192820 192822 192823 192824
83061 8 94665 1880 160470 160471 160472 162005 162006 162007
19434 0
221857 0
213070 8 213106 213249 213379 214025 214119 214121 214122 214359
209332 11 205509 205510 205511 205302 205649 205533 122565 206852 206853 206960 208982
112765 0
138511 5 251728 6530 54272 83140 251719
32742 1 52126
192824 5 192820 192821 192822 192823 225907
163443 12 162652 163418 163419 163420 163421 163422 163424 163425 163426 163427 163428 163442
163442 11 162652 163418 163419 163420 163421 163422 163424 163425 163426 163427 163428
255126 7 5811 236840 255061 255062 255071 255125 255064
255125 8 5811 236840 255056 255061 255062 255071 255126 255063
221867 0
241154 5 46699 46702 240835 241155 240830
241155 5 46699 46702 240835 241154 240830
69093 0
39599 0
145515 6 78125 78537 111822 111827 111832 111837
69092 4 69091 69093 69094 69095
24024 0
69091 0
46702 5 46699 240835 241154 241155 240830
56041 7 56004 59934 57650 56193 59933 59935 59936
60959 4 15441 15443 15447 53404
69095 0
69094 0
69099 0
194702 7 23531 129186 194703 194710 182712 182714 194812
194703 8 23531 129186 194702 194704 194710 182712 182714 194812
194704 9 23531 129186 194702 194703 194705 194710 182712 182714 194812
240840 8 400 240523 240671 240572 240733 240734 240735 240841
119586 9 30626 30627 30629 30631 30634 30635 30637 30638 5179
240841 8 1018 240523 240671 240572 240733 240734 240840 240735
60008 0
132037 0
132035 0
79547 2 88889 88894
132036 0
161425 5 160811 160812 161205 161346 161428
161428 5 160811 160812 161205 161346 161425
69775 2 69776 57509
69776 2 69775 57510
194709 6 23531 129186 194702 194708 194710 194812
194706 7 23531 129186 194702 194705 194707 194710 194812
126168 2 49417 37445
194705 7 23531 129186 194702 194704 194706 194710 194812
126169 3 49417 126168 37445
194708 7 23531 129186 194702 194707 194709 194710 194812
49444 3 1710 143491 143494
194707 7 23531 129186 194702 194706 194708 194710 194812
49459 5 1715 1710 1720 143493 143496
3593 0
153004 5 152968 152978 152998 153000 153003
61286 3 5179 3680 61283
153003 5 152968 152978 152998 153000 153004
153001 2 152968 152978
61283 2 5179 3680
153000 2 152978 152998
126170 4 126169 49417 126168 37445
244322 4 244321 244990 244991 244992
208982 10 205509 205510 205511 205302 205649 205533 122565 206852 206853 206960
126171 5 126169 49417 126168 37445 126170
244321 4 244322 244990 244991 244992
66739 1 1055
126172 10 126169 49417 126168 37445 126170 126171 126173 126174 126175 126176
126173 10 126169 49417 126168 37445 126170 126171 126172 126174 126175 126176
210480 1 209236
126174 9 126169 49417 126168 37445 126170 126171 126173 126175 126176
6931 7 2997 141711 112428 112429 112430 112431 112432
126175 9 126169 49417 126168 37445 126170 126171 126173 126174 126176
126176 10 126169 49417 126168 37445 126170 126171 126172 126173 126174 126175
49452 0
232808 0
124779 8 522 93101 124780 124781 124782 123901 123899 123900
161206 4 160172 161207 161328 161330
161207 5 160121 160173 161206 161329 161331
161205 2 160811 160812
25634 0
39951 4 1220 14127 123692 123693
103438 1 538
230388 2 234868 234873
132020 1 100221
42964 0
236840 7 5811 255056 255066 255061 255062 255071 255072
213426 9 213106 213249 213274 213089 213342 213375 213379 213383 213425
2024 0
124782 8 522 93101 123899 123900 123901 124779 124780 124781
232809 4 232808 232810 232811 232812
213425 8 213106 213249 213274 213089 213342 213375 213379 213383
124780 8 522 93101 123899 123900 123901 124779 124781 124782
124781 8 522 93101 123899 123900 123901 124779 124780 124782
232817 9 232808 232809 232810 232811 232812 232813 232814 232815 232816
1730 1 245334
232816 9 232808 232809 232810 232811 232812 232813 232814 232815 232817
166575 10 166574 166307 166252 166251 164368 80359 164333 164288 164294 164554
166574 9 166307 166252 166251 164368 80359 164333 164288 164294 164554
240830 6 46702 46699 46702 240835 241154 241155
232813 9 232808 232809 232810 232811 232812 232814 232815 232816 232817
232812 4 232808 232809 232810 232811
232815 9 232808 232809 232810 232811 232812 232813 232814 232816 232817
232814 9 232808 232809 232810 232811 232812 232813 232815 232816 232817
240835 5 46699 46702 241154 241155 240830
212583 8 1220 14127 90968 123692 123693 128667 128668 128669
232811 4 232808 232809 232810 232812
232810 4 232808 232809 232811 232812
107342 5 107665 107666 111494 111496 111697
135655 2 133025 61645
135654 2 133024 61645
135653 2 18487 61645
135652 2 18254 61645
11974 0
178201 1 178202
178202 0
254929 7 254766 254764 254765 254760 254761 254762 254763
34939 0
240572 4 240523 240671 240733 240734
243360 2 37278 176558
247072 11 39951 1220 14127 123692 212583 123693 128667 128668 244260 90968 128669
236000 5 235790 235792 235793 235797 235798
209544 11 205509 205510 205511 205302 205649 205533 122565 206852 206853 206960 182187
61645 0
206558 7 194812 182712 182714 206555 206557 206559 206560
108771 4 107462 107710 107764 108748
206559 6 194812 182712 182714 206555 206558 206560
49774 3 177523 177533 242784
206563 3 181187 207031 207032
206562 3 138880 207031 207032
206560 5 194812 182712 182714 206555 206559
161943 0
254101 4 249745 135765 254051 254055
206555 3 194812 182712 182714
182209 12 205509 205510 205511 205302 205649 205533 122565 206852 206853 206960 209544 182187
206557 6 194812 182712 182714 206555 206558 206560
139643 3 139502 139506 139502
162007 4 162005 162006 94665 83061
161743 12 161739 161742 8955 1710 1715 1720 1725 1730 49388 49389 49398 51431
162005 5 162006 162007 94665 83061 8955
161742 12 161739 161743 8955 1710 1715 1720 1725 1730 49388 49389 49398 51431
162006 4 162005 162007 94665 83061
214122 6 213106 213249 213342 214022 214119 214121
161739 4 161742 161743 1710 8955
240916 8 240523 240671 240572 240733 240734 240840 240735 240841
105754 6 1644 73817 74048 74584 104621 105755
105755 6 1644 73817 74048 74584 104621 105754
155611 0
214121 5 213106 213249 213089 213954 214119
53404 1 15441
211980 3 211990 212000 212001
125799 0
151710 1 160121
214119 4 213106 213249 213274 213478
186734 0
194710 5 23531 129186 194702 194709 194812
102572 2 523 62153
160125 8 160124 159786 159787 159788 159789 160124 160126 160127
160124 7 159786 159787 159788 159789 160125 160126 160127
160127 7 159786 159787 159788 159789 160124 160125 160126
160126 7 159786 159787 159788 159789 160124 160125 160127
213106 0
160121 7 151710 160173 160715 161207 161329 161331 147582
74584 4 78 1644 73817 74048
160471 5 94665 83061 1880 160470 160472
160470 5 94665 83061 1880 160471 160472
160472 5 94665 83061 1880 160470 160471
154404 3 154257 154285 156695
235648 10 235643 240523 240671 240572 240733 240734 240840 240735 240841 240916
123899 4 522 93101 123900 123901
75001 11 74991 74992 74993 74994 74995 74996 36377 73086 74999 75000 75000
75000 10 74991 74992 74993 74994 74995 74996 36377 73086 74999 75001
235643 10 235648 240523 240671 240572 240733 240734 240840 240735 240841 240916
211990 3 211980 212010 212011
1057 0
214399 5 213106 213249 213274 213478 214119
164368 4 164333 164288 80359 164294
78 3 48887 92921 8287
4755 6 4754 4756 4757 4758 4759 53644
171260 10 62699 68390 104900 104901 171256 171257 104902 171258 171259 104903
4754 6 4755 4756 4757 4758 4759 53644
4759 6 4754 4755 4756 4757 4758 53644
4758 6 4754 4755 4756 4757 4759 53644
4757 6 4754 4755 4756 4758 4759 53644
4756 6 4754 4755 4757 4758 4759 53644
61202 8 7425 61200 38548 1055 6218 61201 61203 61204
125127 21 92921 48887 1644 1648 73817 74048 74584 104621 105754 105755 125129 1644 1648 48887 74048 74584 92921 104621 105754 105755 125129
61201 8 7425 61200 38548 1055 6218 61202 61203 61204
61204 8 7425 61200 38548 1055 6218 61201 61202 61203
83945 1 83946
61203 8 7425 61200 38548 1055 6218 61201 61202 61204
56105 2 54552 56109
125129 10 1644 1648 48887 74048 74584 92921 104621 105754 105755 125127
56109 2 54552 56105
159798 0
2386 0
61200 6 7425 38548 1055 6218 61201 61204
7645 0
227282 5 227281 227283 227284 227285 227286
227281 5 227282 227283 227284 227285 227286
111170 5 111153 111168 111171 111173 111176
227284 5 227281 227282 227283 227285 227286
111171 5 111153 111168 111170 111173 111176
227283 5 227281 227282 227284 227285 227286
2571 0
111173 5 111153 111168 111170 111171 111176
240523 1 400
166252 8 166307 166251 164368 80359 164333 164288 164294 164554
233757 7 18254 18487 133024 133025 135652 135655 139247
166251 7 166307 166252 164368 80359 164333 164288 164294
111176 5 111153 111168 111170 111171 111173
227286 5 227281 227282 227283 227284 227285
227285 5 227281 227282 227283 227284 227286
48887 2 78 92921
83946 1 83945
214373 9 213106 213249 213383 214037 214119 214121 214122 214359 213070
214375 10 213106 213249 213425 214038 214119 214121 214122 214359 213070 214373
214376 11 213106 213249 213426 214042 214119 214121 214122 214359 213070 214373 214375
159787 4 153003 159786 159788 159789
159786 3 159787 159788 159789
24406 0
159789 4 153000 159786 159787 159788
159788 5 152998 159786 159787 159789 159798
111168 5 111153 111170 111171 111173 111176
214757 5 214756 2386 214924 214925 214926
53644 0
144827 7 1715 7559 45754 144739 147585 49209 51188
214756 5 2386 214925 214926 214757 214924
55 4 36361 36362 36506 54581
4125 1 6218
213379 6 213106 213249 213274 213089 213342 213375
133898 0
133899 0
133896 0
56121 2 56119 56119
133897 0
124984 8 945 57204 57208 51308 51335 124993 125037 125045
133894 0
133895 0
214359 7 213106 213249 213375 214023 214119 214121 214122
207383 2 138880 194812
133893 0
213383 7 213106 213249 213274 213089 213342 213375 213379
124990 9 945 57204 57208 51308 51335 124984 124993 125037 125045
247937 2 247824 247940
108748 3 107462 107710 107764
34961 1 11974
171258 10 62699 68390 104900 104901 171256 171257 104902 171259 171260 104903
180598 0
171259 10 62699 68390 104900 104901 171256 171257 104902 171258 171260 104903
171256 10 62699 68390 104900 104901 171257 104902 171258 171259 171260 104903
171257 10 62699 68390 104900 104901 171256 104902 171258 171259 171260 104903
4729 4 45544 19434 45544 53576
133881 0
73086 8 74991 74992 74993 74994 74995 74996 36377 74999
56115 1 56119
92874 0
152530 5 152527 152528 152529 152531 152532
152531 5 152527 152528 152529 152530 152532
152532 5 152527 152528 152529 152530 152531
144231 0
24429 4 24430 121867 121868 587
105348 0
247940 2 247824 247937
56119 3 56115 56115 56121
77336 1 77687
245613 6 245614 244990 244991 244992 244321 244322
245614 6 245613 244990 244991 244992 244321 244322
122246 5 122230 122233 122236 122240 122243
122243 5 122230 122233 122236 122240 122246
242223 9 242169 242170 242171 242173 242174 242193 242194 242195 242207
133049 4 135652 135653 135654 135655
84341 6 84052 84053 84054 84055 84339 84340
30513 0
111494 5 107665 107666 107342 111496 111697
238524 0
77719 5 77717 77718 77720 77721 77722
77718 5 77717 77719 77720 77721 77722
77717 5 77718 77719 77720 77721 77722
84340 6 84052 84053 84054 84055 84339 84341
16969 1 8588
214924 5 214756 2386 214925 214926 214757
111496 5 107665 107666 107342 111494 111697
214925 5 214756 2386 214924 214926 214757
214926 5 214924 214925 214756 214757 2386
255745 6 147582 255740 255741 255743 255744 255766
122233 5 122230 122236 122240 122243 122246
255744 6 147582 255740 255741 255743 255745 255765
7407 0
255743 6 147582 255740 255741 255744 255745 255764
122236 5 122230 122233 122240 122243 122246
255741 5 147562 255764 255765 255766 255740
255740 5 255741 147582 255743 255744 255745
51942 1 56121
23478 8 256958 1057 23443 23477 23479 23482 22958 22996
23479 9 256958 1057 23443 23478 23480 23481 23482 22958 22996
84339 5 84052 84053 84055 84340 84341
23476 8 256958 1057 23443 23477 23479 23482 22958 22996
122240 5 122230 122233 122236 122243 122246
23477 8 256958 1057 23443 23476 23478 23482 22958 22996
96972 12 96347 63425 96922 96923 96924 96925 96926 96927 96928 96929 96930 96931
246677 1 246678
246678 1 246677
111697 5 107665 107666 107342 111494 111496
33215 1 139643
234503 0
242207 8 242169 242170 242171 242173 242174 242193 242194 242195
207460 11 205509 205510 205511 205302 205533 122565 206852 206853 206960 207016 207017
84714 0
23480 8 256958 1057 23443 23479 23481 23482 22958 22996
23482 7 256958 1057 23443 23481 22958 22996 256958
27907 1 8287
23481 7 256958 1057 23443 23480 23482 22958 22996
194797 6 138880 182742 182743 182982 182983 194805
91314 1 38397
226970 5 46197 52455 52464 124068 124069
78125 3 78122 78124 145515
124068 5 46197 52455 52464 124069 226970
133028 10 18254 18487 32742 133024 133025 135652 135653 135654 135655 134708
78124 2 78122 78125
122230 5 122233 122236 122240 122243 122246
88543 0
255511 8 255504 255438 255439 74962 243262 243263 243264 243265
78122 2 78124 78125
164554 5 80359 164368 164333 164288 164294
51308 4 945 946 5265 5266
133024 4 18254 18487 61645 135654
184399 6 184397 184398 184400 184401 184402 184403
184398 6 184397 184399 184400 184401 184402 184403
184397 6 184398 184399 184400 184401 184402 184403
133025 4 18254 18487 61645 135655
133856 3 84714 109080 133858
133858 3 130652 84714 109080
35343 7 27907 8287 63260 63265 171890 213651 213652
45754 6 7559 144739 144827 147585 49209 51188
182467 5 182461 182462 182464 182465 182466
107152 1 139643
7820 3 217913 217914 217915
207472 11 205509 205510 205511 205302 205533 122565 206852 206853 206960 207016 207017
182465 5 182461 182462 182464 182466 182467
104621 4 1644 73817 74048 74584
182466 5 182461 182462 182464 182465 182467
182464 5 182461 182462 182465 182466 182467
293 0
85165 5 85166 85162 85166 85162 85162
182461 5 182462 182464 182465 182466 182467
7425 1 61201
85162 2 85165 85166
182462 5 182461 182464 182465 182466 182467
45544 3 19434 4729 4729
124069 5 46197 52455 52464 124068 226970
85166 5 85165 85162 85165 85162 85162
77720 5 77717 77718 77719 77721 77722
77722 6 77717 77718 77719 77720 77721 77723
77721 6 77717 77718 77719 77720 77722 77723
5811 1 975
242415 2 153212 242419
111153 5 111168 111170 111171 111173 111176
242419 3 153212 153212 242415
77723 6 77717 77718 77719 77720 77721 77722
5891 0
164333 7 80359 164288 164294 164368 164554 166251 166252
127544 2 52001 87183
54552 4 54554 54556 54567 54569
225907 6 192820 192821 192822 192823 192824 62234
257762 5 258437 258469 258449 257892 257951
54554 4 54552 54556 54567 54569
69451 0
69450 0
54556 4 54552 54554 54567 54569
107145 1 139643
254765 7 254764 254766 254929 254760 254761 254762 254763
254764 7 254765 254766 254929 254760 254761 254762 254763
254766 7 254929 254764 254765 254760 254761 254762 254763
254761 3 254760 254762 254763
176673 5 6884 6885 6877 6878 33492
254760 3 254761 254762 254763
254763 3 254762 254760 254761
6512 1 14574
254762 3 254763 254760 254761
91914 0
68390 0
1055 0
154451 4 154452 154453 154455 154449
127346 0
154452 4 154451 154454 154456 154450
154453 6 154454 154451 154449 154455 154454 154454
154454 5 154453 154452 154450 154456 154453
154455 4 154456 154449 154451 154453
154456 4 154455 154450 154452 154454
63114 0
5265 3 945 946 5266
5266 3 945 946 5265
109080 0
54567 4 54552 54554 54556 54569
96927 6 63114 96347 96922 96926 96928 96931
96926 6 63114 96347 96922 96925 96927 96931
96929 6 63114 96347 96922 96928 96930 96931
54569 4 54552 54554 54556 54567
96928 6 63114 96347 96922 96927 96929 96931
96930 5 63114 96347 96922 96929 96931
96931 11 63114 96347 96922 96923 96924 96925 96926 96927 96928 96929 96930
96932 1 61286
255504 8 255511 255438 255439 74962 243262 243263 243264 243265
124010 1 27748
51335 4 945 946 5265 5266
69449 0
90968 8 1220 14127 123692 123693 128667 128668 128669 39951
15447 1 15443
130861 1 16838
109059 6 109055 109057 109058 109060 109061 109062
109057 6 109055 109058 109059 109060 109061 109062
104859 0
109058 6 109055 109057 109059 109060 109061 109062
37165 0
124423 5 124418 124419 124420 124421 124422
15441 0
124421 5 124418 124419 124420 124422 124423
15443 1 15441
124422 5 124418 124419 124420 124421 124423
257622 3 257624 257606 257613
57650 5 56004 59933 59934 59935 59936
109055 6 109057 109058 109059 109060 109061 109062
257624 3 257622 257607 257615
154450 4 154449 154456 154454 154452
255764 6 147562 255740 255741 255743 255765 255766
91538 0
71351 10 28870 38599 154831 154832 154833 154834 154933 154934 154935 154936
255765 6 147562 255740 255741 255744 255764 255766
154834 5 28870 38599 154831 154832 154833
255766 6 147562 255740 255741 255745 255764 255765
154833 4 28870 38599 154831 154832
154832 3 28870 38599 154831
154831 2 28870 38599
1220 5 14127 123692 212583 123693 39951
124420 5 124418 124419 124421 124422 124423
1018 3 351 400 420
6530 6 34684 28233 34699 53585 52126 61395
154449 4 154450 154455 154453 154451
249746 2 249745 249824
54581 5 36361 36361 36362 36506 55
258 5 307 357 405 1669 144150
109060 6 109055 109057 109058 109059 109061 109062
109061 6 109055 109057 109058 109059 109060 109062
249744 1 83140
46699 5 46702 240835 241154 241155 240830
109062 0
249745 2 249746 249823
124418 5 124419 124420 124421 124422 124423
257613 3 257615 257606 257622
124419 5 124418 124420 124421 124422 124423
257615 3 257613 257607 257624
