root 1491
55 0
78 0
149 0
258 0
293 0
307 0
351 0
357 0
400 0
405 0
420 0
522 0
523 0
538 0
587 0
670 0
945 0
946 0
975 0
1018 0
1055 0
1057 0
1220 0
1644 0
1648 0
1669 0
1710 0
1715 0
1720 0
1725 0
1730 0
1880 0
2024 0
2145 0
2386 0
2571 0
2997 0
3278 0
3593 0
3680 0
4125 0
4194 0
4729 0
4754 0
4755 0
4756 0
4757 0
4758 0
4759 0
4829 0
5179 0
5228 0
5265 0
5266 0
5811 0
5891 0
6005 0
6218 0
6266 0
6267 0
6512 0
6530 0
6877 0
6878 0
6884 0
6885 0
6931 0
6995 0
7395 0
7407 0
7425 0
7482 0
7531 0
7559 0
7645 0
7820 0
8287 0
8307 0
8475 0
8587 0
8588 0
8615 0
8795 0
8864 0
8934 0
8955 0
10057 0
10883 0
10887 0
10889 0
11974 0
14127 0
14574 0
14991 0
15441 0
15443 0
15447 0
15523 0
15524 0
15541 0
15544 0
16814 0
16826 0
16838 0
16969 0
18254 0
18487 0
19434 0
22958 0
22996 0
23187 0
23443 0
23444 0
23445 0
23446 0
23476 0
23477 0
23478 0
23479 0
23480 0
23481 0
23482 0
23531 0
24024 0
24406 0
24429 0
24430 0
25634 0
27468 0
27748 0
27907 0
28233 0
28870 0
30124 0
30513 0
30626 0
30627 0
30629 0
30631 0
30634 0
30635 0
30637 0
30638 0
32742 0
33215 0
33264 0
33312 0
33492 0
33547 0
33553 0
33585 0
34684 0
34699 0
34939 0
34961 0
35012 0
35013 0
35017 0
35018 0
35020 0
35023 0
35343 0
36361 0
36362 0
36377 0
36506 0
37165 0
37257 0
37278 0
37445 0
37800 0
38397 0
38548 0
38599 0
39599 0
39951 0
42964 0
45544 0
45754 0
46197 0
46643 0
46644 0
46699 0
46702 0
47920 0
48766 0
48887 0
49209 0
49388 0
49389 0
49398 0
49417 0
49444 0
49452 0
49459 0
49598 0
49774 0
50990 0
50992 0
50993 0
51188 0
51308 0
51335 0
51431 0
51942 0
52001 0
52126 0
52455 0
52464 0
53404 0
53576 0
53585 0
53644 0
54272 0
54552 0
54554 0
54556 0
54567 0
54569 0
54581 0
54841 0
55208 0
56004 0
56041 0
56105 0
56109 0
56115 0
56119 0
56121 0
56193 0
57204 0
57208 0
57502 0
57509 0
57510 0
57650 0
57711 0
58213 0
58214 0
58215 0
59453 0
59893 0
59933 0
59934 0
59935 0
59936 0
60008 0
60959 0
61122 0
61123 0
61124 0
61125 0
61126 0
61127 0
61200 0
61201 0
61202 0
61203 0
61204 0
61283 0
61286 0
61395 0
61645 0
61775 0
62153 0
62234 0
62392 0
62589 0
62592 0
62699 0
63114 0
63260 0
63265 0
63425 0
65040 0
65855 0
66178 0
66739 0
67004 0
67725 0
68106 0
68390 0
69091 0
69092 0
69093 0
69094 0
69095 0
69099 0
69133 0
69190 0
69449 0
69450 0
69451 0
69602 0
69675 0
69775 0
69776 0
70667 0
70675 0
71351 0
73086 0
73643 0
73817 0
74048 0
74584 0
74665 0
74666 0
74667 0
74668 0
74669 0
74670 0
74671 0
74672 0
74673 0
74674 0
74675 0
74676 0
74962 0
74991 0
74992 0
74993 0
74994 0
74995 0
74996 0
74999 0
75000 0
75001 0
75928 0
75929 0
75930 0
75937 0
75938 0
75939 0
75940 0
75941 0
75942 0
75943 0
75944 0
75945 0
75946 0
75947 0
75948 0
75949 0
75950 0
75951 0
75952 0
75953 0
75954 0
75955 0
75956 0
75957 0
75958 0
75959 0
75960 0
75961 0
75962 0
75963 0
75964 0
75965 0
75966 0
77336 0
77687 0
77717 0
77718 0
77719 0
77720 0
77721 0
77722 0
77723 0
78122 0
78124 0
78125 0
78536 0
78537 0
79547 0
80359 0
80785 0
80929 0
80934 0
80937 0
80938 0
80951 0
82138 0
82139 0
82140 0
82141 0
82499 0
82838 0
83061 0
83140 0
83858 0
83945 0
83946 0
84052 0
84053 0
84054 0
84055 0
84339 0
84340 0
84341 0
84714 0
85162 0
85165 0
85166 0
85667 0
85939 0
87131 0
87183 0
88190 0
88191 0
88192 0
88193 0
88194 0
88195 0
88196 0
88197 0
88198 0
88199 0
88200 0
88201 0
88543 0
88889 0
88890 0
88891 0
88892 0
88893 0
88894 0
89903 0
89904 0
89905 0
89906 0
89907 0
89908 0
89909 0
90017 0
90802 0
90880 0
90881 0
90882 0
90883 0
90884 0
90968 0
91314 0
91380 0
91381 0
91382 0
91383 0
91384 0
91385 0
91538 0
91914 0
92874 0
92921 0
93101 0
94665 0
95992 0
96022 0
96023 0
96024 0
96025 0
96026 0
96027 0
96347 0
96922 0
96923 0
96924 0
96925 0
96926 0
96927 0
96928 0
96929 0
96930 0
96931 0
96932 0
96972 0
97726 0
99012 0
100221 0
100222 0
101094 0
101097 0
101101 0
101102 0
102460 0
102572 0
103134 0
103347 0
103349 0
103351 0
103438 0
103716 0
104621 0
104859 0
104900 0
104901 0
104902 0
104903 0
105348 0
105636 0
105754 0
105755 0
106856 0
107008 0
107145 0
107152 0
107342 0
107462 0
107665 0
107666 0
107710 0
107764 0
108218 0
108748 0
108771 0
109055 0
109057 0
109058 0
109059 0
109060 0
109061 0
109062 0
109080 0
111153 0
111168 0
111170 0
111171 0
111173 0
111176 0
111494 0
111496 0
111596 0
111697 0
111735 0
111736 0
111737 0
111738 0
111739 0
111740 0
111741 0
111742 0
111817 0
111820 0
111821 0
111822 0
111825 0
111826 0
111827 0
111830 0
111831 0
111832 0
111835 0
111836 0
111837 0
112428 0
112429 0
112430 0
112431 0
112432 0
112765 0
112834 0
113208 0
113432 0
114171 0
114636 0
116609 0
116611 0
116620 0
116621 0
116622 0
116629 0
116630 0
116631 0
116632 0
116636 0
116638 0
116639 0
119586 0
120160 0
120170 0
120178 0
120186 0
120194 0
120202 0
121867 0
121868 0
122189 0
122230 0
122233 0
122236 0
122240 0
122243 0
122246 0
122565 0
123692 0
123693 0
123899 0
123900 0
123901 0
124010 0
124068 0
124069 0
124418 0
124419 0
124420 0
124421 0
124422 0
124423 0
124557 0
124558 0
124559 0
124560 0
124562 0
124563 0
124564 0
124565 0
124566 0
124663 0
124779 0
124780 0
124781 0
124782 0
124984 0
124990 0
124993 0
125037 0
125045 0
125127 0
125129 0
125799 0
126116 0
126168 0
126169 0
126170 0
126171 0
126172 0
126173 0
126174 0
126175 0
126176 0
126629 0
127194 0
127210 0
127211 0
127212 0
127213 0
127214 0
127215 0
127216 0
127220 0
127221 0
127222 0
127346 0
127493 0
127544 0
127624 0
127758 0
127759 0
127760 0
127761 0
127762 0
127763 0
127764 0
127765 0
127766 0
128121 0
128122 0
128123 0
128124 0
128125 0
128126 0
128657 0
128658 0
128659 0
128660 0
128661 0
128662 0
128667 0
128668 0
128669 0
128908 0
129186 0
129472 0
129492 0
129493 0
129494 0
129495 0
129496 0
129497 0
130652 0
130861 0
132020 0
132035 0
132036 0
132037 0
133024 0
133025 0
133028 0
133049 0
133856 0
133858 0
133881 0
133893 0
133894 0
133895 0
133896 0
133897 0
133898 0
133899 0
133906 0
133907 0
133908 0
133909 0
134210 0
134492 0
134493 0
134494 0
134495 0
134497 0
134498 0
134499 0
134500 0
134501 0
134502 0
134503 0
134504 0
134708 0
134843 0
134844 0
134845 0
134846 0
134847 0
134848 0
135215 0
135216 0
135217 0
135219 0
135251 0
135252 0
135652 0
135653 0
135654 0
135655 0
135765 0
136365 0
136366 0
136367 0
136368 0
136369 0
136370 0
136371 0
136374 0
137484 0
137485 0
137486 0
137487 0
137488 0
137489 0
137490 0
137491 0
137492 0
137493 0
138135 0
138511 0
138880 0
139115 0
139116 0
139223 0
139224 0
139225 0
139226 0
139246 0
139247 0
139248 0
139489 0
139490 0
139491 0
139492 0
139493 0
139494 0
139495 0
139496 0
139497 0
139498 0
139499 0
139500 0
139501 0
139502 0
139503 0
139504 0
139505 0
139506 0
139507 0
139508 0
139509 0
139510 0
139511 0
139512 0
139643 0
141450 0
141711 0
143491 0
143492 0
143493 0
143494 0
143495 0
143496 0
143497 0
143498 0
143499 0
143631 0
143819 0
143820 0
143821 0
144150 0
144231 0
144232 0
144233 0
144234 0
144236 0
144242 0
144245 0
144246 0
144247 0
144360 0
144739 0
144827 0
145080 0
145081 0
145082 0
145083 0
145084 0
145085 0
145086 0
145087 0
145088 0
145089 0
145515 0
147562 0
147582 0
147585 0
151710 0
152527 0
152528 0
152529 0
152530 0
152531 0
152532 0
152968 0
152978 0
152998 0
153000 0
153001 0
153003 0
153004 0
153212 0
153675 0
153683 0
153684 0
153691 0
153692 0
153699 0
153700 0
153705 0
153706 0
153707 0
153708 0
153713 0
153714 0
153715 0
153716 0
153721 0
153722 0
153723 0
153724 0
154257 0
154285 0
154404 0
154449 0
154450 0
154451 0
154452 0
154453 0
154454 0
154455 0
154456 0
154536 0
154721 0
154722 0
154723 0
154725 0
154726 0
154727 0
154831 0
154832 0
154833 0
154834 0
154933 0
154934 0
154935 0
154936 0
154938 0
154940 0
155114 0
155611 0
155860 0
155897 0
155898 0
155899 0
155904 0
156695 0
157218 0
157225 0
157237 0
157242 0
157372 0
158708 0
158709 0
158710 0
158711 0
158712 0
158713 0
158714 0
158719 0
158720 0
158721 0
158722 0
158723 0
159786 0
159787 0
159788 0
159789 0
159798 0
160121 0
160124 0
160125 0
160126 0
160127 0
160172 0
160173 0
160470 0
160471 0
160472 0
160715 0
160811 0
160812 0
161205 0
161206 0
161207 0
161328 0
161329 0
161330 0
161331 0
161346 0
161425 0
161428 0
161739 0
161742 0
161743 0
161943 0
162005 0
162006 0
162007 0
162190 0
162192 0
162652 0
162995 0
163418 0
163419 0
163420 0
163421 0
163422 0
163424 0
163425 0
163426 0
163427 0
163428 0
163442 0
163443 0
163551 0
164288 0
164294 0
164333 0
164368 0
164554 0
164934 0
164949 0
166251 0
166252 0
166307 0
166444 0
166574 0
166575 0
171256 0
171257 0
171258 0
171259 0
171260 0
171890 0
173249 0
173758 0
175003 0
175435 0
176558 0
176673 0
177523 0
177533 0
177553 0
178196 0
178201 0
178202 0
178809 0
179951 0
180274 0
180598 0
181187 0
181830 0
181831 0
181832 0
181833 0
181834 0
181835 0
181836 0
182187 0
182209 0
182336 0
182461 0
182462 0
182464 0
182465 0
182466 0
182467 0
182707 0
182712 0
182714 0
182715 0
182732 0
182733 0
182742 0
182743 0
182982 0
182983 0
184397 0
184398 0
184399 0
184400 0
184401 0
184402 0
184403 0
185335 0
185370 0
186734 0
187813 0
187817 0
192787 0
192820 0
192821 0
192822 0
192823 0
192824 0
194702 0
194703 0
194704 0
194705 0
194706 0
194707 0
194708 0
194709 0
194710 0
194797 0
194803 0
194804 0
194805 0
194812 0
195041 0
195042 0
195043 0
195045 0
195241 0
195581 0
195605 0
196534 0
197549 0
197550 0
197551 0
197552 0
197553 0
197554 0
198792 0
199855 0
201595 0
202955 0
205302 0
205509 0
205510 0
205511 0
205533 0
205649 0
206038 0
206555 0
206557 0
206558 0
206559 0
206560 0
206562 0
206563 0
206852 0
206853 0
206960 0
207016 0
207017 0
207031 0
207032 0
207034 0
207035 0
207377 0
207378 0
207379 0
207383 0
207460 0
207472 0
208154 0
208158 0
208982 0
209233 0
209234 0
209236 0
209332 0
209544 0
210480 0
210566 0
210692 0
210946 0
210950 0
210951 0
210952 0
210953 0
210955 0
210956 0
211216 0
211980 0
211990 0
212000 0
212001 0
212010 0
212011 0
212120 0
212427 0
212428 0
212445 0
212446 0
212447 0
212448 0
212449 0
212450 0
212451 0
212452 0
212453 0
212454 0
212583 0
213070 0
213089 0
213106 0
213249 0
213274 0
213342 0
213371 0
213375 0
213379 0
213383 0
213425 0
213426 0
213478 0
213651 0
213652 0
213921 0
213954 0
214022 0
214023 0
214025 0
214037 0
214038 0
214042 0
214119 0
214121 0
214122 0
214359 0
214373 0
214375 0
214376 0
214399 0
214503 0
214504 0
214510 0
214563 0
214601 0
214605 0
214608 0
214655 0
214658 0
214756 0
214757 0
214826 0
214924 0
214925 0
214926 0
215409 0
216398 0
216399 0
217076 0
217077 0
217078 0
217079 0
217080 0
217081 0
217082 0
217083 0
217084 0
217085 0
217086 0
217087 0
217483 0
217484 0
217485 0
217486 0
217487 0
217488 0
217913 0
217914 0
217915 0
220508 0
221368 0
221369 0
221372 0
221373 0
221529 0
221530 0
221857 0
221867 0
222526 0
222527 0
222528 0
222529 0
222530 0
225145 0
225376 0
225377 0
225378 0
225385 0
225386 0
225387 0
225693 0
225907 0
226641 0
226642 0
226644 0
226645 0
226646 0
226970 0
227281 0
227282 0
227283 0
227284 0
227285 0
227286 0
227321 0
228716 0
230051 0
230058 0
230231 0
230232 0
230233 0
230388 0
230891 0
230892 0
232774 0
232808 0
232809 0
232810 0
232811 0
232812 0
232813 0
232814 0
232815 0
232816 0
232817 0
233279 0
233757 0
234503 0
234868 0
234869 0
234870 0
234871 0
234872 0
234873 0
235338 0
235339 0
235340 0
235343 0
235344 0
235346 0
235356 0
235357 0
235358 0
235643 0
235648 0
235704 0
235790 0
235792 0
235793 0
235797 0
235798 0
236000 0
236770 0
236840 0
237447 0
237448 0
238524 0
239703 0
239704 0
239705 0
239706 0
239707 0
240523 0
240572 0
240671 0
240733 0
240734 0
240735 0
240830 0
240835 0
240840 0
240841 0
240916 0
241154 0
241155 0
242169 0
242170 0
242171 0
242173 0
242174 0
242193 0
242194 0
242195 0
242207 0
242223 0
242292 0
242415 0
242419 0
242784 0
243262 0
243263 0
243264 0
243265 0
243360 0
244260 0
244321 0
244322 0
244580 0
244990 0
244991 0
244992 0
245095 0
245099 0
245100 0
245334 0
245613 0
245614 0
245685 0
246379 0
246677 0
246678 0
247072 0
247824 0
247937 0
247940 0
248124 0
248125 0
248133 0
248136 0
248137 0
248139 0
248142 0
248143 0
249744 0
249745 0
249746 0
249823 0
249824 0
249825 0
249826 0
250206 0
250477 0
250478 0
251672 0
251710 0
251711 0
251712 0
251713 0
251714 0
251719 0
251724 0
251728 0
251740 0
251741 0
251742 0
251744 0
251745 0
252461 0
252462 0
253550 0
253551 0
253558 0
253560 0
253563 0
253565 0
254051 0
254053 0
254055 0
254101 0
254523 0
254760 0
254761 0
254762 0
254763 0
254764 0
254765 0
254766 0
254929 0
255056 0
255061 0
255062 0
255063 0
255064 0
255066 0
255069 0
255071 0
255072 0
255125 0
255126 0
255403 0
255421 0
255438 0
255439 0
255504 0
255511 0
255555 0
255557 0
255559 0
255560 0
255740 0
255741 0
255743 0
255744 0
255745 0
255764 0
255765 0
255766 0
255880 0
256258 0
256260 0
256261 0
256263 0
256264 0
256521 0
256532 0
256533 0
256958 0
256989 0
256990 0
256995 0
256997 0
257606 0
257607 0
257613 0
257615 0
257622 0
257624 0
257762 0
257867 0
257868 0
257892 0
257951 0
258347 0
258348 0
258349 0
258350 0
258351 0
258352 0
258437 0
258449 0
258469 0
