144989 23 110820 117116 118323 118324 118325 132480 132574 144835 144984 144986 144987 144988 144990 144991 144992 145003 1466 6487 6524 6525 6526 69139 69261
123104 29 121964 122096 122097 122539 122736 123044 123105 123106 123142 123205 123209 123277 123284 123285 123286 123287 123288 123289 123598 123600 123602 123604 123605 123606 123607 123645 123660 123661 123662
144988 23 110820 117116 118323 118324 118325 132480 132574 144835 144984 144985 144986 144987 144989 144990 144991 145003 1466 6487 6524 6525 6526 69139 69261
155634 0
123105 29 121964 122096 122097 122539 122736 123044 123104 123106 123142 123205 123209 123277 123284 123285 123286 123287 123288 123289 123598 123600 123602 123604 123605 123606 123607 123645 123660 123661 123662
123106 29 121964 122096 122097 122539 122736 123044 123104 123105 123142 123205 123209 123277 123284 123285 123286 123287 123288 123289 123598 123600 123602 123604 123605 123606 123607 123645 123660 123661 123662
144983 19 110820 117116 118323 118324 118325 132480 132574 144835 144984 144985 144986 145003 1466 6487 6524 6525 6526 69139 69261
144985 21 110820 117116 118323 118324 118325 132480 132574 144835 144983 144984 144986 144987 144988 145003 1466 6487 6524 6525 6526 69139 69261
144984 37 110820 117116 118323 118324 118325 132480 132574 142725 142726 144835 144983 144985 144986 144987 144988 144989 144990 144991 144992 144993 144994 144995 144996 144997 144998 144999 145000 145001 145002 145003 1466 6487 6524 6525 6526 69139 69261
144987 22 110820 117116 118323 118324 118325 132480 132574 144835 144984 144985 144986 144988 144989 144990 145003 1466 6487 6524 6525 6526 69139 69261
144986 22 110820 117116 118323 118324 118325 132480 132574 144835 144983 144984 144985 144987 144988 144989 145003 1466 6487 6524 6525 6526 69139 69261
65720 25 231480 235265 235482 235615 235616 235617 235618 235620 235622 235624 235625 235626 235627 235628 235630 235631 235632 235633 235634 235635 235636 235637 235638 235639 65727
144990 23 110820 117116 118323 118324 118325 132480 132574 144835 144984 144987 144988 144989 144991 144992 144993 145003 1466 6487 6524 6525 6526 69139 69261
65727 26 231480 235265 235395 235482 235615 235616 235617 235618 235620 235622 235624 235625 235626 235627 235628 235630 235631 235632 235633 235634 235635 235636 235637 235638 235639 65720
55642 0
123662 19 121964 122539 122736 123044 123104 123105 123106 123142 123205 123209 123277 123284 123285 123286 123287 123288 123289 123660 123661
127263 17 128677 128678 128679 128680 128681 128682 128683 128684 128685 136372 177813 177814 177816 177817 177818 177819 177820
57358 17 2264 2265 4526 57353 57354 57355 57356 57357 57359 57360 57361 57362 57363 57364 57365 57366 57367
57359 17 2264 2265 4526 57353 57354 57355 57356 57357 57358 57360 57361 57362 57363 57364 57365 57366 57367
20449 25 231480 235265 235482 235615 235616 235617 235618 235620 235622 235624 235625 235626 235627 235628 235630 235631 235632 235633 235634 235635 235636 235637 235638 235639 89971
57356 17 2264 2265 4526 57353 57354 57355 57357 57358 57359 57360 57361 57362 57363 57364 57365 57366 57367
57357 17 2264 2265 4526 57353 57354 57355 57356 57358 57359 57360 57361 57362 57363 57364 57365 57366 57367
57354 17 2264 2265 4526 57353 57355 57356 57357 57358 57359 57360 57361 57362 57363 57364 57365 57366 57367
57355 17 2264 2265 4526 57353 57354 57356 57357 57358 57359 57360 57361 57362 57363 57364 57365 57366 57367
144835 34 110820 117116 118323 118324 118325 142725 142726 144983 144984 144985 144986 144987 144988 144989 144990 144991 144992 144993 144994 144995 144996 144997 144998 144999 145000 145001 145002 145003 1466 6487 6524 6525 6526 69139
145003 37 110820 117116 118323 118324 118325 132480 132574 142725 142726 144835 144983 144984 144985 144986 144987 144988 144989 144990 144991 144992 144993 144994 144995 144996 144997 144998 144999 145000 145001 145002 1466 6487 6524 6525 6526 69139 69261
145002 20 110820 117116 118323 118324 118325 132480 132574 144835 144984 144999 145000 145001 145003 1466 6487 6524 6525 6526 69139 69261
57353 17 2264 2265 4526 57354 57355 57356 57357 57358 57359 57360 57361 57362 57363 57364 57365 57366 57367
69139 25 142725 142726 144835 144983 144984 144985 144986 144987 144988 144989 144990 144991 144992 144993 144994 144995 144996 144997 144998 144999 145000 145001 145002 145003 6487
57365 17 2264 2265 4526 57353 57354 57355 57356 57357 57358 57359 57360 57361 57362 57363 57364 57366 57367
57366 17 2264 2265 4526 57353 57354 57355 57356 57357 57358 57359 57360 57361 57362 57363 57364 57365 57367
57367 17 2264 2265 4526 57353 57354 57355 57356 57357 57358 57359 57360 57361 57362 57363 57364 57365 57366
152590 18 154462 154540 154847 154905 154995 155172 155536 155693 155793 155921 20857 20858 20859 20860 20861 20862 20863 20864
152079 22 231480 235615 235616 235617 235618 235620 235622 235624 235625 235626 235627 235628 235630 235631 235632 235633 235634 235635 235636 235637 235638 235639
235636 22 152079 20449 235265 235266 235394 235395 235461 235482 235615 235630 235633 235634 235635 235637 235638 235639 65720 65727 89971 89981 90707 91924
235635 23 152079 20449 235265 235266 235394 235395 235461 235482 235615 235627 235632 235633 235634 235636 235637 235638 235639 65720 65727 89971 89981 90707 91924
235638 20 152079 20449 235265 235266 235394 235395 235461 235482 235615 235631 235635 235636 235637 235639 65720 65727 89971 89981 90707 91924
235637 21 152079 20449 235265 235266 235394 235395 235461 235482 235615 235622 235634 235635 235636 235638 235639 65720 65727 89971 89981 90707 91924
235632 22 152079 20449 235265 235266 235394 235395 235461 235482 235615 235628 235630 235631 235633 235634 235635 235639 65720 65727 89971 89981 90707 91924
235631 22 152079 20449 235265 235266 235394 235395 235461 235482 235615 235628 235630 235632 235633 235634 235638 235639 65720 65727 89971 89981 90707 91924
235634 23 152079 20449 235265 235266 235394 235395 235461 235482 235615 235617 235631 235632 235633 235635 235636 235637 235639 65720 65727 89971 89981 90707 91924
235633 23 152079 20449 235265 235266 235394 235395 235461 235482 235615 235618 235630 235631 235632 235634 235635 235636 235639 65720 65727 89971 89981 90707 91924
177814 17 127263 128677 128678 128679 128680 128681 128682 128683 128684 128685 136372 177813 177816 177817 177818 177819 177820
57360 17 2264 2265 4526 57353 57354 57355 57356 57357 57358 57359 57361 57362 57363 57364 57365 57366 57367
177813 17 127263 128677 128678 128679 128680 128681 128682 128683 128684 128685 136372 177814 177816 177817 177818 177819 177820
177818 17 127263 128677 128678 128679 128680 128681 128682 128683 128684 128685 136372 177813 177814 177816 177817 177819 177820
57362 17 2264 2265 4526 57353 57354 57355 57356 57357 57358 57359 57360 57361 57363 57364 57365 57366 57367
235639 35 152079 20449 231480 235265 235266 235394 235395 235461 235482 235615 235616 235617 235618 235620 235622 235624 235625 235626 235627 235628 235630 235631 235632 235633 235634 235635 235636 235637 235638 65720 65727 89971 89981 90707 91924
177819 17 127263 128677 128678 128679 128680 128681 128682 128683 128684 128685 136372 177813 177814 177816 177817 177818 177820
57361 17 2264 2265 4526 57353 57354 57355 57356 57357 57358 57359 57360 57362 57363 57364 57365 57366 57367
57364 17 2264 2265 4526 57353 57354 57355 57356 57357 57358 57359 57360 57361 57362 57363 57365 57366 57367
177816 17 127263 128677 128678 128679 128680 128681 128682 128683 128684 128685 136372 177813 177814 177817 177818 177819 177820
177817 17 127263 128677 128678 128679 128680 128681 128682 128683 128684 128685 136372 177813 177814 177816 177818 177819 177820
57363 17 2264 2265 4526 57353 57354 57355 57356 57357 57358 57359 57360 57361 57362 57364 57365 57366 57367
244930 1 214827
235461 27 231480 235265 235266 235482 235615 235616 235617 235618 235620 235622 235624 235625 235626 235627 235628 235630 235631 235632 235633 235634 235635 235636 235637 235638 235639 90707 91924
1466 24 142725 142726 144835 144983 144984 144985 144986 144987 144988 144989 144990 144991 144992 144993 144994 144995 144996 144997 144998 144999 145000 145001 145002 145003
154540 19 152590 154462 154543 154847 154905 154995 155172 155536 155693 155793 155921 20857 20858 20859 20860 20861 20862 20863 20864
154543 18 153201 153460 153615 154155 154176 154197 154224 154464 154540 154849 154909 155004 155183 155545 155695 155818 155936 94148
128677 17 127263 128678 128679 128680 128681 128682 128683 128684 128685 136372 177813 177814 177816 177817 177818 177819 177820
173194 18 132592 146311 146312 146313 173115 173116 173121 173127 173128 173129 173130 173131 173133 173134 173148 173170 173171 173175
123142 29 121964 122096 122097 122539 122736 123044 123104 123105 123106 123205 123209 123277 123284 123285 123286 123287 123288 123289 123598 123600 123602 123604 123605 123606 123607 123645 123660 123661 123662
235265 34 20449 231480 235266 235394 235395 235461 235482 235615 235616 235617 235618 235620 235622 235624 235625 235626 235627 235628 235630 235631 235632 235633 235634 235635 235636 235637 235638 235639 65720 65727 89971 89981 90707 91924
6487 25 142725 142726 144835 144983 144984 144985 144986 144987 144988 144989 144990 144991 144992 144993 144994 144995 144996 144997 144998 144999 145000 145001 145002 145003 69139
235266 27 231480 235265 235461 235482 235615 235616 235617 235618 235620 235622 235624 235625 235626 235627 235628 235630 235631 235632 235633 235634 235635 235636 235637 235638 235639 90707 91924
235395 29 231480 235265 235394 235482 235615 235616 235617 235618 235620 235622 235624 235625 235626 235627 235628 235630 235631 235632 235633 235634 235635 235636 235637 235638 235639 65727 89971 89981 90707
235394 28 231480 235265 235395 235482 235615 235616 235617 235618 235620 235622 235624 235625 235626 235627 235628 235630 235631 235632 235633 235634 235635 235636 235637 235638 235639 89971 89981 90707
155782 17 153019 153420 153606 153626 154166 154187 154208 154398 154483 154678 154897 154973 155079 155528 155683 155876 155991
123205 21 121964 122096 122097 122539 122736 123044 123104 123105 123106 123142 123598 123600 123602 123604 123605 123606 123607 123645 123660 123661 123662
154208 17 153019 153420 153606 153626 154166 154187 154398 154483 154678 154897 154973 155079 155528 155683 155782 155876 155991
123209 21 121964 122096 122097 122539 122736 123044 123104 123105 123106 123142 123598 123600 123602 123604 123605 123606 123607 123645 123660 123661 123662
235617 20 152079 20449 235265 235266 235394 235395 235461 235482 235615 235616 235618 235620 235634 235639 65720 65727 89971 89981 90707 91924
235618 20 152079 20449 235265 235266 235394 235395 235461 235482 235615 235616 235617 235620 235633 235639 65720 65727 89971 89981 90707 91924
122097 18 121964 122096 122539 122736 123044 123104 123105 123106 123142 123205 123209 123277 123284 123285 123286 123287 123288 123289
20857 18 152590 154462 154540 154847 154905 154995 155172 155536 155693 155793 155921 20858 20859 20860 20861 20862 20863 20864
122096 18 121964 122097 122539 122736 123044 123104 123105 123106 123142 123205 123209 123277 123284 123285 123286 123287 123288 123289
20858 18 152590 154462 154540 154847 154905 154995 155172 155536 155693 155793 155921 20857 20859 20860 20861 20862 20863 20864
20859 18 152590 154462 154540 154847 154905 154995 155172 155536 155693 155793 155921 20857 20858 20860 20861 20862 20863 20864
247028 0
235615 35 152079 20449 231480 235265 235266 235394 235395 235461 235482 235616 235617 235618 235620 235622 235624 235625 235626 235627 235628 235630 235631 235632 235633 235634 235635 235636 235637 235638 235639 65720 65727 89971 89981 90707 91924
235616 19 152079 20449 235265 235266 235394 235395 235461 235482 235615 235617 235618 235624 235639 65720 65727 89971 89981 90707 91924
155793 18 152590 154462 154540 154847 154905 154995 155172 155536 155693 155921 20857 20858 20859 20860 20861 20862 20863 20864
235630 23 152079 20449 235265 235266 235394 235395 235461 235482 235615 235622 235627 235628 235631 235632 235633 235636 235639 65720 65727 89971 89981 90707 91924
153626 17 153019 153420 153606 154166 154187 154208 154398 154483 154678 154897 154973 155079 155528 155683 155782 155876 155991
89981 28 231480 235265 235394 235395 235482 235615 235616 235617 235618 235620 235622 235624 235625 235626 235627 235628 235630 235631 235632 235633 235634 235635 235636 235637 235638 235639 89971 90707
142725 18 110820 117116 118323 118324 118325 132480 132574 142726 144835 144984 145003 1466 6487 6524 6525 6526 69139 69261
2265 17 2264 4526 57353 57354 57355 57356 57357 57358 57359 57360 57361 57362 57363 57364 57365 57366 57367
2264 17 2265 4526 57353 57354 57355 57356 57357 57358 57359 57360 57361 57362 57363 57364 57365 57366 57367
154909 17 153201 153460 153615 154155 154176 154197 154224 154464 154543 154849 155004 155183 155545 155695 155818 155936 94148
161707 0
235482 34 20449 231480 235265 235266 235394 235395 235461 235615 235616 235617 235618 235620 235622 235624 235625 235626 235627 235628 235630 235631 235632 235633 235634 235635 235636 235637 235638 235639 65720 65727 89971 89981 90707 91924
142726 18 110820 117116 118323 118324 118325 132480 132574 142725 144835 144984 145003 1466 6487 6524 6525 6526 69139 69261
154905 18 152590 154462 154540 154847 154995 155172 155536 155693 155793 155921 20857 20858 20859 20860 20861 20862 20863 20864
235628 22 152079 20449 235265 235266 235394 235395 235461 235482 235615 235625 235626 235627 235630 235631 235632 235639 65720 65727 89971 89981 90707 91924
20864 18 152590 154462 154540 154847 154905 154995 155172 155536 155693 155793 155921 20857 20858 20859 20860 20861 20862 20863
235622 21 152079 20449 235265 235266 235394 235395 235461 235482 235615 235620 235624 235625 235630 235637 235639 65720 65727 89971 89981 90707 91924
235620 20 152079 20449 231480 235265 235266 235394 235395 235461 235482 235615 235617 235618 235622 235639 65720 65727 89971 89981 90707 91924
235626 20 152079 20449 235265 235266 235394 235395 235461 235482 235615 235624 235625 235627 235628 235639 65720 65727 89971 89981 90707 91924
20862 18 152590 154462 154540 154847 154905 154995 155172 155536 155693 155793 155921 20857 20858 20859 20860 20861 20863 20864
235627 22 152079 20449 235265 235266 235394 235395 235461 235482 235615 235624 235625 235626 235628 235630 235635 235639 65720 65727 89971 89981 90707 91924
20863 18 152590 154462 154540 154847 154905 154995 155172 155536 155693 155793 155921 20857 20858 20859 20860 20861 20862 20864
235624 21 152079 20449 235265 235266 235394 235395 235461 235482 235615 235616 235622 235625 235626 235627 235639 65720 65727 89971 89981 90707 91924
20860 18 152590 154462 154540 154847 154905 154995 155172 155536 155693 155793 155921 20857 20858 20859 20861 20862 20863 20864
235625 21 152079 20449 235265 235266 235394 235395 235461 235482 235615 235622 235624 235626 235627 235628 235639 65720 65727 89971 89981 90707 91924
20861 18 152590 154462 154540 154847 154905 154995 155172 155536 155693 155793 155921 20857 20858 20859 20860 20862 20863 20864
89971 29 20449 231480 235265 235394 235395 235482 235615 235616 235617 235618 235620 235622 235624 235625 235626 235627 235628 235630 235631 235632 235633 235634 235635 235636 235637 235638 235639 89981 90707
145001 21 110820 117116 118323 118324 118325 132480 132574 144835 144984 144998 144999 145000 145002 145003 1466 6487 6524 6525 6526 69139 69261
145000 22 110820 117116 118323 118324 118325 132480 132574 144835 144984 144997 144998 144999 145001 145002 145003 1466 6487 6524 6525 6526 69139 69261
118325 26 118323 118324 142725 142726 144835 144983 144984 144985 144986 144987 144988 144989 144990 144991 144992 144993 144994 144995 144996 144997 144998 144999 145000 145001 145002 145003
154224 17 153201 153460 153615 154155 154176 154197 154464 154543 154849 154909 155004 155183 155545 155695 155818 155936 94148
118323 26 118324 118325 142725 142726 144835 144983 144984 144985 144986 144987 144988 144989 144990 144991 144992 144993 144994 144995 144996 144997 144998 144999 145000 145001 145002 145003
118324 26 118323 118325 142725 142726 144835 144983 144984 144985 144986 144987 144988 144989 144990 144991 144992 144993 144994 144995 144996 144997 144998 144999 145000 145001 145002 145003
110820 24 142725 142726 144835 144983 144984 144985 144986 144987 144988 144989 144990 144991 144992 144993 144994 144995 144996 144997 144998 144999 145000 145001 145002 145003
4526 17 2264 2265 57353 57354 57355 57356 57357 57358 57359 57360 57361 57362 57363 57364 57365 57366 57367
123598 18 121964 122539 122736 123044 123104 123105 123106 123142 123205 123209 123277 123284 123285 123286 123287 123288 123289 123600
102670 0
154176 17 153201 153460 153615 154155 154197 154224 154464 154543 154849 154909 155004 155183 155545 155695 155818 155936 94148
46208 2 46205 46206
46204 3 46201 46205 46206
179882 17 179871 179872 179873 179874 179875 179876 179877 179878 179879 179880 179883 179884 179885 179886 179887 179890 179891
46205 4 46201 46204 46206 46208
46206 3 46204 46205 46208
179880 17 179871 179872 179873 179874 179875 179876 179877 179878 179879 179882 179883 179884 179885 179886 179887 179890 179891
46201 2 46204 46205
179879 17 179871 179872 179873 179874 179875 179876 179877 179878 179880 179882 179883 179884 179885 179886 179887 179890 179891
179878 17 179871 179872 179873 179874 179875 179876 179877 179879 179880 179882 179883 179884 179885 179886 179887 179890 179891
153606 17 153019 153420 153626 154166 154187 154208 154398 154483 154678 154897 154973 155079 155528 155683 155782 155876 155991
179877 17 179871 179872 179873 179874 179875 179876 179878 179879 179880 179882 179883 179884 179885 179886 179887 179890 179891
179876 17 179871 179872 179873 179874 179875 179877 179878 179879 179880 179882 179883 179884 179885 179886 179887 179890 179891
90707 30 231480 235265 235266 235394 235395 235461 235482 235615 235616 235617 235618 235620 235622 235624 235625 235626 235627 235628 235630 235631 235632 235633 235634 235635 235636 235637 235638 235639 89971 89981
179875 17 179871 179872 179873 179874 179876 179877 179878 179879 179880 179882 179883 179884 179885 179886 179887 179890 179891
155183 17 153201 153460 153615 154155 154176 154197 154224 154464 154543 154849 154909 155004 155545 155695 155818 155936 94148
179874 17 179871 179872 179873 179875 179876 179877 179878 179879 179880 179882 179883 179884 179885 179886 179887 179890 179891
179873 17 179871 179872 179874 179875 179876 179877 179878 179879 179880 179882 179883 179884 179885 179886 179887 179890 179891
179872 17 179871 179873 179874 179875 179876 179877 179878 179879 179880 179882 179883 179884 179885 179886 179887 179890 179891
173134 18 132592 146311 146312 146313 173115 173116 173121 173127 173128 173129 173130 173131 173133 173148 173170 173171 173175 173194
173133 18 132592 146311 146312 146313 173115 173116 173121 173127 173128 173129 173130 173131 173134 173148 173170 173171 173175 173194
173130 18 132592 146311 146312 146313 173115 173116 173121 173127 173128 173129 173131 173133 173134 173148 173170 173171 173175 173194
173131 18 132592 146311 146312 146313 173115 173116 173121 173127 173128 173129 173130 173133 173134 173148 173170 173171 173175 173194
122539 28 122096 122097 122736 123044 123104 123105 123106 123142 123205 123209 123277 123284 123285 123286 123287 123288 123289 123598 123600 123602 123604 123605 123606 123607 123645 123660 123661 123662
154187 17 153019 153420 153606 153626 154166 154208 154398 154483 154678 154897 154973 155079 155528 155683 155782 155876 155991
154897 17 153019 153420 153606 153626 154166 154187 154208 154398 154483 154678 154973 155079 155528 155683 155782 155876 155991
179871 17 179872 179873 179874 179875 179876 179877 179878 179879 179880 179882 179883 179884 179885 179886 179887 179890 179891
154995 19 152590 154462 154540 154847 154905 154973 155172 155536 155693 155793 155921 20857 20858 20859 20860 20861 20862 20863 20864
173129 18 132592 146311 146312 146313 173115 173116 173121 173127 173128 173130 173131 173133 173134 173148 173170 173171 173175 173194
153615 17 153201 153460 154155 154176 154197 154224 154464 154543 154849 154909 155004 155183 155545 155695 155818 155936 94148
173128 18 132592 146311 146312 146313 173115 173116 173121 173127 173129 173130 173131 173133 173134 173148 173170 173171 173175 173194
155172 18 152590 154462 154540 154847 154905 154995 155536 155693 155793 155921 20857 20858 20859 20860 20861 20862 20863 20864
173127 17 132592 146311 146313 173115 173116 173121 173128 173129 173130 173131 173133 173134 173148 173170 173171 173175 173194
122736 29 121964 122096 122097 122539 123044 123104 123105 123106 123142 123205 123209 123277 123284 123285 123286 123287 123288 123289 123598 123600 123602 123604 123605 123606 123607 123645 123660 123661 123662
173121 16 132592 146311 146313 173115 173127 173128 173129 173130 173131 173133 173134 173148 173170 173171 173175 173194
121964 28 122096 122097 122736 123044 123104 123105 123106 123142 123205 123209 123277 123284 123285 123286 123287 123288 123289 123598 123600 123602 123604 123605 123606 123607 123645 123660 123661 123662
154197 17 153201 153460 153615 154155 154176 154224 154464 154543 154849 154909 155004 155183 155545 155695 155818 155936 94148
155921 18 152590 154462 154540 154847 154905 154995 155172 155536 155693 155793 20857 20858 20859 20860 20861 20862 20863 20864
94148 17 153201 153460 153615 154155 154176 154197 154224 154464 154543 154849 154909 155004 155183 155545 155695 155818 155936
154155 17 153201 153460 153615 154176 154197 154224 154464 154543 154849 154909 155004 155183 155545 155695 155818 155936 94148
153201 17 153460 153615 154155 154176 154197 154224 154464 154543 154849 154909 155004 155183 155545 155695 155818 155936 94148
154483 17 153019 153420 153606 153626 154166 154187 154208 154398 154678 154897 154973 155079 155528 155683 155782 155876 155991
154678 17 153019 153420 153606 153626 154166 154187 154208 154398 154483 154897 154973 155079 155528 155683 155782 155876 155991
132480 23 142725 142726 144983 144984 144985 144986 144987 144988 144989 144990 144991 144992 144993 144994 144995 144996 144997 144998 144999 145000 145001 145002 145003
155695 18 153201 153460 153615 154155 154176 154197 154224 154464 154543 154849 154909 155004 155183 155545 155693 155818 155936 94148
173116 17 132592 146311 146312 146313 173115 173127 173128 173129 173130 173131 173133 173134 173148 173170 173171 173175 173194
173115 18 132592 146311 146312 146313 173116 173121 173127 173128 173129 173130 173131 173133 173134 173148 173170 173171 173175 173194
132574 23 142725 142726 144983 144984 144985 144986 144987 144988 144989 144990 144991 144992 144993 144994 144995 144996 144997 144998 144999 145000 145001 145002 145003
132592 18 146311 146312 146313 173115 173116 173121 173127 173128 173129 173130 173131 173133 173134 173148 173170 173171 173175 173194
123605 21 121964 122539 122736 123044 123104 123105 123106 123142 123205 123209 123277 123284 123285 123286 123287 123288 123289 123602 123604 123606 123607
123604 21 121964 122539 122736 123044 123104 123105 123106 123142 123205 123209 123277 123284 123285 123286 123287 123288 123289 123602 123605 123606 123607
123607 20 121964 122539 122736 123044 123104 123105 123106 123142 123205 123209 123277 123284 123285 123286 123287 123288 123289 123604 123605 123606
154166 17 153019 153420 153606 153626 154187 154208 154398 154483 154678 154897 154973 155079 155528 155683 155782 155876 155991
123606 20 121964 122539 122736 123044 123104 123105 123106 123142 123205 123209 123277 123284 123285 123286 123287 123288 123289 123604 123605 123607
74378 0
123600 19 121964 122539 122736 123044 123104 123105 123106 123142 123205 123209 123277 123284 123285 123286 123287 123288 123289 123598 123602
123602 20 121964 122539 122736 123044 123104 123105 123106 123142 123205 123209 123277 123284 123285 123286 123287 123288 123289 123600 123604 123605
155693 19 152590 154462 154540 154847 154905 154995 155172 155536 155695 155793 155921 20857 20858 20859 20860 20861 20862 20863 20864
155936 17 153201 153460 153615 154155 154176 154197 154224 154464 154543 154849 154909 155004 155183 155545 155695 155818 94148
155683 17 153019 153420 153606 153626 154166 154187 154208 154398 154483 154678 154897 154973 155079 155528 155782 155876 155991
155876 17 153019 153420 153606 153626 154166 154187 154208 154398 154483 154678 154897 154973 155079 155528 155683 155782 155991
123044 29 121964 122096 122097 122539 122736 123104 123105 123106 123142 123205 123209 123277 123284 123285 123286 123287 123288 123289 123598 123600 123602 123604 123605 123606 123607 123645 123660 123661 123662
155004 17 153201 153460 153615 154155 154176 154197 154224 154464 154543 154849 154909 155183 155545 155695 155818 155936 94148
153019 17 153420 153606 153626 154166 154187 154208 154398 154483 154678 154897 154973 155079 155528 155683 155782 155876 155991
231480 17 152079 20449 235265 235266 235394 235395 235461 235482 235615 235620 235639 65720 65727 89971 89981 90707 91924
155079 17 153019 153420 153606 153626 154166 154187 154208 154398 154483 154678 154897 154973 155528 155683 155782 155876 155991
123289 24 121964 122096 122097 122539 122736 123044 123104 123105 123106 123142 123286 123287 123288 123598 123600 123602 123604 123605 123606 123607 123645 123660 123661 123662
153420 17 153019 153606 153626 154166 154187 154208 154398 154483 154678 154897 154973 155079 155528 155683 155782 155876 155991
123288 25 121964 122096 122097 122539 122736 123044 123104 123105 123106 123142 123285 123286 123287 123289 123598 123600 123602 123604 123605 123606 123607 123645 123660 123661 123662
173175 18 132592 146311 146312 146313 173115 173116 173121 173127 173128 173129 173130 173131 173133 173134 173148 173170 173171 173194
155536 18 152590 154462 154540 154847 154905 154995 155172 155693 155793 155921 20857 20858 20859 20860 20861 20862 20863 20864
155991 17 153019 153420 153606 153626 154166 154187 154208 154398 154483 154678 154897 154973 155079 155528 155683 155782 155876
173171 18 132592 146311 146312 146313 173115 173116 173121 173127 173128 173129 173130 173131 173133 173134 173148 173170 173175 173194
173170 18 132592 146311 146312 146313 173115 173116 173121 173127 173128 173129 173130 173131 173133 173134 173148 173171 173175 173194
214827 1 244930
155818 17 153201 153460 153615 154155 154176 154197 154224 154464 154543 154849 154909 155004 155183 155545 155695 155936 94148
91924 26 231480 235265 235266 235461 235482 235615 235616 235617 235618 235620 235622 235624 235625 235626 235627 235628 235630 235631 235632 235633 235634 235635 235636 235637 235638 235639
154464 18 153201 153460 153615 154155 154176 154197 154224 154462 154543 154849 154909 155004 155183 155545 155695 155818 155936 94148
155528 17 153019 153420 153606 153626 154166 154187 154208 154398 154483 154678 154897 154973 155079 155683 155782 155876 155991
117116 24 142725 142726 144835 144983 144984 144985 144986 144987 144988 144989 144990 144991 144992 144993 144994 144995 144996 144997 144998 144999 145000 145001 145002 145003
154462 19 152590 154464 154540 154847 154905 154995 155172 155536 155693 155793 155921 20857 20858 20859 20860 20861 20862 20863 20864
154849 18 153201 153460 153615 154155 154176 154197 154224 154464 154543 154847 154909 155004 155183 155545 155695 155818 155936 94148
177820 17 127263 128677 128678 128679 128680 128681 128682 128683 128684 128685 136372 177813 177814 177816 177817 177818 177819
154847 19 152590 154462 154540 154849 154905 154995 155172 155536 155693 155793 155921 20857 20858 20859 20860 20861 20862 20863 20864
136372 17 127263 128677 128678 128679 128680 128681 128682 128683 128684 128685 177813 177814 177816 177817 177818 177819 177820
154398 17 153019 153420 153606 153626 154166 154187 154208 154483 154678 154897 154973 155079 155528 155683 155782 155876 155991
123661 19 121964 122539 122736 123044 123104 123105 123106 123142 123205 123209 123277 123284 123285 123286 123287 123288 123289 123660 123662
123660 19 121964 122539 122736 123044 123104 123105 123106 123142 123205 123209 123277 123284 123285 123286 123287 123288 123289 123661 123662
128679 17 127263 128677 128678 128680 128681 128682 128683 128684 128685 136372 177813 177814 177816 177817 177818 177819 177820
128678 17 127263 128677 128679 128680 128681 128682 128683 128684 128685 136372 177813 177814 177816 177817 177818 177819 177820
123645 17 121964 122539 122736 123044 123104 123105 123106 123142 123205 123209 123277 123284 123285 123286 123287 123288 123289
179891 17 179871 179872 179873 179874 179875 179876 179877 179878 179879 179880 179882 179883 179884 179885 179886 179887 179890
179890 17 179871 179872 179873 179874 179875 179876 179877 179878 179879 179880 179882 179883 179884 179885 179886 179887 179891
154973 18 153019 153420 153606 153626 154166 154187 154208 154398 154483 154678 154897 154995 155079 155528 155683 155782 155876 155991
6524 26 142725 142726 144835 144983 144984 144985 144986 144987 144988 144989 144990 144991 144992 144993 144994 144995 144996 144997 144998 144999 145000 145001 145002 145003 6525 6526
6525 26 142725 142726 144835 144983 144984 144985 144986 144987 144988 144989 144990 144991 144992 144993 144994 144995 144996 144997 144998 144999 145000 145001 145002 145003 6524 6526
6526 26 142725 142726 144835 144983 144984 144985 144986 144987 144988 144989 144990 144991 144992 144993 144994 144995 144996 144997 144998 144999 145000 145001 145002 145003 6524 6525
123286 26 121964 122096 122097 122539 122736 123044 123104 123105 123106 123142 123284 123285 123287 123288 123289 123598 123600 123602 123604 123605 123606 123607 123645 123660 123661 123662
123287 26 121964 122096 122097 122539 122736 123044 123104 123105 123106 123142 123284 123285 123286 123288 123289 123598 123600 123602 123604 123605 123606 123607 123645 123660 123661 123662
123284 24 121964 122096 122097 122539 122736 123044 123104 123105 123106 123142 123285 123286 123287 123598 123600 123602 123604 123605 123606 123607 123645 123660 123661 123662
123285 25 121964 122096 122097 122539 122736 123044 123104 123105 123106 123142 123284 123286 123287 123288 123598 123600 123602 123604 123605 123606 123607 123645 123660 123661 123662
153460 17 153201 153615 154155 154176 154197 154224 154464 154543 154849 154909 155004 155183 155545 155695 155818 155936 94148
144995 23 110820 117116 118323 118324 118325 132480 132574 144835 144984 144992 144993 144994 144996 144997 144998 145003 1466 6487 6524 6525 6526 69139 69261
144996 23 110820 117116 118323 118324 118325 132480 132574 144835 144984 144993 144994 144995 144997 144998 144999 145003 1466 6487 6524 6525 6526 69139 69261
144997 23 110820 117116 118323 118324 118325 132480 132574 144835 144984 144994 144995 144996 144998 144999 145000 145003 1466 6487 6524 6525 6526 69139 69261
123277 21 121964 122096 122097 122539 122736 123044 123104 123105 123106 123142 123598 123600 123602 123604 123605 123606 123607 123645 123660 123661 123662
144998 23 110820 117116 118323 118324 118325 132480 132574 144835 144984 144995 144996 144997 144999 145000 145001 145003 1466 6487 6524 6525 6526 69139 69261
155545 17 153201 153460 153615 154155 154176 154197 154224 154464 154543 154849 154909 155004 155183 155695 155818 155936 94148
144991 23 110820 117116 118323 118324 118325 132480 132574 144835 144984 144988 144989 144990 144992 144993 144994 145003 1466 6487 6524 6525 6526 69139 69261
146311 18 132592 146312 146313 173115 173116 173121 173127 173128 173129 173130 173131 173133 173134 173148 173170 173171 173175 173194
144992 23 110820 117116 118323 118324 118325 132480 132574 144835 144984 144989 144990 144991 144993 144994 144995 145003 1466 6487 6524 6525 6526 69139 69261
146312 16 132592 146311 146313 173115 173116 173128 173129 173130 173131 173133 173134 173148 173170 173171 173175 173194
144993 23 110820 117116 118323 118324 118325 132480 132574 144835 144984 144990 144991 144992 144994 144995 144996 145003 1466 6487 6524 6525 6526 69139 69261
146313 18 132592 146311 146312 173115 173116 173121 173127 173128 173129 173130 173131 173133 173134 173148 173170 173171 173175 173194
128680 17 127263 128677 128678 128679 128681 128682 128683 128684 128685 136372 177813 177814 177816 177817 177818 177819 177820
144994 23 110820 117116 118323 118324 118325 132480 132574 144835 144984 144991 144992 144993 144995 144996 144997 145003 1466 6487 6524 6525 6526 69139 69261
179883 17 179871 179872 179873 179874 179875 179876 179877 179878 179879 179880 179882 179884 179885 179886 179887 179890 179891
128681 17 127263 128677 128678 128679 128680 128682 128683 128684 128685 136372 177813 177814 177816 177817 177818 177819 177820
179884 17 179871 179872 179873 179874 179875 179876 179877 179878 179879 179880 179882 179883 179885 179886 179887 179890 179891
128682 17 127263 128677 128678 128679 128680 128681 128683 128684 128685 136372 177813 177814 177816 177817 177818 177819 177820
179885 17 179871 179872 179873 179874 179875 179876 179877 179878 179879 179880 179882 179883 179884 179886 179887 179890 179891
128683 17 127263 128677 128678 128679 128680 128681 128682 128684 128685 136372 177813 177814 177816 177817 177818 177819 177820
173148 18 132592 146311 146312 146313 173115 173116 173121 173127 173128 173129 173130 173131 173133 173134 173170 173171 173175 173194
179886 17 179871 179872 179873 179874 179875 179876 179877 179878 179879 179880 179882 179883 179884 179885 179887 179890 179891
128684 17 127263 128677 128678 128679 128680 128681 128682 128683 128685 136372 177813 177814 177816 177817 177818 177819 177820
179887 17 179871 179872 179873 179874 179875 179876 179877 179878 179879 179880 179882 179883 179884 179885 179886 179890 179891
128685 17 127263 128677 128678 128679 128680 128681 128682 128683 128684 136372 177813 177814 177816 177817 177818 177819 177820
144999 23 110820 117116 118323 118324 118325 132480 132574 144835 144984 144996 144997 144998 145000 145001 145002 145003 1466 6487 6524 6525 6526 69139 69261
69261 23 142725 142726 144983 144984 144985 144986 144987 144988 144989 144990 144991 144992 144993 144994 144995 144996 144997 144998 144999 145000 145001 145002 145003
