root 16
rep154540 55
155004 0
153019 0
20859 0
155793 0
154995 0
155693 0
155921 0
20864 0
20861 0
153606 0
154187 0
154462 0
155876 0
154905 0
155183 0
155545 0
155818 0
154678 0
155683 0
153460 0
154909 0
153420 0
154166 0
154464 0
153201 0
154224 0
155936 0
154973 0
155991 0
154540 0
155528 0
20862 0
153626 0
154483 0
155172 0
152590 0
20857 0
20860 0
155695 0
154155 0
20863 0
94148 0
154398 0
155782 0
155536 0
154543 0
20858 0
154197 0
153615 0
154849 0
154208 0
154897 0
155079 0
154176 0
154847 0
74378 0
55642 0
161707 0
rep179878 18
179878 0
179879 0
179876 0
179872 0
179885 0
179890 0
179887 0
179875 0
179884 0
179886 0
179891 0
179877 0
179883 0
179882 0
179873 0
179871 0
179874 0
179880 0
rep2265 18
57354 0
57357 0
57364 0
4526 0
57358 0
57367 0
57359 0
2265 0
57363 0
57353 0
57360 0
57362 0
57361 0
57365 0
57355 0
2264 0
57356 0
57366 0
rep132480 38
144983 0
144998 0
144835 0
6487 0
142725 0
118323 0
144988 0
145000 0
118325 0
144987 0
142726 0
144996 0
118324 0
132480 0
144991 0
144985 0
132574 0
69139 0
144994 0
144984 0
6526 0
144989 0
145002 0
6525 0
144995 0
117116 0
1466 0
144992 0
110820 0
144997 0
69261 0
6524 0
144999 0
144990 0
144993 0
144986 0
145003 0
145001 0
155634 0
rep173128 19
146312 0
173133 0
132592 0
173171 0
173128 0
173116 0
146313 0
173127 0
173170 0
173129 0
173121 0
173175 0
173131 0
173130 0
173194 0
173134 0
173148 0
173115 0
146311 0
rep214827 2
214827 0
244930 0
rep128682 18
128681 0
177820 0
177816 0
177818 0
128683 0
128677 0
177817 0
128682 0
177819 0
128680 0
128684 0
128679 0
127263 0
128678 0
128685 0
177813 0
177814 0
136372 0
rep235265 36
235635 0
20449 0
235620 0
65720 0
235627 0
235395 0
235628 0
235622 0
235634 0
235266 0
65727 0
235636 0
235630 0
235618 0
235615 0
235639 0
89971 0
235616 0
235632 0
235637 0
235265 0
89981 0
235482 0
235394 0
152079 0
235633 0
235631 0
235624 0
90707 0
91924 0
235638 0
235461 0
231480 0
235625 0
235626 0
235617 0
102670 0
247028 0
rep46206 5
46205 0
46206 0
46201 0
46208 0
46204 0
rep121964 30
123142 0
123600 0
123044 0
123285 0
123289 0
123106 0
123605 0
123205 0
122097 0
123661 0
123287 0
122096 0
123606 0
123598 0
123286 0
123284 0
122539 0
121964 0
123662 0
123604 0
122736 0
123104 0
123277 0
123645 0
123602 0
123660 0
123105 0
123209 0
123607 0
123288 0
