29506 0
29507 0
29508 0
29509 0
29502 0
29503 0
29504 0
52049 5 45540 52046 52048 52050 52052
29505 0
52047 7 52048 45540 52046 52049 52050 52051 52052
52048 7 52047 45540 52046 52049 52050 52051 52052
52046 7 45540 52047 52048 52049 52050 52051 52052
28834 5 52018 52019 52020 52021 52022
196039 7 26905 46746 183152 196025 196930 196931 198381
29501 0
29500 0
162626 10 18226 130598 162518 162519 162521 162522 162523 162524 162525 162630
29517 0
29515 0
244911 3 5448 16754 3154
29516 0
29513 0
29514 0
195316 5 3154 195314 195315 195317 195318
14284 6 175965 175966 175967 175968 175969 175970
195315 5 3154 195314 195316 195317 195318
22513 3 22506 6711 22482
195314 5 3154 195315 195316 195317 195318
195318 5 3154 195314 195315 195316 195317
195317 5 3154 195314 195315 195316 195318
4 0
29512 0
29511 0
29510 0
183152 0
22506 3 6711 22482 22513
52021 6 52018 52019 52020 52022 5349 28834
52022 6 52018 52019 52020 52021 5349 28834
52020 6 52018 52019 52021 52022 5349 28834
162630 10 18226 130517 130556 130598 130602 162626 212012 212122 213362 213372
174183 2 55998 55999
5349 6 52018 52019 52020 52021 52022 28834
6472 0
243888 13 176549 221902 217494 221903 217495 217496 217497 217498 217499 217500 217501 217620 217621
52018 6 52019 52020 52021 52022 5349 28834
52019 6 52018 52020 52021 52022 5349 28834
33577 6 244802 56106 244803 244804 244805 244806
173057 0
28860 0
173060 1 173057
196025 7 26905 46746 183152 196039 196930 196931 198381
217620 11 176549 217494 217495 217496 217497 217498 217499 217500 217501 217621 54723
217621 10 176549 217494 217495 217496 217497 217498 217499 217500 217501 217620
33583 1 1105
235396 0
218709 1 49532
41025 6 6190 1076 52918 5668 54413 243399
984 1 1405
63850 1 5151
218712 3 49532 218709 218710
218710 2 49532 218709
29540 0
53122 2 11973 30528
29541 0
2993 2 30 2994
2994 2 30 2993
247005 6 3483 103619 103620 215716 215717 215718
101560 2 101033 100492
10061 6 92391 228085 230091 230092 228088 227915
63443 0
979 2 127962 7583
58312 0
7583 8 7051 979 124400 127955 127956 127957 127958 127936
581 0
218718 9 49532 218709 218710 218712 218713 218714 218715 218716 218717
218717 8 49532 218709 218710 218712 218713 218714 218715 218716
218719 10 49532 218709 218710 218712 218713 218714 218715 218716 218717 218718
218714 5 49532 218709 218710 218712 218713
218713 4 49532 218709 218710 218712
218716 7 49532 218709 218710 218712 218713 218714 218715
218715 6 49532 218709 218710 218712 218713 218714
218720 11 49532 218709 218710 218712 218713 218714 218715 218716 218717 218718 218719
100774 8 7051 24023 67771 29858 134931 115099 79004 58481
584 0
123306 6 123305 123307 123308 123309 123310 123311
123305 6 123306 123307 123308 123309 123310 123311
966 0
29525 0
29524 0
195321 5 139098 33583 16802 195322 195323
29527 0
195322 5 139098 33583 16802 195321 195323
29526 0
135044 3 2808 78442 236854
195323 5 16802 33583 139098 195321 195322
29529 0
29528 0
123309 6 123305 123306 123307 123308 123310 123311
123308 6 123305 123306 123307 123309 123310 123311
123307 6 123305 123306 123308 123309 123310 123311
29520 0
29521 0
29522 0
29523 0
7569 6 1006 54726 6533 6561 6600 7678
1405 3 1006 1700 984
123311 6 123305 123306 123307 123308 123309 123310
123310 6 123305 123306 123307 123308 123309 123311
957 4 5043 57078 7317 91867
29538 0
29537 0
29536 0
29535 0
135030 7 1076 6190 15531 15537 57088 180226 180250
29539 0
29530 0
29533 0
29534 0
252464 4 243071 252735 252736 246348
84066 8 83952 83953 83954 83947 83948 83949 83950 84067
29531 0
84067 8 83952 83953 83954 83947 83948 83949 83950 84066
29532 0
63432 1 63431
63431 1 63432
39665 5 5237 5238 49051 6558 19273
210365 6 164926 210360 210361 210362 210363 210364
210364 6 164926 210360 210361 210362 210363 210365
153719 4 153671 153679 153687 153695
14206 0
125948 1 125630
125947 1 125630
131463 6 95847 131458 131459 131460 131461 131462
125946 1 125630
131461 6 95847 131458 131459 131460 131462 131463
125945 1 125630
131462 6 95847 131458 131459 131460 131461 131463
153711 5 153671 153679 153687 153695 153719
8292 2 84938 62253
213373 7 210983 212013 212123 213363 18226 213372 213374
213372 6 213374 162630 212012 212122 213362 213373
131458 6 95847 131459 131460 131461 131462 131463
131459 6 95847 131458 131460 131461 131462 131463
213374 7 213372 210984 212014 212124 213364 18226 213373
160908 14 7434 59376 59377 59378 1615 160889 160891 160893 160895 160897 161167 65958 65959 65960
131460 6 95847 131458 131459 131461 131462 131463
41041 7 6190 1076 52918 5668 54413 41025 243399
213362 9 213364 162630 212012 212122 213372 18226 130517 213361 213363
213361 7 213363 18226 130517 212121 212124 213362 213364
210362 6 164926 210360 210361 210363 210364 210365
210363 6 164926 210360 210361 210362 210364 210365
210360 6 164926 210361 210362 210363 210364 210365
213364 10 213362 210984 212014 212124 213374 18226 212121 212124 213361 213363
210361 6 164926 210360 210362 210363 210364 210365
213363 9 213361 210983 212013 213373 18226 212121 212124 213362 213364
66265 1 36352
70766 1 54359
35793 6 35789 35790 35791 35792 35794 87641
35792 6 87641 35789 35790 35791 35793 35794
35791 6 35789 35790 35792 35793 35794 87641
35790 6 35789 35791 35792 35793 35794 87641
53999 8 16754 54551 54553 54555 54564 54566 54566 54570
19590 1 4
2193 0
6068 1 3188
173066 6 160120 173067 173068 173451 173452 173453
173067 6 160120 173066 173068 173451 173452 173453
173068 6 160120 173066 173067 173451 173452 173453
35794 6 35789 35790 35791 35792 35793 87641
230267 5 74148 229093 229154 1399 229593
38189 8 14707 14577 14577 14707 14709 14710 34947 82410
113497 10 113320 113122 113153 113154 113336 113271 113258 113257 113231 87316
113492 10 113320 113122 113153 113154 113336 113271 113258 113257 113231 87316
233582 0
90677 7 78134 78135 78136 78139 78137 134754 134755
67771 3 7051 7051 24023
113498 10 113320 113122 113153 113154 113336 113271 113258 113257 113231 87316
125908 1 125630
125909 1 125630
75153 6 166912 166913 166914 166915 166916 166917
125904 1 125630
500 6 492 470 440 476 380 388
35789 6 35790 35791 35792 35793 35794 87641
236021 6 236020 236022 236023 236024 236025 236026
86764 0
8984 6 8980 8981 8982 8983 8985 54993
236022 6 236020 236021 236023 236024 236025 236026
8983 6 8980 8981 8982 8984 8985 54993
236020 6 236021 236022 236023 236024 236025 236026
8985 6 8980 8981 8982 8983 8984 54993
236025 6 236020 236021 236022 236023 236024 236026
230276 5 74148 229093 229154 1399 229593
8980 6 8981 8982 8983 8984 8985 54993
236026 6 236020 236021 236022 236023 236024 236025
236023 6 236020 236021 236022 236024 236025 236026
13589 5 7501 50542 50536 50548 50909
8982 6 8980 8981 8983 8984 8985 54993
236024 6 236020 236021 236022 236023 236025 236026
8981 6 8980 8982 8983 8984 8985 54993
100492 0
100080 0
113475 10 113122 113153 113154 113336 113320 113271 113258 113257 113231 87316
162609 0
52050 7 52049 45540 52046 52047 52048 52051 52052
52051 7 52052 45540 52046 52047 52048 52049 52050
52052 7 52051 45540 52046 52047 52048 52049 52050
153671 6 153679 153687 153695 91560 153711 153719
141215 0
153679 6 153671 153687 153695 91560 153711 153719
2426 1 1006
117158 6 113228 113229 117156 117226 201692 201693
214870 1 14206
117156 6 113228 113229 117158 117226 201692 201693
117151 6 115016 116459 116460 116461 116462 116463
72569 2 72572 72573
153695 6 153671 153679 153687 91560 153711 153719
25014 7 1405 2426 5190 5191 18901 25012 25013
25015 8 1405 2426 5190 5191 18901 25012 25013 25014
13609 3 1653 7583 7051
25013 7 1405 2426 5190 5191 18901 25012 25014
25012 7 1405 2426 5190 5191 18901 25013 25014
253554 0
125897 1 125630
189738 0
153687 6 153671 153679 153695 91560 153711 153719
189735 0
7051 1 7583
31007 6 30308 30341 30386 30567 31045 31298
255400 2 966 252652
125880 1 125630
116433 1 4
152760 0
92391 7 10061 228085 11371 230092 228088 230091 227915
125862 6 125860 125863 125864 125865 125861 125859
125863 6 125860 125862 125864 125865 125861 125859
125864 6 125860 125862 125863 125865 125861 125859
125865 6 125860 125862 125863 125864 125861 125859
4648 0
87522 0
125861 6 125860 125862 125863 125864 125865 125859
125860 6 125862 125863 125864 125865 125861 125859
198381 5 70 26905 183152 196930 196931
237602 2 237600 237601
237600 2 237601 237602
237601 2 237600 237602
125858 1 125630
125859 6 125860 125862 125863 125864 125865 125861
166913 6 75153 166912 166914 166915 166916 166917
166914 6 75153 166912 166913 166915 166916 166917
166912 6 75153 166913 166914 166915 166916 166917
166917 6 75153 166912 166913 166914 166915 166916
166915 6 75153 166912 166913 166914 166916 166917
166916 6 75153 166912 166913 166914 166915 166917
31045 6 30308 30341 30386 30567 31007 31298
173533 7 30514 30516 139571 139572 139573 139574 139575
212171 3 8683 2808 5117
50937 0
143815 6 143628 143629 143630 143816 143817 143818
246378 7 246377 237126 236854 246375 246380 246682 2808
135970 16 1605 50937 75737 90819 134787 134851 134852 135953 135954 135955 135956 135957 135958 135959 135968 135969
143816 6 143628 143629 143630 143815 143817 143818
143817 6 143628 143629 143630 143815 143816 143818
143818 6 143628 143629 143630 143815 143816 143817
1395 6 1394 1396 1397 1398 227715 227716
37004 1 36974
1396 6 1394 1395 1397 1398 227715 227716
37005 1 36974
37006 1 36974
198313 5 185643 185133 185143 185153 185163
1394 6 1395 1396 1397 1398 227715 227716
37007 1 36974
37008 8 37001 37002 37003 37004 37005 36974 37006 37007
135969 15 1605 50937 75737 90819 134787 134851 134852 135953 135954 135955 135956 135957 135958 135959 135968
246380 4 246376 246378 246682 2808
135968 15 1605 50937 75737 90819 134787 134851 134852 135953 135954 135955 135956 135957 135958 135959 135969
37001 1 36974
37003 1 36974
14710 7 14577 14577 14707 14709 34947 38189 82410
37002 1 36974
67499 0
135960 14 1605 50937 75737 90819 134787 134851 134852 135953 135954 135955 135956 135957 135958 135959
34182 0
246369 4 2808 246348 246370 246377
68094 6 68092 68093 95863 95864 95865 95866
68093 6 68092 68094 95863 95864 95865 95866
68092 7 2193 68093 68094 95863 95864 95865 95866
51018 6 204047 51264 51019 51020 204096 204097
51019 6 204047 51264 51018 51020 204096 204097
227906 8 230370 74148 229093 229154 1399 230267 230276 229593
187548 0
129469 3 129470 90468 129474
246376 4 246375 243071 246377 246380
84938 0
246377 10 246378 246348 246369 246370 246201 245703 246376 243071 246681 236854
246375 3 246376 245606 246378
246370 4 2808 246348 246369 246377
134851 5 1605 50937 75737 90819 134787
134852 6 1605 50937 75737 90819 134787 134851
122367 9 55105 55107 87903 74664 122368 122369 122370 122371 122372
51020 6 204047 51264 51018 51019 204096 204097
122368 9 55105 55107 87903 74664 122367 122369 122370 122371 122372
122369 8 55105 55107 87903 74664 122367 122370 122371 122372
36740 0
129477 5 129470 129471 129473 129478 129469
129478 5 129470 129471 129473 129477 129469
129473 5 129470 129471 129477 129478 129469
129474 1 90468
122370 9 55105 55107 87903 74664 122367 122368 122369 122371 122372
156022 7 112509 112510 112511 156023 156024 156025 112509
129470 7 129471 129473 129477 129478 129469 90468 129474
156023 7 112509 112510 112511 156022 156024 156025 156024
129471 5 129470 129473 129477 129478 129469
227915 6 92391 228085 230092 230091 228088 10061
211013 1 211014
211014 1 211013
122372 9 55105 55107 87903 74664 122367 122368 122369 122370 122371
122371 9 55105 55107 87903 74664 122367 122368 122369 122370 122372
50909 5 7501 13589 50542 50536 50548
245702 7 245701 14580 91242 91225 237126 245703 245704
156025 6 112509 112510 112511 156022 156023 156024
245703 12 245704 2808 14580 91225 91230 91242 91202 91204 245701 245702 245821 245822
156024 7 112509 112510 112511 156022 156023 156025 156023
245701 6 245702 14580 91242 91225 245703 245704
245704 10 245703 2808 14580 91225 91230 91242 245701 245822 91203 91205
1398 6 1394 1395 1396 1397 227715 227716
1397 6 1394 1395 1396 1398 227715 227716
1399 8 26810 26811 26812 26813 26814 26815 26816 8619
593 0
91230 6 91204 91205 245701 245702 245703 245704
115258 0
211861 7 26812 98859 211858 211859 211860 211862 211863
211860 7 26811 98859 211858 211859 211861 211862 211863
211863 7 26814 98859 211858 211859 211860 211861 211862
211862 7 26813 98859 211858 211859 211860 211861 211863
191973 1 127730
209655 1 209918
7501 5 13589 50542 50548 50536 50909
246720 3 8619 1399 2266
218395 1 1653
8585 1 16957
8586 0
91225 2 91203 91205
134898 8 134890 134891 134892 134893 134894 134895 134896 134897
134897 7 134890 134891 134892 134893 134894 134895 134896
134899 9 134890 134891 134892 134893 134894 134895 134896 134897 134898
134894 4 134890 134891 134892 134893
134893 3 134890 134891 134892
134896 6 134890 134891 134892 134893 134894 134895
134895 5 134890 134891 134892 134893 134894
211859 7 26810 98859 211858 211860 211861 211862 211863
211858 7 1399 98859 211859 211860 211861 211862 211863
72572 2 72569 72573
72573 2 72569 72572
134891 1 134890
134892 2 134890 134891
134890 0
185304 0
91205 9 91204 91203 245704 245821 14580 49084 91225 91230 91242
185318 4 185315 185316 185317 185319
246348 4 2808 246369 246370 246377
91204 9 91205 91202 245703 245822 14580 18252 91225 91230 91242
185319 4 185315 185316 185317 185318
91203 8 91202 91205 8683 14580 49084 91225 245703 245704
91202 6 91203 91204 8683 14580 49084 245703
185315 4 185316 185317 185318 185319
185316 4 185315 185317 185318 185319
185317 4 185315 185316 185318 185319
14707 9 14577 38189 14577 14709 14710 34947 38189 82410 220466
135953 11 1605 50937 75737 90819 134787 134851 134852 135954 135955 135956 135957
135954 11 1605 50937 75737 90819 134787 134851 134852 135953 135955 135956 135957
135955 11 1605 50937 75737 90819 134787 134851 134852 135953 135954 135956 135957
135956 11 1605 50937 75737 90819 134787 134851 134852 135953 135954 135955 135957
77293 1 77294
77294 1 77293
14709 7 14577 14577 14707 14710 34947 38189 82410
135957 6 135958 1605 50937 75737 134787 134852
135958 5 135959 50937 75737 90819 135957
135959 6 50937 75737 134852 135953 135956 135958
244806 6 244802 56106 244803 244804 244805 33577
244802 5 56106 244803 244804 244805 244806
244803 6 244802 56106 244804 244805 244806 33577
244804 6 244802 56106 244803 244805 244806 33577
244805 6 244802 56106 244803 244804 244806 33577
1317 1 215
162518 11 18226 130517 130556 130598 130602 162519 162521 162522 162523 162524 162525
71793 0
202059 6 7051 202058 202060 202061 202062 7317
16802 4 16742 16754 1105 139098
162519 11 18226 130517 130556 130598 130602 162518 162521 162522 162523 162524 162525
202062 6 7051 202058 202059 202060 202061 7317
14580 3 91225 91202 91242
91242 1 14580
74683 1 74684
109626 11 83952 83953 83954 83947 83948 83949 83950 84066 84067 111603 111604
202060 6 7051 202058 202059 202061 202062 7317
74684 1 74683
202061 6 7051 202058 202059 202060 202062 7317
74680 6 82336 82350 74684 74679 72796 19590
162521 9 18226 130517 130556 130598 130602 162522 162523 162524 162525
162523 9 18226 130517 130556 130598 130602 162521 162522 162524 162525
169 5 272 7778 7830 8785 8791
162522 9 18226 130517 130556 130598 130602 162521 162523 162524 162525
162525 9 18226 130517 130556 130598 130602 162521 162522 162523 162524
162524 9 18226 130517 130556 130598 130602 162521 162522 162523 162525
14577 9 14707 14709 14710 34947 38189 82410 38189 220466 82410
113320 3 113122 113153 113154
202058 6 7051 202059 202060 202061 202062 7317
107364 5 3592 3591 3594 3595 107326
404 2 50803 1105
74679 6 82335 82349 74683 74680 72796 19590
33157 3 92482 4793 93682
202827 6 202828 202829 202831 202833 202835 202836
202828 6 202827 202829 202831 202833 202835 202836
202829 6 202827 202828 202831 202833 202835 202836
113331 6 111146 113326 113327 113328 113329 113330
113330 6 111146 113326 113327 113328 113329 113331
113328 6 111146 113326 113327 113329 113330 113331
417 5 294 335 391 428 255965
113329 6 111146 113326 113327 113328 113330 113331
113326 6 111146 113327 113328 113329 113330 113331
113327 6 111146 113326 113328 113329 113330 113331
30341 6 30308 30386 30567 31007 31045 31298
52548 9 7051 24023 67771 29858 134931 115099 100774 79004 58481
1700 5 1263 1405 984 5043 91867
58481 8 7051 24023 67771 29858 134931 115099 100774 79004
202839 6 202838 202840 202841 202842 202843 202844
202838 6 202839 202840 202841 202842 202843 202844
202831 6 202827 202828 202829 202833 202835 202836
202835 6 202827 202828 202829 202831 202833 202836
202836 6 202827 202828 202829 202831 202833 202835
202833 6 202827 202828 202829 202831 202835 202836
428 5 294 335 391 417 255965
113336 3 113122 113153 113154
5237 5 5238 49051 6558 19273 39665
5238 5 5237 49051 6558 19273 39665
202844 6 202838 202839 202840 202841 202842 202843
202841 6 202838 202839 202840 202842 202843 202844
202840 6 202838 202839 202841 202842 202843 202844
202843 6 202838 202839 202840 202841 202842 202844
202842 6 202838 202839 202840 202841 202843 202844
53226 1 53224
185153 5 198313 185643 185133 185143 185163
53224 1 53226
79752 6 79750 79751 79753 79754 79755 79756
14538 4 104338 153069 153070 54543
79753 6 79750 79751 79752 79754 79755 79756
79750 6 79751 79752 79753 79754 79755 79756
79751 6 79750 79752 79753 79754 79755 79756
79756 6 79750 79751 79752 79753 79754 79755
79754 6 79750 79751 79752 79753 79755 79756
79755 6 79750 79751 79752 79753 79754 79756
61932 0
61934 0
61933 0
440 6 500 470 492 476 380 388
442 1 225816
185143 5 198313 185643 185133 185153 185163
52918 4 6190 1076 5668 243399
195601 6 195599 195600 195582 195596 195597 195598
195600 6 195599 195601 195582 195596 195597 195598
228525 1 228351
61941 0
61940 0
8619 1 1399
61945 0
61944 0
61943 0
61942 0
61937 0
61938 0
61935 0
61936 0
74664 7 55105 55106 55107 87903 55105 55106 55107
61939 0
30386 6 30308 30341 30567 31007 31045 31298
185133 5 198313 185643 185143 185153 185163
53250 6 25 53251 53252 53253 53254 53255
61950 0
61952 0
61951 0
61953 0
46746 0
61956 0
61946 0
61947 0
61948 0
127488 4 442 36740 134372 134373
61949 0
74148 0
53255 6 25 53250 53251 53252 53253 53254
53254 6 25 53250 53251 53252 53253 53255
53253 6 25 53250 53251 53252 53254 53255
53252 6 25 53250 53251 53253 53254 53255
53251 6 25 53250 53252 53253 53254 53255
53268 6 53269 53270 53271 53272 53273 53274
53269 6 53268 53270 53271 53272 53273 53274
236854 3 135044 135044 2808
28391 1 196
29858 3 7051 24023 67771
2295 2 2294 2296
2296 4 2294 2295 235535 235536
2293 1 2294
2294 3 2295 2296 2293
53273 6 53268 53269 53270 53271 53272 53274
127955 5 979 124400 126614 127956 127957
53274 6 53268 53269 53270 53271 53272 53273
58027 5 55573 100398 110020 112286 112287
127958 6 979 124400 126614 127955 127957 127936
60982 6 60978 60980 61470 61479 61870 61882
127957 5 979 124400 126614 127955 127956
127956 5 979 124400 126614 127955 127957
60980 6 60978 60982 61470 61479 61870 61882
54726 6 1006 6533 6561 6600 7569 7678
54723 0
201818 0
53270 6 53268 53269 53271 53272 53273 53274
244894 0
127962 8 979 124400 126614 127955 127956 127957 127958 127936
60978 6 60980 60982 61470 61479 61870 61882
53272 6 53268 53269 53270 53271 53273 53274
126433 1 90468
53271 6 53268 53269 53270 53272 53273 53274
240862 7 240863 240864 240865 240866 240867 240573 240579
240863 7 240862 240864 240865 240866 240867 240573 240579
244360 3 244361 244362 244363
244362 3 244360 244361 244363
96573 6 96574 96575 96576 96577 96578 96581
127964 9 127962 979 124400 126614 127955 127956 127957 127958 127936
244361 3 244360 244362 244363
96574 6 96573 96575 96576 96577 96578 96581
127963 9 127962 979 124400 126614 127955 127956 127957 127958 127936
96575 6 96573 96574 96576 96577 96578 96581
244363 3 244360 244361 244362
96576 6 96573 96574 96575 96577 96578 96581
127965 11 127962 127963 127964 979 124400 126614 127955 127956 127957 127958 127936
96577 6 96573 96574 96575 96576 96578 96581
116463 6 115016 116459 116460 116461 116462 117151
96578 6 96573 96574 96575 96576 96577 96581
2266 0
116462 6 115016 116459 116460 116461 116463 117151
22482 3 22506 6711 22513
116461 6 115016 116459 116460 116462 116463 117151
116460 6 115016 116459 116461 116462 116463 117151
240866 7 240862 240863 240864 240865 240867 240573 240579
240867 7 240862 240863 240864 240865 240866 240573 240579
240864 7 240862 240863 240865 240866 240867 240573 240579
240865 7 240862 240863 240864 240866 240867 240573 240579
116459 6 115016 116460 116461 116462 116463 117151
101231 0
96581 6 96573 96574 96575 96576 96577 96578
185163 5 198313 185643 185133 185143 185153
112287 5 55573 58027 100398 110020 112286
24023 2 13609 7051
112286 5 55573 58027 100398 110020 112287
32527 0
196 1 28391
80879 8 80876 80877 80878 80880 80881 80882 80876 80876
80878 6 80876 80877 80879 80880 80881 80882
80877 6 80876 80878 80879 80880 80881 80882
80882 10 80876 80877 80878 80879 80880 80881 80879 80876 80879 80876
80880 6 80876 80877 80878 80879 80881 80882
80881 6 80876 80877 80878 80879 80880 80882
193457 5 792 178715 193286 193455 193456
193456 5 792 178715 193286 193455 193457
2808 1 18252
193455 5 792 178715 193286 193456 193457
107326 4 3592 3591 3594 3595
92300 6 92299 92301 89989 90768 90769 90770
92301 6 92299 92300 89989 90768 90769 90770
80876 6 80877 80878 80879 80880 80881 80882
28377 7 294 258341 258342 258343 258344 258345 258346
244319 5 245609 245610 245606 236854 243347
111862 1 23961
6711 3 22506 22482 22513
127936 12 127962 127963 127964 127965 979 124400 126614 127955 127956 127957 127958 7583
132031 0
256890 8 8292 257180 257609 257610 257612 257616 257617 257618
72856 4 72827 72850 79955 80014
72850 4 72827 72856 79955 80014
11973 2 30528 53122
240576 6 240573 240574 240575 240577 240578 240579
240577 6 240573 240574 240575 240576 240578 240579
240574 6 240573 240575 240576 240577 240578 240579
240575 6 240573 240574 240576 240577 240578 240579
246201 6 246202 245701 246161 6068 246163 91225
240573 6 240574 240575 240576 240577 240578 240579
152828 2 152198 152815
211394 1 1105
240578 6 240573 240574 240575 240576 240577 240579
82349 6 82350 74679 74680 82335 82336 19590
240579 6 240573 240574 240575 240576 240577 240578
89859 3 89863 89854 89850
186754 7 186755 186755 186756 186757 186758 186759 186760
89857 4 89855 74679 89862 89851
89850 3 89859 89863 89854
89851 4 89853 89850 72796 89857
186759 6 186754 186755 186756 186757 186758 186760
89854 3 89859 89863 89850
186757 6 186754 186755 186756 186758 186759 186760
89855 4 89857 89860 74680 89853
186758 6 186754 186755 186756 186757 186759 186760
186755 6 186754 186756 186757 186758 186759 186760
89853 4 89851 72796 89850 89855
186756 6 186754 186755 186757 186758 186759 186760
82335 6 82336 74679 74680 82349 82350 19590
25 6 53250 53251 53252 53253 53254 53255
82336 6 82335 74679 74680 82349 82350 19590
95847 0
173451 6 160120 173066 173067 173068 173452 173453
230370 5 1399 230267 230276 74148 229093
28310 0
30 2 2993 2994
173452 5 173066 173067 173068 173451 173453
186760 6 186754 186755 186756 186757 186758 186759
152815 1 152198
173453 5 173066 173067 173068 173451 173452
134900 10 134890 134891 134892 134893 134894 134895 134896 134897 134898 134899
134905 6 134890 134891 134892 134902 134903 134904
87609 6 86920 87604 87605 87606 87607 87608
134906 7 134890 134891 134892 134902 134903 134904 134905
134907 8 134890 134891 134892 134902 134903 134904 134905 134906
134908 9 134890 134891 134892 134902 134903 134904 134905 134906 134907
134901 11 134890 134891 134892 134893 134894 134895 134896 134897 134898 134899 134900
14 0
134902 12 134890 134891 134892 134893 134894 134895 134896 134897 134898 134899 134900 134901
134903 4 134890 134891 134892 134902
134904 5 134890 134891 134892 134902 134903
152849 10 152198 152815 152828 152830 152831 152844 152845 152846 152847 152848
152848 9 152198 152815 152828 152830 152831 152844 152845 152846 152847
167708 6 167709 167774 167775 167778 167779 167780
152847 8 152198 152815 152828 152830 152831 152844 152845 152846
167709 6 167708 167774 167775 167778 167779 167780
152846 7 152198 152815 152828 152830 152831 152844 152845
152845 6 152198 152815 152828 152830 152831 152844
134909 8 134892 134902 134903 134904 134905 134906 134907 134908
152844 5 152198 152815 152828 152830 152831
82350 6 82349 74679 74680 82335 82336 19590
65959 3 1615 7434 65958
65958 4 1615 7434 65959 65960
95866 6 68092 68093 68094 95863 95864 95865
95863 6 68092 68093 68094 95864 95865 95866
95864 6 68092 68093 68094 95863 95865 95866
95865 6 68092 68093 68094 95863 95864 95866
87604 6 86920 87605 87606 87607 87608 87609
92229 0
87607 6 86920 87604 87605 87606 87608 87609
87608 6 86920 87604 87605 87606 87607 87609
152831 4 152198 152815 152828 152830
87605 6 86920 87604 87606 87607 87608 87609
87606 6 86920 87604 87605 87607 87608 87609
89863 3 89859 89850 89854
152830 3 152198 152815 152828
243347 3 5117 236854 237126
7191 6 134786 45479 97340 35099 7246 107080
89860 6 89862 89855 89851 74680 89862 19590
89862 6 89860 89853 89857 74679 89860 19590
124292 7 55105 55106 55107 74664 124293 124294 124295
65960 4 1615 7434 65959 65958
124293 7 55105 55106 55107 74664 124292 124294 124295
124294 7 55105 55106 55107 74664 124292 124293 124295
54359 0
124295 7 55105 55106 55107 74664 124292 124293 124294
130249 2 130250 130253
65197 6 65191 65192 65193 65194 65195 65196
243399 7 6190 1076 52918 5668 54413 41025 41041
130250 3 130252 130249 130253
65193 6 65191 65192 65194 65195 65196 65197
54760 5 66 37233 218553 218554 218555
65194 6 65191 65192 65193 65195 65196 65197
65195 6 65191 65192 65193 65194 65196 65197
65196 6 65191 65192 65193 65194 65195 65197
23961 1 111862
65191 6 65192 65193 65194 65195 65196 65197
65192 6 65191 65193 65194 65195 65196 65197
2384 0
66 5 54760 37233 218553 218554 218555
134913 12 134892 134902 134903 134904 134905 134906 134907 134908 134909 134910 134911 134912
134912 11 134892 134902 134903 134904 134905 134906 134907 134908 134909 134910 134911
249930 6 249926 249927 249928 249929 249931 249932
83948 6 83952 83953 83954 83947 83949 83950
134911 10 134892 134902 134903 134904 134905 134906 134907 134908 134909 134910
83949 6 83952 83953 83954 83947 83948 83950
134910 9 134892 134902 134903 134904 134905 134906 134907 134908 134909
83947 6 83952 83953 83954 83948 83949 83950
249927 6 249926 249928 249929 249930 249931 249932
83954 2 83952 83953
249926 6 249927 249928 249929 249930 249931 249932
83953 2 83952 83954
83952 2 83953 83954
83950 7 83952 83953 83954 83952 83947 83948 83949
152851 11 152198 152815 152828 152830 152831 152844 152845 152846 152847 152848 152849
70 2 26905 28310
249929 6 249926 249927 249928 249930 249931 249932
249928 6 249926 249927 249929 249930 249931 249932
58 0
144828 6 52714 52714 221954 52734 221953 221955
249932 6 249926 249927 249928 249929 249930 249931
249931 6 249926 249927 249928 249929 249930 249932
99173 2 4 8586
130254 4 130253 130249 130250 130252
130253 3 130254 130249 130250
130252 3 130249 130253 130254
134931 4 7051 24023 67771 29858
87641 6 35789 35790 35791 35792 35793 35794
29455 0
29454 0
29457 0
29456 0
29451 0
29450 0
29453 0
29452 0
122245 6 80070 122229 122232 122235 122239 122242
182276 0
221217 2 211394 1105
29458 0
221216 2 211394 1105
29459 0
16754 3 1263 16742 16802
246681 4 246682 246377 245821 78442
246682 7 246681 246376 246378 243071 246380 2808 78442
122232 6 80070 122229 122235 122239 122242 122245
476 6 500 470 440 492 380 388
122235 6 80070 122229 122232 122239 122242 122245
245821 6 245822 91205 245703 49084 78442 18252
8683 0
245822 6 245821 91204 245704 49084 78442 18252
122239 6 80070 122229 122232 122235 122242 122245
470 6 500 492 440 476 380 388
122242 6 80070 122229 122232 122235 122239 122245
141189 0
92299 6 92301 92300 89989 90768 90769 90770
29449 0
29448 0
29473 0
29472 0
29475 0
29474 0
62994 4 2293 2294 2295 2296
29477 0
29476 0
7830 5 169 272 7778 8785 8791
29479 0
122229 6 80070 122232 122235 122239 122242 122245
141181 0
156165 1 156167
61870 6 60978 60980 60982 61470 61479 61882
90083 0
90085 0
141178 0
29464 0
29463 0
1263 1 84938
29462 0
29461 0
29468 0
111146 7 84938 113326 113327 113328 113329 113330 113331
29467 0
61479 6 60978 60980 60982 61470 61870 61882
29466 0
29465 0
156167 1 156165
29460 0
61470 6 60978 60980 60982 61479 61870 61882
45540 7 52046 52047 52048 52049 52050 52051 52052
108993 6 108990 108991 108992 108994 108995 108996
492 6 500 470 440 476 380 388
108994 6 108990 108991 108992 108993 108995 108996
108991 6 108990 108992 108993 108994 108995 108996
108992 6 108990 108991 108993 108994 108995 108996
7434 5 59379 59380 59376 59377 59378
108995 6 108990 108991 108992 108993 108994 108996
108996 6 108990 108991 108992 108993 108994 108995
16742 4 1105 16754 16802 254963
29469 0
108990 6 108991 108992 108993 108994 108995 108996
29490 0
29491 0
156922 6 340 156923 156924 156920 156919 142963
29492 0
29493 0
156920 6 142963 156919 340 156922 156923 156924
163284 4 584 163282 163283 163285
163285 4 584 163282 163283 163284
29498 0
114769 8 114761 114762 114763 114764 114765 114766 114767 114768
29499 0
114767 6 114761 114762 114763 114764 114765 114766
114768 7 114761 114762 114763 114764 114765 114766 114767
114765 4 114761 114762 114763 114764
114766 5 114761 114762 114763 114764 114765
29496 0
51731 0
114763 2 114761 114762
156923 6 340 156922 156924 156920 156919 142963
29497 0
114764 3 114761 114762 114763
156924 6 340 156922 156923 156920 156919 142963
114773 12 114761 114762 114763 114764 114765 114766 114767 114768 114769 114770 114771 114772
141158 0
114772 11 114761 114762 114763 114764 114765 114766 114767 114768 114769 114770 114771
114771 10 114761 114762 114763 114764 114765 114766 114767 114768 114769 114770
114770 9 114761 114762 114763 114764 114765 114766 114767 114768 114769
62255 3 8292 62253 62254
62253 3 8292 62254 62255
62254 3 8292 62253 62255
29482 0
167775 9 167708 167709 167774 167708 167709 167774 167778 167779 167780
29480 0
167774 8 167708 167709 167708 167709 167775 167778 167779 167780
237126 0
69440 0
69442 0
167779 11 167708 167709 167774 167775 167778 167708 167709 167774 167775 167778 167780
69441 0
167778 10 167708 167709 167774 167775 167708 167709 167774 167775 167779 167780
29489 0
29488 0
156919 6 142963 156920 340 156922 156923 156924
71332 2 54359 70766
29485 0
29486 0
29483 0
29484 0
114762 1 114761
114761 1 114762
61882 6 60978 60980 60982 61470 61479 61870
69443 0
69444 0
69445 0
69446 0
167780 6 167708 167709 167774 167775 167778 167779
246202 9 246201 245702 246162 246164 237126 3188 14580 91242 91225
104871 6 104865 104866 104867 104868 104869 104870
30308 6 30341 30386 30567 31007 31045 31298
104870 6 104865 104866 104867 104868 104869 104871
104869 6 104865 104866 104867 104868 104870 104871
104867 6 104865 104866 104868 104869 104870 104871
104868 6 104865 104866 104867 104869 104870 104871
104865 6 104866 104867 104868 104869 104870 104871
104866 6 104865 104867 104868 104869 104870 104871
5668 4 6190 1076 52918 243399
163283 3 163282 163284 163285
163282 3 163283 163284 163285
257828 10 1653 218395 257761 257765 257767 257780 257781 257823 257826 257827
257826 11 1653 218395 257761 257765 257767 257780 257781 257823 257825 257827 257828
257827 10 1653 218395 257761 257765 257767 257780 257781 257823 257826 257828
257824 10 1653 218395 257761 257765 257767 257780 257781 257823 257825 257828
257825 11 1653 218395 257761 257765 257767 257780 257781 257823 257824 257826 257828
257823 9 1653 218395 257761 257765 257767 257780 257781 257824 257828
335 5 294 391 417 428 255965
3483 6 103619 103620 215716 215717 215718 247005
212014 7 212012 210984 212124 213364 213374 18226 212013
20639 0
212013 6 210983 212123 213363 213373 212012 212014
212012 7 212014 162630 212122 213362 213372 212013 212014
86920 6 87604 87605 87606 87607 87608 87609
340 6 156922 156923 156924 156920 142963 156919
127866 6 127864 127865 127867 127868 127869 127870
127867 6 127864 127865 127866 127868 127869 127870
127864 6 127865 127866 127867 127868 127869 127870
127865 6 127864 127866 127867 127868 127869 127870
235938 6 235937 235939 235940 235941 235942 235943
235939 6 235937 235938 235940 235941 235942 235943
127868 6 127864 127865 127866 127867 127869 127870
235937 6 235938 235939 235940 235941 235942 235943
127869 6 127864 127865 127866 127867 127868 127870
135797 13 404 50803 135784 60803 135786 135787 135789 135790 135791 135792 135793 135796 135796
28246 1 84938
135796 12 404 50803 135784 60803 135786 135787 135789 135790 135791 135792 135793 135797
94392 6 6206 6207 6208 6209 130628 208092
127870 6 127864 127865 127866 127867 127868 127869
176549 11 217494 217495 217496 217497 217498 217499 217500 217501 217620 217621 54723
117418 6 117419 117420 117421 117422 117423 117424
117419 6 117418 117420 117421 117422 117423 117424
235943 6 235937 235938 235939 235940 235941 235942
7317 4 957 57078 5043 91867
135790 7 404 50803 135784 60803 135786 135787 135789
135792 10 404 50803 135784 60803 135786 135787 135789 135790 135791 135793
235940 6 235937 235938 235939 235941 235942 235943
135791 10 404 50803 135784 60803 135786 135787 135789 135790 135792 135793
235941 6 235937 235938 235939 235940 235942 235943
135794 12 404 50803 135784 60803 135786 135787 135789 135790 135791 135792 135793 135796
235942 6 235937 235938 235939 235940 235941 235943
49532 0
135793 10 404 50803 135784 60803 135786 135787 135789 135790 135791 135792
135784 4 404 60803 135786 135787
135786 5 404 50803 135784 60803 135787
135787 5 404 50803 135784 60803 135786
135789 6 404 50803 135784 60803 135786 135787
117422 6 117418 117419 117420 117421 117423 117424
117421 6 117418 117419 117420 117422 117423 117424
117424 6 117418 117419 117420 117421 117422 117423
117423 6 117418 117419 117420 117421 117422 117424
217899 6 217900 217901 217902 217903 217904 217905
117420 6 117418 117419 117421 117422 117423 117424
217064 12 50674 50711 50719 69246 215417 215419 215421 217044 217047 217062 217063 217065
69420 1 34182
126718 25 125945 125946 125947 125948 125880 125630 125904 125858 125909 125908 126646 126645 126644 126643 126642 126641 126640 126639 126635 126634 126633 126632 126631 126628 126627
217065 11 50674 50711 50719 69246 215417 215419 215421 217044 217047 217062 217064
217062 11 50674 50711 50719 69246 215417 215419 215421 217044 217047 217063 217065
110020 5 55573 58027 100398 112286 112287
217063 11 50674 50711 50719 69246 215417 215419 215421 217044 217047 217062 217065
90819 0
97340 6 7191 7246 45479 35099 107080 134786
250236 6 250237 250238 250239 250240 250241 250242
175969 6 175965 175966 175967 175968 14284 175970
250237 6 250236 250238 250239 250240 250241 250242
175968 6 175965 175966 175967 14284 175969 175970
250238 6 250236 250237 250239 250240 250241 250242
250239 6 250236 250237 250238 250240 250241 250242
107070 1 107062
175965 6 175966 175967 175968 14284 175969 175970
175967 7 175965 175966 175968 14284 175969 175970 18252
175966 6 175965 175967 175968 14284 175969 175970
69424 1 34182
69423 1 34182
704 0
69422 1 34182
69421 1 34182
69427 1 34182
69426 1 34182
69425 1 34182
217070 6 2384 49409 100330 162862 217071 217089
221902 12 176549 217494 217495 217496 217497 217498 217499 217500 217501 217620 217621 54723
5117 2 8683 243347
134607 0
217071 6 2384 49409 100330 162862 217070 217089
221903 12 176549 217494 217495 217496 217497 217498 217499 217500 217501 217620 217621 54723
134606 0
217072 6 2384 49409 100330 162862 217070 217089
134609 0
217073 6 2384 49409 100330 162862 217070 217089
217074 6 2384 49409 100330 162862 217070 217089
69430 0
217075 6 2384 49409 100330 162862 217070 217089
69431 0
246164 7 246163 246202 245702 246162 14580 48724 91242
246163 7 246164 246201 245701 246161 14580 48724 91225
246162 7 246161 6068 245702 246202 246164 14580 91242
246161 8 246162 3188 245701 246163 246201 14580 91225 91242
134603 0
118359 7 74822 118922 118924 119504 119597 119596 119595
51264 6 204047 51018 51019 51020 204096 204097
107080 7 7246 134786 45479 7191 97340 35099 7246
69433 0
69432 0
69435 0
162862 0
69434 0
69437 0
175970 6 175965 175966 175967 175968 175969 14284
69436 0
69439 0
69438 0
225816 4 442 36740 48994 48993
184974 0
193363 6 218672 221409 221410 221411 221412 221413
257098 12 257099 256689 257100 256691 257101 256693 256688 256689 256690 256691 256692 256693
111530 6 111528 111529 111531 111532 111533 111534
111531 6 111528 111529 111530 111532 111533 111534
111532 6 111528 111529 111530 111531 111533 111534
1605 0
111533 6 111528 111529 111530 111531 111532 111534
134610 0
111534 6 111528 111529 111530 111531 111532 111533
217088 6 2384 49409 100330 162862 217070 217089
257099 12 257098 256689 257100 256691 257101 256693 256688 256689 256690 256691 256692 256693
40976 0
217089 6 2384 49409 100330 162862 217070 217088
70025 2 70020 70042
69409 1 16269
69408 1 16269
69407 1 16269
69406 1 16269
69405 1 16269
87316 3 113122 113153 113154
86930 0
69404 1 16269
69403 1 16269
69402 1 16269
69401 1 16269
70020 2 70025 70042
69400 1 16269
111528 6 111529 111530 111531 111532 111533 111534
111529 6 111528 111530 111531 111532 111533 111534
26815 6 26810 26811 26812 26813 26814 26816
118922 7 74822 118359 118924 119504 119597 119596 119595
217091 6 6972 216925 216926 216927 217002 217003
26816 6 26810 26811 26812 26813 26814 26815
118924 7 74822 118922 118359 119504 119597 119596 119595
26811 6 26810 26812 26813 26814 26815 26816
26812 6 26810 26811 26813 26814 26815 26816
124080 1 24966
26813 6 26810 26811 26812 26814 26815 26816
70914 5 2293 2294 2295 2296 62994
26814 6 26810 26811 26812 26813 26815 26816
46387 2 5117 7774
26810 6 26811 26812 26813 26814 26815 26816
130401 1 89859
69419 1 34182
69418 1 34182
250247 5 250248 49084 78442 250248 250248
250248 3 250247 49084 78442
230091 6 10061 92391 228088 228085 230092 227915
69415 1 16269
69414 1 16269
230092 4 10061 228088 230091 227915
250241 6 250236 250237 250238 250239 250240 250242
69411 1 16269
8472 1 51731
250242 6 250236 250237 250238 250239 250240 250241
69410 1 16269
69413 1 16269
250240 6 250236 250237 250238 250239 250241 250242
69412 1 16269
66884 0
201237 6 201236 201238 201239 201240 201241 201242
70042 2 70020 70025
201236 6 201237 201238 201239 201240 201241 201242
201239 6 201236 201237 201238 201240 201241 201242
201238 6 201236 201237 201239 201240 201241 201242
3003 11 4793 33157 92482 93678 93679 93680 93681 93682 101886 101888 229037
236257 0
114828 0
218555 5 54760 66 37233 218553 218554
195599 6 195600 195601 195582 195596 195597 195598
218553 5 54760 66 37233 218554 218555
218554 5 54760 66 37233 218553 218555
162428 6 162424 162425 162426 162427 162429 162434
162427 6 162424 162425 162426 162428 162429 162433
201240 6 201236 201237 201238 201239 201241 201242
113662 6 113663 113664 113665 113666 113667 113668
162429 6 162424 162425 162426 162427 162428 162435
79004 7 7051 24023 67771 29858 134931 115099 100774
162424 6 162425 162426 162427 162428 162429 162430
195598 6 195596 195597 195582 195599 195600 195601
195597 6 195596 195598 195582 195599 195600 195601
162426 6 162424 162425 162427 162428 162429 162432
195596 6 195597 195598 195582 195599 195600 195601
201241 6 201236 201237 201238 201239 201240 201242
162425 6 162424 162426 162427 162428 162429 162431
201242 6 201236 201237 201238 201239 201240 201241
185643 6 198313 198313 185133 185143 185153 185163
107466 6 3592 3591 3594 3595 107326 107364
1615 2 160889 160891
92482 2 4793 33157
1614 0
93682 7 4793 33157 93678 93679 93680 93681 92482
113258 3 113122 113153 113154
93680 6 4793 33157 93678 93681 92482 93682
113257 3 113122 113153 113154
93681 5 4793 33157 93678 92482 93682
73133 7 6190 1076 52918 5668 54413 41025 41041
195582 6 195596 195597 195598 195599 195600 195601
50674 2 50711 50719
113231 3 113122 113153 113154
172367 1 40976
228085 6 10061 228088 92391 228088 230092 227915
67502 3 67499 67500 67501
113228 6 113229 117156 117158 117226 201692 201693
90468 1 129474
67503 4 67499 67500 67501 67502
67500 1 67499
90466 0
67501 2 67499 67500
113229 6 113228 117156 117158 117226 201692 201693
67506 7 67499 67500 67501 67502 67503 67504 67505
93678 6 4793 33157 93679 93681 92482 93682
67507 7 67499 67500 67501 67502 67503 67504 67505
93679 6 4793 33157 93678 93681 92482 93682
67504 5 67499 67500 67501 67502 67503
67505 12 67499 67500 67501 67502 67503 67504 67506 67507 67508 67509 67510 67511
187818 2 187816 228525
67508 9 67499 67500 67501 67502 67503 67504 67505 67506 67507
228088 6 228085 92391 10061 230091 230092 227915
67509 9 67499 67500 67501 67502 67503 67504 67505 67506 67507
187816 2 187818 228525
215421 1 215417
792 5 178715 193286 193455 193456 193457
215417 3 69246 215419 215421
67510 11 67499 67500 67501 67502 67503 67504 67505 67506 67507 67508 67509
215419 3 215417 69246 215421
67511 12 67499 67500 67501 67502 67503 67504 67505 67506 67507 67508 67509 67510
162433 6 162430 162431 162432 162434 162435 162427
162432 6 162430 162431 162433 162434 162435 162426
162431 6 162430 162432 162433 162434 162435 162425
162430 6 162431 162432 162433 162434 162435 162424
162435 6 162430 162431 162432 162433 162434 162429
162434 6 162430 162431 162432 162433 162435 162428
252652 0
139098 2 1105 16742
96695 5 96705 96706 96707 96708 96709
72827 4 72850 72856 79955 80014
1653 0
129370 1 16742
132753 10 7051 24023 67771 29858 134931 115099 100774 79004 58481 52548
113271 3 113122 113153 113154
113674 6 113668 113669 113670 113671 113672 113673
11371 0
221955 5 52714 144828 221954 52734 221953
221953 5 52714 144828 221954 52734 221955
221954 5 52714 144828 52734 221953 221955
172312 1 172311
113666 7 113672 113662 113663 113664 113665 113667 113668
113665 7 113671 113662 113663 113664 113666 113667 113668
172311 0
113664 7 113670 113662 113663 113665 113666 113667 113668
113663 7 113669 113662 113664 113665 113666 113667 113668
113669 6 113663 113670 113671 113672 113673 113674
113668 7 113674 113662 113663 113664 113665 113666 113667
113667 7 113673 113662 113663 113664 113665 113666 113668
113672 6 113666 113669 113670 113671 113673 113674
113673 6 113667 113669 113670 113671 113672 113674
113670 6 113664 113669 113671 113672 113673 113674
113671 6 113665 113669 113670 113672 113673 113674
239097 0
249813 0
6206 7 6207 6208 6209 130628 208092 94392 8683
6207 6 6206 6208 6209 130628 208092 94392
6208 6 6206 6207 6209 130628 208092 94392
6209 6 6206 6207 6208 130628 208092 94392
229154 2 74148 229093
62160 2 15531 4
18226 2 130598 162626
115016 6 116459 116460 116461 116462 116463 117151
15531 0
60803 0
125630 0
6600 6 1006 54726 6533 6561 7569 7678
15537 4 1076 6190 15531 180226
37270 0
48993 2 48994 84938
133905 0
134264 6 1263 91867 7317 5043 957 8292
76328 6 76322 76323 76324 76325 76326 76327
76327 6 76322 76323 76324 76325 76326 76328
76326 6 76322 76323 76324 76325 76327 76328
48994 2 48993 84938
76321 6 76315 76316 76317 76318 76319 76320
35099 6 134786 45479 7191 97340 7246 107080
76320 6 76315 76316 76317 76318 76319 76321
235535 7 2293 2294 2295 2296 62994 235534 235536
235534 7 2293 2294 2295 2296 62994 235536 235535
76325 6 76322 76323 76324 76326 76327 76328
235536 7 2293 2294 2295 2296 62994 235534 235535
76324 6 76322 76323 76325 76326 76327 76328
76323 6 76322 76324 76325 76326 76327 76328
76322 6 76323 76324 76325 76326 76327 76328
15551 9 1076 6190 15531 15537 57088 57089 135030 180226 180250
98859 6 211858 211859 211860 211861 211862 211863
76316 6 76315 76317 76318 76319 76320 76321
76315 6 76316 76317 76318 76319 76320 76321
76318 6 76315 76316 76317 76319 76320 76321
76317 6 76315 76316 76318 76319 76320 76321
91081 6 91077 91078 91079 91080 91082 91083
91080 6 91077 91078 91079 91081 91082 91083
76319 6 76315 76316 76317 76318 76320 76321
91083 6 91077 91078 91079 91080 91081 91082
91082 6 91077 91078 91079 91080 91081 91083
82410 6 14577 14707 14709 14710 34947 38189
72796 0
50542 5 7501 13589 50536 50548 50909
50548 5 7501 13589 50542 50536 50909
133156 0
144747 6 58 144743 144744 144745 144746 144748
57078 4 5043 11973 91867 30528
144746 6 58 144743 144744 144745 144747 144748
144748 6 58 144743 144744 144745 144746 144747
247673 5 247601 247602 247603 247604 247672
247672 5 247601 247602 247603 247604 247673
144743 6 58 144744 144745 144746 144747 144748
144745 6 58 144743 144744 144746 144747 144748
144744 6 58 144743 144745 144746 144747 144748
247160 6 247060 247061 247062 247063 247064 247161
247161 6 247060 247061 247062 247063 247064 247160
18901 7 1405 2426 5190 5191 25012 25013 25014
108056 7 3592 3591 3594 3595 107326 107364 107466
50536 5 7501 13589 50542 50548 50909
89989 6 92299 92301 92300 90768 90769 90770
7778 5 169 272 7830 8785 8791
236333 0
210528 0
18252 1 2808
182727 0
60836 1 4
37233 5 54760 66 218553 218554 218555
125656 6 125653 125654 125655 125657 125658 125659
125655 6 125653 125654 125656 125657 125658 125659
125654 6 125653 125655 125656 125657 125658 125659
7774 2 46387 256617
125653 6 125654 125655 125656 125657 125658 125659
3992 4 584 169 7778 272
125659 6 125653 125654 125655 125656 125657 125658
125658 6 125653 125654 125655 125656 125657 125659
7770 0
125657 6 125653 125654 125655 125656 125658 125659
36974 0
71253 0
125262 0
217494 2 54723 176549
57088 5 1076 6190 15531 15537 180226
35041 1 35040
57089 8 1076 6190 15531 15537 57088 135030 180226 180250
35040 1 35039
217498 3 54723 176549 217494
217497 3 54723 176549 217494
217496 3 54723 176549 217494
217495 11 176549 217494 217496 217497 217498 217499 217500 217501 217620 217621 54723
217499 3 54723 176549 217494
54413 5 6190 1076 52918 5668 243399
112511 6 112509 112510 156022 156023 156024 156025
112510 6 112509 112511 156022 156023 156024 156025
144788 1 58
1105 2 16742 56106
115099 5 7051 24023 67771 29858 134931
35039 0
45479 6 134786 7191 97340 35099 7246 107080
91867 4 5043 1700 7317 30528
104338 4 14538 153069 153070 54543
144781 2 58 144788
77042 9 1405 2426 5190 5191 18901 25012 25013 25014 25015
143630 6 143628 143629 143815 143816 143817 143818
107062 1 107070
231056 12 230370 74148 227906 229093 229154 1399 230267 230276 229593 230548 230549 230550
16269 0
231064 12 230370 74148 227906 229093 229154 1399 230267 230276 229593 230548 230549 230550
153405 2 153402 153404
231065 12 230370 74148 227906 229093 229154 1399 230267 230276 229593 230548 230549 230550
153404 1 153402
24966 1 186029
153402 0
155595 0
5151 0
127407 6 14206 127408 127409 127410 127411 127412
391 5 294 335 417 428 255965
127409 6 14206 127407 127408 127410 127411 127412
127408 6 14206 127407 127409 127410 127411 127412
180226 3 1076 6190 15531
31298 6 30308 30341 30386 30567 31007 31045
143629 6 143628 143630 143815 143816 143817 143818
112509 7 112510 112511 156022 156023 156024 156025 156022
143628 6 143629 143630 143815 143816 143817 143818
124554 6 124550 124551 124552 124553 124555 124556
217045 12 50674 50711 50719 69246 215417 215419 215421 217044 217046 217047 217062 217065
124553 6 124550 124551 124552 124554 124555 124556
217044 11 50674 50711 50719 69246 215417 215419 215421 217045 217047 217062 217065
124556 6 124550 124551 124552 124553 124554 124555
217047 9 50674 50711 50719 69246 215417 215419 215421 217044 217046
124555 6 124550 124551 124552 124553 124554 124556
217046 12 50674 50711 50719 69246 215417 215419 215421 217044 217045 217047 217062 217065
127410 6 14206 127407 127408 127409 127411 127412
127411 6 14206 127407 127408 127409 127410 127412
127412 6 14206 127407 127408 127409 127410 127411
153411 0
91077 6 91078 91079 91080 91081 91082 91083
124552 6 124550 124551 124553 124554 124555 124556
91078 6 91077 91079 91080 91081 91082 91083
124551 6 124550 124552 124553 124554 124555 124556
91079 6 91077 91078 91080 91081 91082 91083
124550 9 124551 124552 124553 124554 124555 124556 124460 124530 124540
196930 3 46746 183152 196931
196931 3 46746 183152 196930
380 6 500 470 440 476 492 388
69399 1 16269
69397 1 16269
69398 1 16269
388 6 500 470 440 476 380 492
55998 0
55999 2 55998 55998
124546 7 124535 124540 124531 124542 124543 124544 124545
124544 7 124534 124540 124531 124542 124543 124545 124546
257101 12 257098 257099 256689 257100 256691 256693 256688 256689 256690 256691 256692 256693
124545 7 124535 124540 124531 124542 124543 124544 124546
257100 12 257098 257099 256689 256691 257101 256693 256688 256689 256690 256691 256692 256693
124542 7 124532 124540 124531 124543 124544 124545 124546
124543 7 124533 124540 124531 124542 124544 124545 124546
124540 9 124531 124542 124543 124544 124545 124546 124530 124550 124460
123526 0
257864 0
8785 5 169 272 7778 7830 8791
124535 6 124530 124531 124532 124533 124534 124536
124536 6 124530 124531 124532 124533 124534 124535
229593 3 74148 229093 229154
124531 6 124530 124532 124533 124534 124535 124536
124532 6 124530 124531 124533 124534 124535 124536
124533 6 124530 124531 124532 124534 124535 124536
124534 6 124530 124531 124532 124533 124535 124536
124530 8 124531 124532 124533 124534 124535 124536 124540 124460
201550 11 1405 2426 5190 5191 18901 25012 25013 25014 25015 201549 225779
61970 0
49691 0
180250 6 1076 6190 15531 15537 57088 180226
61973 0
61974 0
61971 0
195019 2 8585 8586
61972 0
61977 0
61975 0
61976 0
247601 5 247602 247603 247604 247672 247673
247602 5 247601 247603 247604 247672 247673
61969 0
61968 0
136373 0
247603 5 247601 247602 247604 247672 247673
247604 5 247601 247602 247603 247672 247673
8791 5 169 272 7778 7830 8785
210984 8 162630 212014 212124 213364 213374 18226 130517 210983
210983 7 130517 212013 212123 213363 213373 162630 210984
201549 11 1405 2426 5190 5191 18901 25012 25013 25014 25015 225779 201550
217900 6 217899 217901 217902 217903 217904 217905
57508 0
5190 7 1405 2426 5191 18901 25012 25013 25014
217902 6 217899 217900 217901 217903 217904 217905
217901 6 217899 217900 217902 217903 217904 217905
217904 6 217899 217900 217901 217902 217903 217905
5191 7 1405 2426 5190 18901 25012 25013 25014
217903 6 217899 217900 217901 217902 217904 217905
217905 6 217899 217900 217901 217902 217903 217904
61960 0
55573 5 58027 100398 110020 112286 112287
61961 0
164926 6 210360 210361 210362 210363 210364 210365
61962 0
61963 0
61964 0
75737 0
61965 0
61966 0
61967 0
206441 0
61958 0
61957 0
61959 0
217002 6 6972 216925 216926 216927 217003 217091
217003 6 6972 216925 216926 216927 217002 217091
130556 3 130517 130598 130602
26905 0
103619 6 3483 103620 215716 215717 215718 247005
193286 7 178715 792 792 178715 193455 193456 193457
183992 6 183987 183988 183989 183990 183991 183993
183993 6 183987 183988 183989 183990 183991 183992
183990 6 183987 183988 183989 183991 183992 183993
183991 6 183987 183988 183989 183990 183992 183993
141838 6 141836 141837 141839 141840 141841 141842
126614 2 979 124400
141837 6 141836 141838 141839 141840 141841 141842
141836 6 141837 141838 141839 141840 141841 141842
183085 9 30514 30516 139571 139572 139573 139574 139575 173533 183062
141839 6 141836 141837 141838 141840 141841 141842
49409 0
96708 5 96695 96705 96706 96707 96709
96709 5 96695 96705 96706 96707 96708
96706 5 96695 96705 96707 96708 96709
96707 5 96695 96705 96706 96708 96709
50711 2 50674 50719
183987 6 183988 183989 183990 183991 183992 183993
183988 6 183987 183989 183990 183991 183992 183993
111604 11 83952 83953 83954 83947 83948 83949 83950 84066 84067 109626 111603
183989 6 183987 183988 183990 183991 183992 183993
111603 11 83952 83953 83954 83947 83948 83949 83950 84066 84067 109626 111604
50719 2 50674 50711
134787 2 50937 90819
257609 8 257611 256890 257610 257612 257616 257617 257618 256890
126628 11 125630 125948 125947 125946 125945 125909 125908 125880 125897 125904 125858
126627 11 125630 125948 125947 125946 125945 125909 125908 125880 125897 125904 125858
134786 8 107080 97340 45479 7191 97340 35099 7246 107080
126631 11 125630 125948 125947 125946 125945 125909 125908 125880 125897 125904 125858
258342 6 28377 258341 258343 258344 258345 258346
258343 6 28377 258341 258342 258344 258345 258346
258344 6 28377 258341 258342 258343 258345 258346
258345 6 28377 258341 258342 258343 258344 258346
101886 12 101888 3003 4793 33157 92482 93678 93679 93680 93681 93682 101888 229037
258341 6 28377 258342 258343 258344 258345 258346
101888 12 101886 3003 4793 33157 92482 93678 93679 93680 93681 93682 101886 229037
215 0
126639 11 125630 125948 125947 125946 125945 125909 125908 125880 125897 125904 125858
183062 8 30514 30516 139571 139572 139573 139574 139575 173533
126633 11 125630 125948 125947 125946 125945 125909 125908 125880 125897 125904 125858
126632 11 125630 125948 125947 125946 125945 125909 125908 125880 125897 125904 125858
46081 2 46079 46080
126635 11 125630 125948 125947 125946 125945 125909 125908 125880 125897 125904 125858
134754 6 78134 78135 78136 90677 78137 134755
46080 2 46079 46081
126634 11 125630 125948 125947 125946 125945 125909 125908 125880 125897 125904 125858
134755 7 78134 78135 78136 78139 90677 78137 134754
126640 11 125630 125948 125947 125946 125945 125909 125908 125880 125897 125904 125858
126641 11 125630 125948 125947 125946 125945 125909 125908 125880 125897 125904 125858
8304 0
126642 11 125630 125948 125947 125946 125945 125909 125908 125880 125897 125904 125858
55107 3 74664 55105 55106
166730 6 166726 166727 166728 166729 166731 60228
242484 6 242480 242481 242482 242483 242485 242486
242485 6 242480 242481 242482 242483 242484 242486
166731 6 166726 166727 166728 166729 166730 60228
242486 6 242480 242481 242482 242483 242484 242485
96705 5 96695 96706 96707 96708 96709
52734 5 52714 144828 221954 221953 221955
204047 6 51264 51018 51019 51020 204096 204097
126646 10 125630 125945 125947 125948 125909 125908 125880 125897 125904 125858
244153 4 244154 245607 245609 245611
126645 11 125630 125948 125947 125946 125945 125909 125908 125880 125897 125904 125858
244154 5 244153 245612 245608 245610 245612
55105 3 74664 55106 55107
126644 11 125630 125948 125947 125946 125945 125909 125908 125880 125897 125904 125858
55106 3 74664 55105 55107
126643 11 125630 125948 125947 125946 125945 125909 125908 125880 125897 125904 125858
85356 0
108373 1 108372
108372 1 108373
237273 1 196
78442 0
46079 2 46080 46081
212124 9 212122 210984 212014 213364 213374 18226 210842 212121 212123
33851 8 3595 33845 33846 33847 33848 33849 33850 256617
166728 6 166726 166727 166729 166730 166731 60228
204097 6 51264 51018 51019 51020 204096 204047
166729 6 166726 166727 166728 166730 166731 60228
166726 6 166727 166728 166729 166730 166731 60228
33850 6 33845 33846 33847 33848 33849 33851
166727 6 166726 166728 166729 166730 166731 60228
30567 6 30308 30341 30386 31007 31045 31298
204096 6 51264 51018 51019 51020 204097 204047
212121 7 212123 18226 130517 212122 212124 213361 213364
212122 12 210842 212124 162630 212012 213362 213372 18226 130517 130598 210842 212121 212123
130517 6 130556 130598 130602 212121 213361 28310
212123 7 212121 210983 212013 213363 213373 212122 212124
175860 6 175856 175857 175858 175859 175861 175862
175862 6 175856 175857 175858 175859 175860 175861
175861 6 175856 175857 175858 175859 175860 175862
103663 0
255965 5 294 335 391 417 428
48724 1 3188
80070 6 122229 122232 122235 122239 122242 122245
218668 4 218667 218669 218670 217900
220338 3 220335 220336 220337
218667 4 218668 218669 218670 217900
220337 3 220335 220336 220338
33848 6 33845 33846 33847 33849 33850 33851
220336 3 220335 220337 220338
33849 7 33845 33846 33847 33848 33850 33851 256617
220335 3 220336 220337 220338
141036 0
33845 7 33846 33847 33848 33849 33850 33851 256617
33846 6 33845 33847 33848 33849 33850 33851
33847 6 33845 33846 33848 33849 33850 33851
100398 5 55573 58027 110020 112286 112287
7246 6 134786 45479 7191 97340 35099 107080
6190 2 1076 243399
256692 5 256688 256689 256690 256691 256693
256693 5 256688 256689 256690 256691 256692
256690 5 256688 256689 256691 256692 256693
256691 5 256688 256689 256690 256692 256693
60228 6 166726 166727 166728 166729 166730 166731
244630 8 1105 16742 139098 33583 16802 195321 195322 195323
258346 6 28377 258341 258342 258343 258344 258345
104144 0
215717 6 3483 103619 103620 215716 215718 247005
215716 6 3483 103619 103620 215717 215718 247005
36352 1 66265
215718 6 3483 103619 103620 215716 215717 247005
256689 5 256688 256690 256691 256692 256693
256688 5 256689 256690 256691 256692 256693
67091 0
103620 6 3483 103619 215716 215717 215718 247005
141842 6 141836 141837 141838 141839 141840 141841
257180 9 8292 256890 257611 257620 257621 257623 257625 257627 256890
67098 7 67091 67092 67093 67094 67095 67096 67097
67096 5 67091 67092 67093 67094 67095
141840 6 141836 141837 141838 141839 141841 141842
67097 6 67091 67092 67093 67094 67095 67096
119504 3 118359 118924 118922
141841 6 141836 141837 141838 141839 141840 141842
67094 3 67091 67092 67093
67095 4 67091 67092 67093 67094
67092 1 67091
67093 2 67091 67092
175859 6 175856 175857 175858 175860 175861 175862
175858 6 175856 175857 175859 175860 175861 175862
175857 6 175856 175858 175859 175860 175861 175862
175856 6 175857 175858 175859 175860 175861 175862
113518 1 115214
7678 6 1006 54726 6533 6561 6600 7569
220487 0
6972 6 216925 216926 216927 217002 217003 217091
221413 6 218672 193363 221409 221410 221411 221412
221412 6 218672 193363 221409 221410 221411 221413
105688 0
105689 0
142963 6 156919 156920 340 156922 156923 156924
221411 6 218672 193363 221409 221410 221412 221413
221410 6 218672 193363 221409 221411 221412 221413
3154 1 1263
113122 0
176497 0
229093 1 74148
139580 5 139576 139577 139578 139579 139581
139581 5 139576 139577 139578 139579 139580
220466 4 265 3602 14577 14707
218669 4 218667 218668 218670 217900
113535 11 113320 113122 113153 113154 113336 113271 113258 113257 113231 87316 113498
113533 11 113320 113122 113153 113154 113336 113271 113258 113257 113231 87316 113498
113534 11 113320 113122 113153 113154 113336 113271 113258 113257 113231 87316 113498
252736 4 243071 252464 252735 246370
218670 4 218667 218668 218669 217900
252735 6 252464 252736 243071 252464 252736 246369
139579 5 139576 139577 139578 139580 139581
218676 9 218672 218673 218674 218675 217900 218670 218667 218668 218669
74822 4 118359 118922 118924 119504
218672 15 218673 218674 218675 218676 217900 218670 218667 218668 218669 193363 221409 221410 221411 221412 221413
218673 9 218672 218674 218675 218676 217900 218670 218667 218668 218669
218674 9 218672 218673 218675 218676 217900 218670 218667 218668 218669
218675 9 218672 218673 218674 218676 217900 218670 218667 218668 218669
132209 0
186029 1 24966
139577 5 139576 139578 139579 139580 139581
139578 5 139576 139577 139579 139580 139581
139575 6 30514 30516 139571 139572 139573 139574
139576 5 139577 139578 139579 139580 139581
139573 4 30514 30516 139571 139572
139574 6 30514 30516 139571 139572 139573 139575
139571 4 30514 30516 139572 139573
228351 1 228525
139572 4 30514 30516 139571 139573
221409 6 218672 193363 221410 221411 221412 221413
59380 5 59379 59376 59377 59378 24023
113154 0
113153 0
225779 11 1405 2426 5190 5191 18901 25012 25013 25014 25015 201549 201550
130598 3 130517 130556 130602
24364 0
100330 0
79955 4 72827 72850 72856 80014
3594 3 3591 3592 3595
3595 3 33851 3592 3594
3592 3 3591 3594 3595
3591 3 3592 3594 3595
153007 0
3188 1 48724
227716 6 1394 1395 1396 1397 1398 227715
227715 6 1394 1395 1396 1397 1398 227716
49450 1 254963
52714 8 221953 221954 144828 144828 221954 52734 221953 221955
106497 1 102567
127730 1 191973
74867 0
115214 0
119595 5 118359 74822 118922 118924 119504
119596 5 118359 74822 118922 118924 119504
119597 5 118359 74822 118922 118924 119504
59376 5 59379 59380 7434 59377 59378
59377 5 59379 59380 7434 59376 59378
19273 6 5237 5238 49051 6558 39665 6558
59379 5 59380 59376 59377 59378 24023
59378 4 59379 59380 59376 59377
80014 4 72827 72850 72856 79955
152198 1 133156
160897 14 7434 59376 59377 59378 1615 160889 160891 160893 160895 160908 161167 65958 65959 65960
160895 14 7434 59376 59377 59378 1615 160889 160891 160893 160897 160908 161167 65958 65959 65960
180177 7 11973 180178 180179 180180 180181 180182 180183
132266 0
160893 7 160891 160895 160897 161167 65958 65959 65960
180178 7 11973 180177 180179 180180 180181 180182 180183
180179 7 11973 180177 180178 180180 180181 180182 180183
160891 7 160893 160895 160897 161167 65958 65959 65960
37386 6 37380 37381 37382 37383 37384 37385
37385 6 37380 37381 37382 37383 37384 37386
247062 6 247060 247061 247063 247064 247160 247161
37382 6 37380 37381 37383 37384 37385 37386
247061 6 247060 247062 247063 247064 247160 247161
34947 6 14577 14707 14709 14710 38189 82410
37381 6 37380 37382 37383 37384 37385 37386
247060 6 247061 247062 247063 247064 247160 247161
37384 6 37380 37381 37382 37383 37385 37386
37383 6 37380 37381 37382 37384 37385 37386
247064 6 247060 247061 247062 247063 247160 247161
37380 6 37381 37382 37383 37384 37385 37386
247063 6 247060 247061 247062 247064 247160 247161
54993 6 8980 8981 8982 8983 8984 8985
108761 4 107326 107364 107466 108056
180182 7 11973 180177 180178 180179 180180 180181 180183
180183 7 11973 180177 180178 180179 180180 180181 180182
180180 7 11973 180177 180178 180179 180181 180182 180183
180181 7 11973 180177 180178 180179 180180 180182 180183
4793 2 92482 93682
1076 1 243399
230550 9 230370 74148 227906 229093 229154 1399 230267 230276 229593
201692 6 113228 113229 117156 117158 117226 201693
201693 6 113228 113229 117156 117158 117226 201692
229037 11 3003 4793 33157 92482 93678 93679 93680 93681 93682 101886 101888
134372 2 442 36740
209918 1 209655
134373 2 442 36740
160120 2 173066 173068
160889 7 1615 160891 160893 160895 160897 160908 161167
230548 9 230370 74148 227906 229093 229154 1399 230267 230276 229593
230549 9 230370 74148 227906 229093 229154 1399 230267 230276 229593
102567 0
254963 3 55999 49450 16742
56106 1 1105
30078 0
163932 2 48994 163934
163934 3 163932 48994 163932
153070 4 104338 14538 153069 54543
3602 2 265 220466
115172 6 115171 115173 115174 115175 115176 115177
115171 6 115172 115173 115174 115175 115176 115177
115176 6 115171 115172 115173 115174 115175 115177
115175 6 115171 115172 115173 115174 115176 115177
153069 4 104338 14538 153070 54543
115174 6 115171 115172 115173 115175 115176 115177
115173 6 115171 115172 115174 115175 115176 115177
115177 6 115171 115172 115173 115174 115175 115176
180599 11 180592 180594 180595 180596 180597 180592 180593 180594 180595 180596 180597
180597 10 180592 180594 180595 180596 180592 180593 180594 180595 180596 180599
180595 8 180592 180594 180592 180593 180594 180596 180597 180599
180596 9 180592 180594 180595 180592 180593 180594 180595 180597 180599
180593 6 180592 180594 180595 180596 180597 180599
180594 7 180592 180592 180593 180595 180596 180597 180599
180592 6 180593 180594 180595 180596 180597 180599
122065 0
161167 13 7434 59376 59377 59378 1615 160889 160891 160893 160897 160908 65958 65959 65960
177216 6 177210 177211 177212 177213 177214 177215
16957 1 16945
177217 7 177210 177211 177212 177213 177214 177215 177216
245610 4 245609 244319 245607 245608
177214 4 177210 177211 177212 177213
245611 6 245612 243071 245607 245609 244153 244154
177215 5 177210 177211 177212 177213 177214
245612 5 245611 245608 245610 244153 244154
177212 2 177210 177211
6558 5 5237 5238 49051 19273 39665
177213 3 177210 177211 177212
177210 0
1006 9 1405 54726 6533 6561 6600 7569 7678 5043 5043
177211 1 177210
49084 1 91202
130602 2 130517 130556
30514 1 30078
177220 8 177210 177211 177212 177213 177214 177215 177216 177217
6561 6 1006 54726 6533 6600 7569 7678
87903 3 55106 74664 55105
30516 1 30514
178735 7 48724 178729 178731 178732 178733 178734 178736
178734 7 48724 178729 178731 178732 178733 178735 178736
178733 7 48724 178729 178731 178732 178734 178735 178736
5448 2 8585 1263
178732 7 48724 178729 178731 178733 178734 178735 178736
178731 7 48724 178729 178732 178733 178734 178735 178736
272 5 169 7778 7830 8785 8791
178736 7 48724 178729 178731 178732 178733 178734 178735
78137 6 78135 78136 78134 78135 78139 90677
101033 1 100492
78139 6 78134 78135 90677 78137 134754 134755
78134 6 78139 134754 90677 78137 134754 134755
216926 6 6972 216925 216927 217002 217003 217091
216927 6 6972 216925 216926 217002 217003 217091
78136 8 78137 78135 78134 78139 90677 78137 134754 134755
78135 10 78137 78139 78136 90677 78134 78139 90677 78137 134754 134755
216925 6 6972 216926 216927 217002 217003 217091
91560 6 153671 153679 153687 153695 153711 153719
208092 6 6206 6207 6208 6209 130628 94392
30528 3 19590 57078 11973
85173 10 85174 85161 85174 85161 85169 85170 74684 74683 85159 19590
85174 10 85173 85161 85173 85161 85169 85170 74684 74683 85160 19590
257781 8 1653 218395 257761 257765 257767 257780 257823 257828
257780 8 1653 218395 257761 257765 257767 257781 257823 257828
5043 4 957 57078 7317 91867
78121 0
178729 7 48724 178731 178732 178733 178734 178735 178736
85170 4 85169 74683 85159 85160
130628 6 6206 6207 6208 6209 208092 94392
124466 6 124460 124461 124462 124463 124464 124465
210842 11 212122 18226 130517 162522 162626 162630 212121 212123 212124 213361 213364
124465 6 124460 124461 124462 124463 124464 124466
124461 6 124460 124462 124463 124464 124465 124466
124462 6 124460 124461 124463 124464 124465 124466
77303 2 77293 77294
124463 6 124460 124461 124462 124464 124465 124466
77304 3 77293 77294 77303
124464 6 124460 124461 124462 124463 124465 124466
16945 2 16957 20639
124460 6 124461 124462 124463 124464 124465 124466
294 6 28377 335 391 417 428 255965
245609 4 245610 244319 245607 245608
54543 4 104338 14538 153069 153070
178715 7 193286 792 792 193286 193455 193456 193457
245607 5 245608 245609 245610 245611 244153
77305 4 77293 77294 77303 77304
245608 6 245607 245606 245609 245610 245612 244154
85169 4 85170 74684 85159 85160
245606 4 245608 244319 243071 237126
85161 7 57508 74684 74683 85159 85160 85169 1405
85160 10 85159 85161 85159 85161 85169 85170 74684 74683 85174 85174
54551 7 54553 54555 54564 54566 54568 54570 53999
257761 8 1653 218395 257765 257767 257780 257781 257823 257828
54553 7 54551 54555 54564 54566 54568 54570 53999
54555 7 54551 54553 54564 54566 54568 54570 53999
85159 10 85160 85161 85160 85161 85169 85170 74684 74683 85173 85173
117226 6 113228 113229 117156 117158 201692 201693
138487 10 63850 22482 5151 6711 22506 22513 138484 138486 138488 138493
138486 10 63850 22482 5151 6711 22506 22513 138484 138485 138487 138493
138489 10 63850 22482 5151 6711 22506 22513 138484 138488 138490 138493
124400 0
138488 10 63850 22482 5151 6711 22506 22513 138484 138487 138489 138493
138485 9 63850 22482 5151 6711 22506 22513 138484 138486 138493
138484 8 63850 22482 5151 6711 22506 22513 138485 138493
127344 2 127342 127343
127343 2 127342 127344
127342 2 127343 127344
242480 6 242481 242482 242483 242484 242485 242486
69246 3 215417 215419 215421
242481 6 242480 242482 242483 242484 242485 242486
242482 6 242480 242481 242483 242484 242485 242486
67105 12 67091 67092 67093 67094 67095 67096 67097 67098 67101 67102 67103 67104
242483 6 242480 242481 242482 242484 242485 242486
67104 11 67091 67092 67093 67094 67095 67096 67097 67098 67101 67102 67103
49051 5 5237 5238 6558 19273 39665
67103 10 67091 67092 67093 67094 67095 67096 67097 67098 67101 67102
54566 7 54551 54553 54555 54564 54568 54570 53999
67102 9 67091 67092 67093 67094 67095 67096 67097 67098 67101
67101 8 67091 67092 67093 67094 67095 67096 67097 67098
54564 7 54551 54553 54555 54566 54568 54570 53999
177248 5 177249 177250 177251 177252 177253
54568 7 54551 54553 54555 54564 54566 54570 53999
177249 5 177248 177250 177251 177252 177253
177250 5 177248 177249 177251 177252 177253
177251 5 177248 177249 177250 177252 177253
177252 5 177248 177249 177250 177251 177253
177253 5 177248 177249 177250 177251 177252
1043 0
138493 8 63850 22482 5151 6711 22506 22513 138484 138492
138492 9 63850 22482 5151 6711 22506 22513 138484 138491 138493
138491 10 63850 22482 5151 6711 22506 22513 138484 138490 138492 138493
138490 10 63850 22482 5151 6711 22506 22513 138484 138489 138491 138493
257765 8 1653 218395 257761 257767 257780 257781 257823 257828
257767 8 1653 218395 257761 257765 257780 257781 257823 257828
249725 2 249742 3602
90770 6 92299 92301 92300 89989 90768 90769
217501 11 176549 217494 217495 217496 217497 217498 217499 217500 217620 217621 54723
256617 6 20639 49084 7774 33845 33849 33851
243071 0
217500 11 176549 217494 217495 217496 217497 217498 217499 217501 217620 217621 54723
249742 1 249725
85398 10 2384 49409 100330 162862 217070 217071 217072 217073 217074 217075
257623 7 257180 257611 257620 257621 257625 257627 256890
236697 12 3003 4793 33157 92482 93678 93679 93680 93681 93682 101886 101888 229037
257621 8 257612 257180 257611 257620 257623 257625 257627 256890
90769 6 92299 92301 92300 89989 90768 90770
54570 6 54551 54553 54555 54564 54566 53999
257620 8 257610 257180 257611 257621 257623 257625 257627 256890
90768 6 92299 92301 92300 89989 90769 90770
257627 8 257617 257180 257611 257620 257621 257623 257625 256890
220397 9 220335 220336 220337 220338 220393 220394 220395 220396 220398
220396 9 220335 220336 220337 220338 220393 220394 220395 220397 220398
257625 8 257616 257180 257611 257620 257621 257623 257627 256890
265 1 220466
220398 9 220335 220336 220337 220338 220393 220394 220395 220396 220397
220394 9 220335 220336 220337 220338 220393 220395 220396 220397 220398
220395 9 220335 220336 220337 220338 220393 220394 220396 220397 220398
220393 9 220335 220336 220337 220338 220394 220395 220396 220397 220398
243578 6 8586 243577 243579 243580 243581 243582
177222 10 177210 177211 177212 177213 177214 177215 177216 177217 177220 177221
243577 6 8586 243578 243579 243580 243581 243582
177221 9 177210 177211 177212 177213 177214 177215 177216 177217 177220
243579 6 8586 243577 243578 243580 243581 243582
177223 11 177210 177211 177212 177213 177214 177215 177216 177217 177220 177221 177222
257618 7 256890 257609 257610 257612 257616 257617 256890
243580 6 8586 243577 243578 243579 243581 243582
257617 8 257627 256890 257609 257610 257612 257616 257618 256890
243581 6 8586 243577 243578 243579 243580 243582
243582 6 8586 243577 243578 243579 243580 243581
6533 6 1006 54726 6561 6600 7569 7678
257610 8 257620 256890 257609 257612 257616 257617 257618 256890
50803 3 404 135786 135787
257612 8 257621 256890 257609 257610 257616 257617 257618 256890
257611 8 257609 257180 257620 257621 257623 257625 257627 256890
257616 8 257625 256890 257609 257610 257612 257617 257618 256890
