root 1780
4 0
14 0
25 0
30 0
58 0
66 0
70 0
169 0
196 0
215 0
265 0
272 0
294 0
335 0
340 0
380 0
388 0
391 0
404 0
417 0
428 0
440 0
442 0
470 0
476 0
492 0
500 0
581 0
584 0
593 0
704 0
792 0
957 0
966 0
979 0
984 0
1006 0
1043 0
1076 0
1105 0
1263 0
1317 0
1394 0
1395 0
1396 0
1397 0
1398 0
1399 0
1405 0
1605 0
1614 0
1615 0
1653 0
1700 0
2193 0
2266 0
2293 0
2294 0
2295 0
2296 0
2384 0
2426 0
2808 0
2993 0
2994 0
3003 0
3154 0
3188 0
3483 0
3591 0
3592 0
3594 0
3595 0
3602 0
3992 0
4648 0
4793 0
5043 0
5117 0
5151 0
5190 0
5191 0
5237 0
5238 0
5349 0
5448 0
5668 0
6068 0
6190 0
6206 0
6207 0
6208 0
6209 0
6472 0
6533 0
6558 0
6561 0
6600 0
6711 0
6972 0
7051 0
7191 0
7246 0
7317 0
7434 0
7501 0
7569 0
7583 0
7678 0
7770 0
7774 0
7778 0
7830 0
8292 0
8304 0
8472 0
8585 0
8586 0
8619 0
8683 0
8785 0
8791 0
8980 0
8981 0
8982 0
8983 0
8984 0
8985 0
10061 0
11371 0
11973 0
13589 0
13609 0
14206 0
14284 0
14538 0
14577 0
14580 0
14707 0
14709 0
14710 0
15531 0
15537 0
15551 0
16269 0
16742 0
16754 0
16802 0
16945 0
16957 0
18226 0
18252 0
18901 0
19273 0
19590 0
20639 0
22482 0
22506 0
22513 0
23961 0
24023 0
24364 0
24966 0
25012 0
25013 0
25014 0
25015 0
26810 0
26811 0
26812 0
26813 0
26814 0
26815 0
26816 0
26905 0
28246 0
28310 0
28377 0
28391 0
28834 0
28860 0
29448 0
29449 0
29450 0
29451 0
29452 0
29453 0
29454 0
29455 0
29456 0
29457 0
29458 0
29459 0
29460 0
29461 0
29462 0
29463 0
29464 0
29465 0
29466 0
29467 0
29468 0
29469 0
29472 0
29473 0
29474 0
29475 0
29476 0
29477 0
29479 0
29480 0
29482 0
29483 0
29484 0
29485 0
29486 0
29488 0
29489 0
29490 0
29491 0
29492 0
29493 0
29496 0
29497 0
29498 0
29499 0
29500 0
29501 0
29502 0
29503 0
29504 0
29505 0
29506 0
29507 0
29508 0
29509 0
29510 0
29511 0
29512 0
29513 0
29514 0
29515 0
29516 0
29517 0
29520 0
29521 0
29522 0
29523 0
29524 0
29525 0
29526 0
29527 0
29528 0
29529 0
29530 0
29531 0
29532 0
29533 0
29534 0
29535 0
29536 0
29537 0
29538 0
29539 0
29540 0
29541 0
29858 0
30078 0
30308 0
30341 0
30386 0
30514 0
30516 0
30528 0
30567 0
31007 0
31045 0
31298 0
32527 0
33157 0
33577 0
33583 0
33845 0
33846 0
33847 0
33848 0
33849 0
33850 0
33851 0
34182 0
34947 0
35039 0
35040 0
35041 0
35099 0
35789 0
35790 0
35791 0
35792 0
35793 0
35794 0
36352 0
36740 0
36974 0
37001 0
37002 0
37003 0
37004 0
37005 0
37006 0
37007 0
37008 0
37233 0
37270 0
37380 0
37381 0
37382 0
37383 0
37384 0
37385 0
37386 0
38189 0
39665 0
40976 0
41025 0
41041 0
45479 0
45540 0
46079 0
46080 0
46081 0
46387 0
46746 0
48724 0
48993 0
48994 0
49051 0
49084 0
49409 0
49450 0
49532 0
49691 0
50536 0
50542 0
50548 0
50674 0
50711 0
50719 0
50803 0
50909 0
50937 0
51018 0
51019 0
51020 0
51264 0
51731 0
52018 0
52019 0
52020 0
52021 0
52022 0
52046 0
52047 0
52048 0
52049 0
52050 0
52051 0
52052 0
52548 0
52714 0
52734 0
52918 0
53122 0
53224 0
53226 0
53250 0
53251 0
53252 0
53253 0
53254 0
53255 0
53268 0
53269 0
53270 0
53271 0
53272 0
53273 0
53274 0
53999 0
54359 0
54413 0
54543 0
54551 0
54553 0
54555 0
54564 0
54566 0
54568 0
54570 0
54723 0
54726 0
54760 0
54993 0
55105 0
55106 0
55107 0
55573 0
55998 0
55999 0
56106 0
57078 0
57088 0
57089 0
57508 0
58027 0
58312 0
58481 0
59376 0
59377 0
59378 0
59379 0
59380 0
60228 0
60803 0
60836 0
60978 0
60980 0
60982 0
61470 0
61479 0
61870 0
61882 0
61932 0
61933 0
61934 0
61935 0
61936 0
61937 0
61938 0
61939 0
61940 0
61941 0
61942 0
61943 0
61944 0
61945 0
61946 0
61947 0
61948 0
61949 0
61950 0
61951 0
61952 0
61953 0
61956 0
61957 0
61958 0
61959 0
61960 0
61961 0
61962 0
61963 0
61964 0
61965 0
61966 0
61967 0
61968 0
61969 0
61970 0
61971 0
61972 0
61973 0
61974 0
61975 0
61976 0
61977 0
62160 0
62253 0
62254 0
62255 0
62994 0
63431 0
63432 0
63443 0
63850 0
65191 0
65192 0
65193 0
65194 0
65195 0
65196 0
65197 0
65958 0
65959 0
65960 0
66265 0
66884 0
67091 0
67092 0
67093 0
67094 0
67095 0
67096 0
67097 0
67098 0
67101 0
67102 0
67103 0
67104 0
67105 0
67499 0
67500 0
67501 0
67502 0
67503 0
67504 0
67505 0
67506 0
67507 0
67508 0
67509 0
67510 0
67511 0
67771 0
68092 0
68093 0
68094 0
69246 0
69397 0
69398 0
69399 0
69400 0
69401 0
69402 0
69403 0
69404 0
69405 0
69406 0
69407 0
69408 0
69409 0
69410 0
69411 0
69412 0
69413 0
69414 0
69415 0
69418 0
69419 0
69420 0
69421 0
69422 0
69423 0
69424 0
69425 0
69426 0
69427 0
69430 0
69431 0
69432 0
69433 0
69434 0
69435 0
69436 0
69437 0
69438 0
69439 0
69440 0
69441 0
69442 0
69443 0
69444 0
69445 0
69446 0
70020 0
70025 0
70042 0
70766 0
70914 0
71253 0
71332 0
71793 0
72569 0
72572 0
72573 0
72796 0
72827 0
72850 0
72856 0
73133 0
74148 0
74664 0
74679 0
74680 0
74683 0
74684 0
74822 0
74867 0
75153 0
75737 0
76315 0
76316 0
76317 0
76318 0
76319 0
76320 0
76321 0
76322 0
76323 0
76324 0
76325 0
76326 0
76327 0
76328 0
77042 0
77293 0
77294 0
77303 0
77304 0
77305 0
78121 0
78134 0
78135 0
78136 0
78137 0
78139 0
78442 0
79004 0
79750 0
79751 0
79752 0
79753 0
79754 0
79755 0
79756 0
79955 0
80014 0
80070 0
80876 0
80877 0
80878 0
80879 0
80880 0
80881 0
80882 0
82335 0
82336 0
82349 0
82350 0
82410 0
83947 0
83948 0
83949 0
83950 0
83952 0
83953 0
83954 0
84066 0
84067 0
84938 0
85159 0
85160 0
85161 0
85169 0
85170 0
85173 0
85174 0
85356 0
85398 0
86764 0
86920 0
86930 0
87316 0
87522 0
87604 0
87605 0
87606 0
87607 0
87608 0
87609 0
87641 0
87903 0
89850 0
89851 0
89853 0
89854 0
89855 0
89857 0
89859 0
89860 0
89862 0
89863 0
89989 0
90083 0
90085 0
90466 0
90468 0
90677 0
90768 0
90769 0
90770 0
90819 0
91077 0
91078 0
91079 0
91080 0
91081 0
91082 0
91083 0
91202 0
91203 0
91204 0
91205 0
91225 0
91230 0
91242 0
91560 0
91867 0
92229 0
92299 0
92300 0
92301 0
92391 0
92482 0
93678 0
93679 0
93680 0
93681 0
93682 0
94392 0
95847 0
95863 0
95864 0
95865 0
95866 0
96573 0
96574 0
96575 0
96576 0
96577 0
96578 0
96581 0
96695 0
96705 0
96706 0
96707 0
96708 0
96709 0
97340 0
98859 0
99173 0
100080 0
100330 0
100398 0
100492 0
100774 0
101033 0
101231 0
101560 0
101886 0
101888 0
102567 0
103619 0
103620 0
103663 0
104144 0
104338 0
104865 0
104866 0
104867 0
104868 0
104869 0
104870 0
104871 0
105688 0
105689 0
106497 0
107062 0
107070 0
107080 0
107326 0
107364 0
107466 0
108056 0
108372 0
108373 0
108761 0
108990 0
108991 0
108992 0
108993 0
108994 0
108995 0
108996 0
109626 0
110020 0
111146 0
111528 0
111529 0
111530 0
111531 0
111532 0
111533 0
111534 0
111603 0
111604 0
111862 0
112286 0
112287 0
112509 0
112510 0
112511 0
113122 0
113153 0
113154 0
113228 0
113229 0
113231 0
113257 0
113258 0
113271 0
113320 0
113326 0
113327 0
113328 0
113329 0
113330 0
113331 0
113336 0
113475 0
113492 0
113497 0
113498 0
113518 0
113533 0
113534 0
113535 0
113662 0
113663 0
113664 0
113665 0
113666 0
113667 0
113668 0
113669 0
113670 0
113671 0
113672 0
113673 0
113674 0
114761 0
114762 0
114763 0
114764 0
114765 0
114766 0
114767 0
114768 0
114769 0
114770 0
114771 0
114772 0
114773 0
114828 0
115016 0
115099 0
115171 0
115172 0
115173 0
115174 0
115175 0
115176 0
115177 0
115214 0
115258 0
116433 0
116459 0
116460 0
116461 0
116462 0
116463 0
117151 0
117156 0
117158 0
117226 0
117418 0
117419 0
117420 0
117421 0
117422 0
117423 0
117424 0
118359 0
118922 0
118924 0
119504 0
119595 0
119596 0
119597 0
122065 0
122229 0
122232 0
122235 0
122239 0
122242 0
122245 0
122367 0
122368 0
122369 0
122370 0
122371 0
122372 0
123305 0
123306 0
123307 0
123308 0
123309 0
123310 0
123311 0
123526 0
124080 0
124292 0
124293 0
124294 0
124295 0
124400 0
124460 0
124461 0
124462 0
124463 0
124464 0
124465 0
124466 0
124530 0
124531 0
124532 0
124533 0
124534 0
124535 0
124536 0
124540 0
124542 0
124543 0
124544 0
124545 0
124546 0
124550 0
124551 0
124552 0
124553 0
124554 0
124555 0
124556 0
125262 0
125630 0
125653 0
125654 0
125655 0
125656 0
125657 0
125658 0
125659 0
125858 0
125859 0
125860 0
125861 0
125862 0
125863 0
125864 0
125865 0
125880 0
125897 0
125904 0
125908 0
125909 0
125945 0
125946 0
125947 0
125948 0
126433 0
126614 0
126627 0
126628 0
126631 0
126632 0
126633 0
126634 0
126635 0
126639 0
126640 0
126641 0
126642 0
126643 0
126644 0
126645 0
126646 0
126718 0
127342 0
127343 0
127344 0
127407 0
127408 0
127409 0
127410 0
127411 0
127412 0
127488 0
127730 0
127864 0
127865 0
127866 0
127867 0
127868 0
127869 0
127870 0
127936 0
127955 0
127956 0
127957 0
127958 0
127962 0
127963 0
127964 0
127965 0
129370 0
129469 0
129470 0
129471 0
129473 0
129474 0
129477 0
129478 0
130249 0
130250 0
130252 0
130253 0
130254 0
130401 0
130517 0
130556 0
130598 0
130602 0
130628 0
131458 0
131459 0
131460 0
131461 0
131462 0
131463 0
132031 0
132209 0
132266 0
132753 0
133156 0
133905 0
134264 0
134372 0
134373 0
134603 0
134606 0
134607 0
134609 0
134610 0
134754 0
134755 0
134786 0
134787 0
134851 0
134852 0
134890 0
134891 0
134892 0
134893 0
134894 0
134895 0
134896 0
134897 0
134898 0
134899 0
134900 0
134901 0
134902 0
134903 0
134904 0
134905 0
134906 0
134907 0
134908 0
134909 0
134910 0
134911 0
134912 0
134913 0
134931 0
135030 0
135044 0
135784 0
135786 0
135787 0
135789 0
135790 0
135791 0
135792 0
135793 0
135794 0
135796 0
135797 0
135953 0
135954 0
135955 0
135956 0
135957 0
135958 0
135959 0
135960 0
135968 0
135969 0
135970 0
136373 0
138484 0
138485 0
138486 0
138487 0
138488 0
138489 0
138490 0
138491 0
138492 0
138493 0
139098 0
139571 0
139572 0
139573 0
139574 0
139575 0
139576 0
139577 0
139578 0
139579 0
139580 0
139581 0
141036 0
141158 0
141178 0
141181 0
141189 0
141215 0
141836 0
141837 0
141838 0
141839 0
141840 0
141841 0
141842 0
142963 0
143628 0
143629 0
143630 0
143815 0
143816 0
143817 0
143818 0
144743 0
144744 0
144745 0
144746 0
144747 0
144748 0
144781 0
144788 0
144828 0
152198 0
152760 0
152815 0
152828 0
152830 0
152831 0
152844 0
152845 0
152846 0
152847 0
152848 0
152849 0
152851 0
153007 0
153069 0
153070 0
153402 0
153404 0
153405 0
153411 0
153671 0
153679 0
153687 0
153695 0
153711 0
153719 0
155595 0
156022 0
156023 0
156024 0
156025 0
156165 0
156167 0
156919 0
156920 0
156922 0
156923 0
156924 0
160120 0
160889 0
160891 0
160893 0
160895 0
160897 0
160908 0
161167 0
162424 0
162425 0
162426 0
162427 0
162428 0
162429 0
162430 0
162431 0
162432 0
162433 0
162434 0
162435 0
162518 0
162519 0
162521 0
162522 0
162523 0
162524 0
162525 0
162609 0
162626 0
162630 0
162862 0
163282 0
163283 0
163284 0
163285 0
163932 0
163934 0
164926 0
166726 0
166727 0
166728 0
166729 0
166730 0
166731 0
166912 0
166913 0
166914 0
166915 0
166916 0
166917 0
167708 0
167709 0
167774 0
167775 0
167778 0
167779 0
167780 0
172311 0
172312 0
172367 0
173057 0
173060 0
173066 0
173067 0
173068 0
173451 0
173452 0
173453 0
173533 0
174183 0
175856 0
175857 0
175858 0
175859 0
175860 0
175861 0
175862 0
175965 0
175966 0
175967 0
175968 0
175969 0
175970 0
176497 0
176549 0
177210 0
177211 0
177212 0
177213 0
177214 0
177215 0
177216 0
177217 0
177220 0
177221 0
177222 0
177223 0
177248 0
177249 0
177250 0
177251 0
177252 0
177253 0
178715 0
178729 0
178731 0
178732 0
178733 0
178734 0
178735 0
178736 0
180177 0
180178 0
180179 0
180180 0
180181 0
180182 0
180183 0
180226 0
180250 0
180592 0
180593 0
180594 0
180595 0
180596 0
180597 0
180599 0
182276 0
182727 0
183062 0
183085 0
183152 0
183987 0
183988 0
183989 0
183990 0
183991 0
183992 0
183993 0
184974 0
185133 0
185143 0
185153 0
185163 0
185304 0
185315 0
185316 0
185317 0
185318 0
185319 0
185643 0
186029 0
186754 0
186755 0
186756 0
186757 0
186758 0
186759 0
186760 0
187548 0
187816 0
187818 0
189735 0
189738 0
191973 0
193286 0
193363 0
193455 0
193456 0
193457 0
195019 0
195314 0
195315 0
195316 0
195317 0
195318 0
195321 0
195322 0
195323 0
195582 0
195596 0
195597 0
195598 0
195599 0
195600 0
195601 0
196025 0
196039 0
196930 0
196931 0
198313 0
198381 0
201236 0
201237 0
201238 0
201239 0
201240 0
201241 0
201242 0
201549 0
201550 0
201692 0
201693 0
201818 0
202058 0
202059 0
202060 0
202061 0
202062 0
202827 0
202828 0
202829 0
202831 0
202833 0
202835 0
202836 0
202838 0
202839 0
202840 0
202841 0
202842 0
202843 0
202844 0
204047 0
204096 0
204097 0
206441 0
208092 0
209655 0
209918 0
210360 0
210361 0
210362 0
210363 0
210364 0
210365 0
210528 0
210842 0
210983 0
210984 0
211013 0
211014 0
211394 0
211858 0
211859 0
211860 0
211861 0
211862 0
211863 0
212012 0
212013 0
212014 0
212121 0
212122 0
212123 0
212124 0
212171 0
213361 0
213362 0
213363 0
213364 0
213372 0
213373 0
213374 0
214870 0
215417 0
215419 0
215421 0
215716 0
215717 0
215718 0
216925 0
216926 0
216927 0
217002 0
217003 0
217044 0
217045 0
217046 0
217047 0
217062 0
217063 0
217064 0
217065 0
217070 0
217071 0
217072 0
217073 0
217074 0
217075 0
217088 0
217089 0
217091 0
217494 0
217495 0
217496 0
217497 0
217498 0
217499 0
217500 0
217501 0
217620 0
217621 0
217899 0
217900 0
217901 0
217902 0
217903 0
217904 0
217905 0
218395 0
218553 0
218554 0
218555 0
218667 0
218668 0
218669 0
218670 0
218672 0
218673 0
218674 0
218675 0
218676 0
218709 0
218710 0
218712 0
218713 0
218714 0
218715 0
218716 0
218717 0
218718 0
218719 0
218720 0
220335 0
220336 0
220337 0
220338 0
220393 0
220394 0
220395 0
220396 0
220397 0
220398 0
220466 0
220487 0
221216 0
221217 0
221409 0
221410 0
221411 0
221412 0
221413 0
221902 0
221903 0
221953 0
221954 0
221955 0
225779 0
225816 0
227715 0
227716 0
227906 0
227915 0
228085 0
228088 0
228351 0
228525 0
229037 0
229093 0
229154 0
229593 0
230091 0
230092 0
230267 0
230276 0
230370 0
230548 0
230549 0
230550 0
231056 0
231064 0
231065 0
233582 0
235396 0
235534 0
235535 0
235536 0
235937 0
235938 0
235939 0
235940 0
235941 0
235942 0
235943 0
236020 0
236021 0
236022 0
236023 0
236024 0
236025 0
236026 0
236257 0
236333 0
236697 0
236854 0
237126 0
237273 0
237600 0
237601 0
237602 0
239097 0
240573 0
240574 0
240575 0
240576 0
240577 0
240578 0
240579 0
240862 0
240863 0
240864 0
240865 0
240866 0
240867 0
242480 0
242481 0
242482 0
242483 0
242484 0
242485 0
242486 0
243071 0
243347 0
243399 0
243577 0
243578 0
243579 0
243580 0
243581 0
243582 0
243888 0
244153 0
244154 0
244319 0
244360 0
244361 0
244362 0
244363 0
244630 0
244802 0
244803 0
244804 0
244805 0
244806 0
244894 0
244911 0
245606 0
245607 0
245608 0
245609 0
245610 0
245611 0
245612 0
245701 0
245702 0
245703 0
245704 0
245821 0
245822 0
246161 0
246162 0
246163 0
246164 0
246201 0
246202 0
246348 0
246369 0
246370 0
246375 0
246376 0
246377 0
246378 0
246380 0
246681 0
246682 0
246720 0
247005 0
247060 0
247061 0
247062 0
247063 0
247064 0
247160 0
247161 0
247601 0
247602 0
247603 0
247604 0
247672 0
247673 0
249725 0
249742 0
249813 0
249926 0
249927 0
249928 0
249929 0
249930 0
249931 0
249932 0
250236 0
250237 0
250238 0
250239 0
250240 0
250241 0
250242 0
250247 0
250248 0
252464 0
252652 0
252735 0
252736 0
253554 0
254963 0
255400 0
255965 0
256617 0
256688 0
256689 0
256690 0
256691 0
256692 0
256693 0
256890 0
257098 0
257099 0
257100 0
257101 0
257180 0
257609 0
257610 0
257611 0
257612 0
257616 0
257617 0
257618 0
257620 0
257621 0
257623 0
257625 0
257627 0
257761 0
257765 0
257767 0
257780 0
257781 0
257823 0
257824 0
257825 0
257826 0
257827 0
257828 0
257864 0
258341 0
258342 0
258343 0
258344 0
258345 0
258346 0
