26803 18 185325 185326 185327 185328 185329 26794 26796 26797 26798 26799 26800 26801 26802 26807 2865 41 8483 8484
240030 33 167791 167792 167793 167794 167795 167796 167797 167798 167799 167800 167801 167802 167803 167804 167805 167806 240028 240029 240031 240032 240093 240094 240095 240096 240097 240100 240101 240102 240103 240104 240106 240107 240108
26802 18 185325 185326 185327 185328 185329 26794 26796 26797 26798 26799 26800 26801 26803 26807 2865 41 8483 8484
26801 18 185325 185326 185327 185328 185329 26794 26796 26797 26798 26799 26800 26802 26803 26807 2865 41 8483 8484
26800 18 185325 185326 185327 185328 185329 26794 26796 26797 26798 26799 26801 26802 26803 26807 2865 41 8483 8484
332 5 101638 292 389 579 580
26807 18 185325 185326 185327 185328 185329 26794 26796 26797 26798 26799 26800 26801 26802 26803 2865 41 8483 8484
133535 19 131686 133524 133525 133526 133527 133528 133529 133530 133531 133532 133534 133536 133537 133538 133539 133541 133542 133543 34963
133536 19 131686 133524 133525 133526 133527 133528 133529 133530 133531 133532 133534 133535 133537 133538 133539 133541 133542 133543 34963
240029 33 167791 167792 167793 167794 167795 167796 167797 167798 167799 167800 167801 167802 167803 167804 167805 167806 240028 240030 240031 240032 240093 240094 240095 240096 240097 240100 240101 240102 240103 240104 240106 240107 240108
240028 33 167791 167792 167793 167794 167795 167796 167797 167798 167799 167800 167801 167802 167803 167804 167805 167806 240029 240030 240031 240032 240093 240094 240095 240096 240097 240100 240101 240102 240103 240104 240106 240107 240108
133534 19 131686 133524 133525 133526 133527 133528 133529 133530 133531 133532 133535 133536 133537 133538 133539 133541 133542 133543 34963
133531 20 131686 133524 133525 133526 133527 133528 133529 133530 133532 133534 133535 133536 133537 133538 133539 133541 133542 133543 139154 34963
133532 19 131686 133524 133525 133526 133527 133528 133529 133530 133531 133534 133535 133536 133537 133538 133539 133541 133542 133543 34963
41 18 185325 185326 185327 185328 185329 26794 26796 26797 26798 26799 26800 26801 26802 26803 26807 2865 8483 8484
133530 19 131686 133524 133525 133526 133527 133528 133529 133531 133532 133534 133535 133536 133537 133538 133539 133541 133542 133543 34963
55640 28 102669 102671 102672 102673 102674 102675 102676 102677 102678 102679 102680 102681 102682 102683 102684 102685 117804 120 122840 160093 160094 196563 196564 23416 54899 55641 59015 788
55641 28 102669 102671 102672 102673 102674 102675 102676 102677 102678 102679 102680 102681 102682 102683 102684 102685 117804 120 122840 160093 160094 196563 196564 23416 54899 55640 59015 788
133539 19 131686 133524 133525 133526 133527 133528 133529 133530 133531 133532 133534 133535 133536 133537 133538 133541 133542 133543 34963
133537 19 131686 133524 133525 133526 133527 133528 133529 133530 133531 133532 133534 133535 133536 133538 133539 133541 133542 133543 34963
133538 18 133524 133525 133526 133527 133528 133529 133530 133531 133532 133534 133535 133536 133537 133539 133541 133542 133543 34963
155622 11 155596 155597 155598 155599 155600 155601 155623 155624 155625 155626 155627
155624 11 155596 155597 155598 155599 155600 155601 155622 155623 155625 155626 155627
155623 11 155596 155597 155598 155599 155600 155601 155622 155624 155625 155626 155627
155626 11 155596 155597 155598 155599 155600 155601 155622 155623 155624 155625 155627
54899 23 102669 102671 102672 102673 102674 102675 102676 102677 102678 102679 102680 102681 102682 102683 102684 102685 122840 160093 160094 27868 55640 55641 788
155625 11 155596 155597 155598 155599 155600 155601 155622 155623 155624 155626 155627
155627 11 155596 155597 155598 155599 155600 155601 155622 155623 155624 155625 155626
133524 19 131686 133525 133526 133527 133528 133529 133530 133531 133532 133534 133535 133536 133537 133538 133539 133541 133542 133543 34963
133525 19 131686 133524 133526 133527 133528 133529 133530 133531 133532 133534 133535 133536 133537 133538 133539 133541 133542 133543 34963
240032 33 167791 167792 167793 167794 167795 167796 167797 167798 167799 167800 167801 167802 167803 167804 167805 167806 240028 240029 240030 240031 240093 240094 240095 240096 240097 240100 240101 240102 240103 240104 240106 240107 240108
240031 33 167791 167792 167793 167794 167795 167796 167797 167798 167799 167800 167801 167802 167803 167804 167805 167806 240028 240029 240030 240032 240093 240094 240095 240096 240097 240100 240101 240102 240103 240104 240106 240107 240108
154947 18 152747 153205 153495 153619 153756 154160 154181 154202 154339 154469 154578 154859 155061 155503 155676 155743 155829 155976
133526 19 131686 133524 133525 133527 133528 133529 133530 133531 133532 133534 133535 133536 133537 133538 133539 133541 133542 133543 34963
133527 19 131686 133524 133525 133526 133528 133529 133530 133531 133532 133534 133535 133536 133537 133538 133539 133541 133542 133543 34963
133528 19 131686 133524 133525 133526 133527 133529 133530 133531 133532 133534 133535 133536 133537 133538 133539 133541 133542 133543 34963
133529 19 131686 133524 133525 133526 133527 133528 133530 133531 133532 133534 133535 133536 133537 133538 133539 133541 133542 133543 34963
140571 18 1208 1209 1210 1211 1212 1213 1214 1215 1216 14616 53346 53348 5342 5343 5344 75060 84192 84193
84192 19 114139 1208 1209 1210 1211 1212 1213 1214 1215 1216 140571 14616 53346 53348 5342 5343 5344 75060 84193
84193 19 114139 1208 1209 1210 1211 1212 1213 1214 1215 1216 140571 14616 53346 53348 5342 5343 5344 75060 84192
246517 0
211681 28 19546 211682 211684 211685 213300 213321 217102 217103 217104 217105 217106 217107 217108 217109 217112 217113 217114 217115 217116 217117 217118 217119 217302 217309 35232 39996 46034 85823
211682 26 19546 211681 211684 211685 213300 213321 217102 217103 217104 217105 217106 217107 217108 217109 217112 217113 217114 217115 217116 217117 217118 217119 217302 217309 46034 85823
153493 19 152956 153204 153495 153618 154010 154159 154180 154201 154309 154468 154574 154858 154927 155060 155502 155675 155741 155827 155975
153756 18 152747 153205 153495 153619 154160 154181 154202 154339 154469 154578 154859 154947 155061 155503 155676 155743 155829 155976
155600 11 155596 155597 155598 155599 155601 155622 155623 155624 155625 155626 155627
155601 11 155596 155597 155598 155599 155600 155622 155623 155624 155625 155626 155627
5343 19 114139 1208 1209 1210 1211 1212 1213 1214 1215 1216 140571 14616 53346 53348 5342 5344 75060 84192 84193
5342 19 114139 1208 1209 1210 1211 1212 1213 1214 1215 1216 140571 14616 53346 53348 5343 5344 75060 84192 84193
155503 19 152747 153205 153495 153619 153756 154160 154181 154202 154339 154469 154578 154859 154947 155061 155502 155676 155743 155829 155976
5344 19 114139 1208 1209 1210 1211 1212 1213 1214 1215 1216 140571 14616 53346 53348 5342 5343 75060 84192 84193
153495 19 152747 153205 153493 153619 153756 154160 154181 154202 154339 154469 154578 154859 154947 155061 155503 155676 155743 155829 155976
155502 19 152956 153204 153493 153618 154010 154159 154180 154201 154309 154468 154574 154858 154927 155060 155503 155675 155741 155827 155975
211685 29 19546 211681 211682 211684 213300 213321 217102 217103 217104 217105 217106 217107 217108 217109 217112 217113 217114 217115 217116 217117 217118 217119 217302 217309 35232 39996 46034 69489 85823
211684 29 19546 211681 211682 211685 213300 213321 217102 217103 217104 217105 217106 217107 217108 217109 217112 217113 217114 217115 217116 217117 217118 217119 217302 217309 35232 39996 46034 69489 85823
27868 21 102669 102671 102672 102673 102674 102675 102676 102677 102678 102679 102680 102681 102682 102683 102684 102685 122840 196563 196564 54899 788
154927 18 152956 153204 153493 153618 154010 154159 154180 154201 154309 154468 154574 154858 155060 155502 155675 155741 155827 155975
102678 23 102669 102675 102676 102677 102679 102680 102681 102685 117804 120 122840 122841 160093 160094 196563 196564 23416 27868 54899 55640 55641 59015 788
139155 5 139149 139152 139153 139154 139156
102679 23 102669 102676 102677 102678 102680 102681 102682 102685 117804 120 122840 122841 160093 160094 196563 196564 23416 27868 54899 55640 55641 59015 788
139156 4 139149 139153 139154 139155
139153 6 139149 139150 139152 139154 139155 139156
139154 6 133531 139149 139152 139153 139155 139156
102674 23 102669 102671 102672 102673 102675 102676 102677 102685 117804 120 122840 122841 160093 160094 196563 196564 23416 27868 54899 55640 55641 59015 788
102675 23 102669 102672 102673 102674 102676 102677 102678 102685 117804 120 122840 122841 160093 160094 196563 196564 23416 27868 54899 55640 55641 59015 788
102676 23 102669 102673 102674 102675 102677 102678 102679 102685 117804 120 122840 122841 160093 160094 196563 196564 23416 27868 54899 55640 55641 59015 788
102677 23 102669 102674 102675 102676 102678 102679 102680 102685 117804 120 122840 122841 160093 160094 196563 196564 23416 27868 54899 55640 55641 59015 788
154201 19 152956 153204 153493 153618 154010 154159 154180 154202 154309 154468 154574 154858 154927 155060 155502 155675 155741 155827 155975
139152 5 139149 139150 139153 139154 139155
154202 19 152747 153205 153495 153619 153756 154160 154181 154201 154339 154469 154578 154859 154947 155061 155503 155676 155743 155829 155976
154010 18 152956 153204 153493 153618 154159 154180 154201 154309 154468 154574 154858 154927 155060 155502 155675 155741 155827 155975
139150 3 139149 139152 139153
102682 22 102669 102679 102680 102681 102683 102684 102685 117804 120 122840 122841 160093 160094 196563 196564 23416 27868 54899 55640 55641 59015 788
102681 23 102669 102678 102679 102680 102682 102683 102684 102685 117804 120 122840 122841 160093 160094 196563 196564 23416 27868 54899 55640 55641 59015 788
102684 20 102669 102681 102682 102683 102685 117804 120 122840 122841 160093 160094 196563 196564 23416 27868 54899 55640 55641 59015 788
102683 21 102669 102680 102681 102682 102684 102685 117804 120 122840 122841 160093 160094 196563 196564 23416 27868 54899 55640 55641 59015 788
46212 18 137752 137753 137754 137755 137756 137757 137758 137759 137760 137761 137762 137763 137764 137765 137766 137767 137768 137769
579 4 292 332 389 580
102680 23 102669 102677 102678 102679 102681 102682 102683 102685 117804 120 122840 122841 160093 160094 196563 196564 23416 27868 54899 55640 55641 59015 788
580 4 292 332 389 579
102685 30 102669 102671 102672 102673 102674 102675 102676 102677 102678 102679 102680 102681 102682 102683 102684 117804 120 122840 122841 160093 160094 196563 196564 23416 27868 54899 55640 55641 59015 788
152956 18 153204 153493 153618 154010 154159 154180 154201 154309 154468 154574 154858 154927 155060 155502 155675 155741 155827 155975
85823 25 211681 211682 211684 211685 213300 213321 217102 217103 217104 217105 217106 217107 217108 217109 217112 217113 217114 217115 217116 217117 217118 217119 217302 217309 46034
154339 18 152747 153205 153495 153619 153756 154160 154181 154202 154469 154578 154859 154947 155061 155503 155676 155743 155829 155976
117804 21 102669 102671 102672 102673 102674 102675 102676 102677 102678 102679 102680 102681 102682 102683 102684 102685 120 55640 55641 59015 788
196000 0
120 28 102669 102671 102672 102673 102674 102675 102676 102677 102678 102679 102680 102681 102682 102683 102684 102685 117804 122840 122841 160093 160094 196563 196564 23416 55640 55641 59015 788
198782 4 198779 198780 198781 198783
198781 5 198778 198779 198780 198782 198783
198783 3 198780 198781 198782
19881 0
186634 0
48739 0
240107 32 167791 167792 167793 167794 167795 167796 167797 167798 167799 167800 167801 167802 167803 167804 167805 167806 240028 240029 240030 240031 240032 240093 240094 240095 240096 240097 240100 240102 240103 240104 240106 240108
167803 24 167800 167801 167802 167804 167805 167806 240028 240029 240030 240031 240032 240093 240094 240095 240096 240097 240100 240101 240102 240103 240104 240106 240107 240108
240108 32 167791 167792 167793 167794 167795 167796 167797 167798 167799 167800 167801 167802 167803 167804 167805 167806 240028 240029 240030 240031 240032 240093 240094 240095 240096 240097 240100 240102 240103 240104 240106 240107
167802 24 167799 167800 167801 167803 167804 167805 240028 240029 240030 240031 240032 240093 240094 240095 240096 240097 240100 240101 240102 240103 240104 240106 240107 240108
8484 18 185325 185326 185327 185328 185329 26794 26796 26797 26798 26799 26800 26801 26802 26803 26807 2865 41 8483
167805 22 167802 167803 167804 167806 240028 240029 240030 240031 240032 240093 240094 240095 240096 240097 240100 240101 240102 240103 240104 240106 240107 240108
240106 32 167791 167792 167793 167794 167795 167796 167797 167798 167799 167800 167801 167802 167803 167804 167805 167806 240028 240029 240030 240031 240032 240093 240094 240095 240096 240097 240100 240102 240103 240104 240107 240108
167804 23 167801 167802 167803 167805 167806 240028 240029 240030 240031 240032 240093 240094 240095 240096 240097 240100 240101 240102 240103 240104 240106 240107 240108
167806 21 167803 167804 167805 240028 240029 240030 240031 240032 240093 240094 240095 240096 240097 240100 240101 240102 240103 240104 240106 240107 240108
152747 18 153205 153495 153619 153756 154160 154181 154202 154339 154469 154578 154859 154947 155061 155503 155676 155743 155829 155976
240100 33 167791 167792 167793 167794 167795 167796 167797 167798 167799 167800 167801 167802 167803 167804 167805 167806 240028 240029 240030 240031 240032 240093 240094 240095 240096 240097 240101 240102 240103 240104 240106 240107 240108
240103 33 167791 167792 167793 167794 167795 167796 167797 167798 167799 167800 167801 167802 167803 167804 167805 167806 240028 240029 240030 240031 240032 240093 240094 240095 240096 240097 240100 240101 240102 240104 240106 240107 240108
240104 33 167791 167792 167793 167794 167795 167796 167797 167798 167799 167800 167801 167802 167803 167804 167805 167806 240028 240029 240030 240031 240032 240093 240094 240095 240096 240097 240100 240101 240102 240103 240106 240107 240108
240101 30 167791 167792 167793 167794 167795 167796 167797 167798 167799 167800 167801 167802 167803 167804 167805 167806 240028 240029 240030 240031 240032 240093 240094 240095 240096 240097 240100 240102 240103 240104
167801 24 167798 167799 167800 167802 167803 167804 240028 240029 240030 240031 240032 240093 240094 240095 240096 240097 240100 240101 240102 240103 240104 240106 240107 240108
8483 18 185325 185326 185327 185328 185329 26794 26796 26797 26798 26799 26800 26801 26802 26803 26807 2865 41 8484
240102 33 167791 167792 167793 167794 167795 167796 167797 167798 167799 167800 167801 167802 167803 167804 167805 167806 240028 240029 240030 240031 240032 240093 240094 240095 240096 240097 240100 240101 240103 240104 240106 240107 240108
167800 24 167797 167798 167799 167801 167802 167803 240028 240029 240030 240031 240032 240093 240094 240095 240096 240097 240100 240101 240102 240103 240104 240106 240107 240108
139149 6 139150 139152 139153 139154 139155 139156
102669 30 102671 102672 102673 102674 102675 102676 102677 102678 102679 102680 102681 102682 102683 102684 102685 117804 120 122840 122841 160093 160094 196563 196564 23416 27868 54899 55640 55641 59015 788
34963 19 131686 133524 133525 133526 133527 133528 133529 133530 133531 133532 133534 133535 133536 133537 133538 133539 133541 133542 133543
185329 18 185325 185326 185327 185328 26794 26796 26797 26798 26799 26800 26801 26802 26803 26807 2865 41 8483 8484
162688 18 162689 162690 162691 162692 162693 162694 162817 162818 162819 162820 162821 162822 162823 162824 162825 162826 162828 162829
198779 4 198778 198780 198781 198782
162689 18 162688 162690 162691 162692 162693 162694 162817 162818 162819 162820 162821 162822 162823 162824 162825 162826 162828 162829
198778 3 198779 198780 198781
185326 18 185325 185327 185328 185329 26794 26796 26797 26798 26799 26800 26801 26802 26803 26807 2865 41 8483 8484
185325 18 185326 185327 185328 185329 26794 26796 26797 26798 26799 26800 26801 26802 26803 26807 2865 41 8483 8484
185328 18 185325 185326 185327 185329 26794 26796 26797 26798 26799 26800 26801 26802 26803 26807 2865 41 8483 8484
185327 18 185325 185326 185328 185329 26794 26796 26797 26798 26799 26800 26801 26802 26803 26807 2865 41 8483 8484
2865 18 185325 185326 185327 185328 185329 26794 26796 26797 26798 26799 26800 26801 26802 26803 26807 41 8483 8484
133541 19 131686 133524 133525 133526 133527 133528 133529 133530 133531 133532 133534 133535 133536 133537 133538 133539 133542 133543 34963
133543 19 131686 133524 133525 133526 133527 133528 133529 133530 133531 133532 133534 133535 133536 133537 133538 133539 133541 133542 34963
133542 19 131686 133524 133525 133526 133527 133528 133529 133530 133531 133532 133534 133535 133536 133537 133538 133539 133541 133543 34963
102673 22 102669 102671 102672 102674 102675 102676 102685 117804 120 122840 122841 160093 160094 196563 196564 23416 27868 54899 55640 55641 59015 788
1208 19 114139 1209 1210 1211 1212 1213 1214 1215 1216 140571 14616 53346 53348 5342 5343 5344 75060 84192 84193
198780 5 198778 198779 198781 198782 198783
102672 21 102669 102671 102673 102674 102675 102685 117804 120 122840 122841 160093 160094 196563 196564 23416 27868 54899 55640 55641 59015 788
102671 20 102669 102672 102673 102674 102685 117804 120 122840 122841 160093 160094 196563 196564 23416 27868 54899 55640 55641 59015 788
1209 19 114139 1208 1210 1211 1212 1213 1214 1215 1216 140571 14616 53346 53348 5342 5343 5344 75060 84192 84193
114139 18 1208 1209 1210 1211 1212 1213 1214 1215 1216 14616 53346 53348 5342 5343 5344 75060 84192 84193
14616 19 114139 1208 1209 1210 1211 1212 1213 1214 1215 1216 140571 53346 53348 5342 5343 5344 75060 84192 84193
139059 7 139060 139061 139062 139063 139064 139065 139071
154309 18 152956 153204 153493 153618 154010 154159 154180 154201 154468 154574 154858 154927 155060 155502 155675 155741 155827 155975
162817 18 162688 162689 162690 162691 162692 162693 162694 162818 162819 162820 162821 162822 162823 162824 162825 162826 162828 162829
162819 18 162688 162689 162690 162691 162692 162693 162694 162817 162818 162820 162821 162822 162823 162824 162825 162826 162828 162829
35232 25 211681 211684 211685 213300 213321 217102 217103 217104 217105 217106 217107 217108 217109 217112 217113 217114 217115 217116 217117 217118 217119 217302 217309 46034 79397
162818 18 162688 162689 162690 162691 162692 162693 162694 162817 162819 162820 162821 162822 162823 162824 162825 162826 162828 162829
154180 19 152956 153204 153493 153618 154010 154159 154181 154201 154309 154468 154574 154858 154927 155060 155502 155675 155741 155827 155975
155741 19 152956 153204 153493 153618 154010 154159 154180 154201 154309 154468 154574 154858 154927 155060 155502 155675 155743 155827 155975
154181 19 152747 153205 153495 153619 153756 154160 154180 154202 154339 154469 154578 154859 154947 155061 155503 155676 155743 155829 155976
101606 2 101605 292
101605 1 101606
155743 19 152747 153205 153495 153619 153756 154160 154181 154202 154339 154469 154578 154859 154947 155061 155503 155676 155741 155829 155976
162825 18 162688 162689 162690 162691 162692 162693 162694 162817 162818 162819 162820 162821 162822 162823 162824 162826 162828 162829
162826 18 162688 162689 162690 162691 162692 162693 162694 162817 162818 162819 162820 162821 162822 162823 162824 162825 162828 162829
162823 18 162688 162689 162690 162691 162692 162693 162694 162817 162818 162819 162820 162821 162822 162824 162825 162826 162828 162829
162824 18 162688 162689 162690 162691 162692 162693 162694 162817 162818 162819 162820 162821 162822 162823 162825 162826 162828 162829
162821 18 162688 162689 162690 162691 162692 162693 162694 162817 162818 162819 162820 162822 162823 162824 162825 162826 162828 162829
162822 18 162688 162689 162690 162691 162692 162693 162694 162817 162818 162819 162820 162821 162823 162824 162825 162826 162828 162829
19546 25 211681 211682 211684 211685 213300 213321 217102 217103 217104 217105 217106 217107 217108 217109 217112 217113 217114 217115 217116 217117 217118 217119 217302 217309 46034
162820 18 162688 162689 162690 162691 162692 162693 162694 162817 162818 162819 162821 162822 162823 162824 162825 162826 162828 162829
59015 28 102669 102671 102672 102673 102674 102675 102676 102677 102678 102679 102680 102681 102682 102683 102684 102685 117804 120 122840 122841 160093 160094 196563 196564 23416 55640 55641 788
153618 19 152956 153204 153493 153619 154010 154159 154180 154201 154309 154468 154574 154858 154927 155060 155502 155675 155741 155827 155975
153619 19 152747 153205 153495 153618 153756 154160 154181 154202 154339 154469 154578 154859 154947 155061 155503 155676 155743 155829 155976
69489 22 211684 211685 213300 213321 217102 217103 217104 217105 217106 217107 217108 217109 217112 217113 217114 217115 217116 217117 217118 217119 217302 217309
162829 18 162688 162689 162690 162691 162692 162693 162694 162817 162818 162819 162820 162821 162822 162823 162824 162825 162826 162828
162828 18 162688 162689 162690 162691 162692 162693 162694 162817 162818 162819 162820 162821 162822 162823 162824 162825 162826 162829
139065 7 139059 139060 139061 139062 139063 139064 139071
139064 7 139059 139060 139061 139062 139063 139065 139071
139063 7 139059 139060 139061 139062 139064 139065 139071
139062 7 139059 139060 139061 139063 139064 139065 139071
139061 7 139059 139060 139062 139063 139064 139065 139071
139060 7 139059 139061 139062 139063 139064 139065 139071
160094 27 102669 102671 102672 102673 102674 102675 102676 102677 102678 102679 102680 102681 102682 102683 102684 102685 120 122840 122841 160093 196563 196564 54899 55640 55641 59015 788
154159 19 152956 153204 153493 153618 154010 154160 154180 154201 154309 154468 154574 154858 154927 155060 155502 155675 155741 155827 155975
153204 19 152956 153205 153493 153618 154010 154159 154180 154201 154309 154468 154574 154858 154927 155060 155502 155675 155741 155827 155975
160093 27 102669 102671 102672 102673 102674 102675 102676 102677 102678 102679 102680 102681 102682 102683 102684 102685 120 122840 122841 160094 196563 196564 54899 55640 55641 59015 788
153205 19 152747 153204 153495 153619 153756 154160 154181 154202 154339 154469 154578 154859 154947 155061 155503 155676 155743 155829 155976
124059 18 241454 241455 241456 241457 241458 241459 241460 241461 241462 241463 241464 241465 241466 241467 241468 241469 241470 241471
167793 23 167791 167792 167794 167795 167796 240028 240029 240030 240031 240032 240093 240094 240095 240096 240097 240100 240101 240102 240103 240104 240106 240107 240108
167792 22 167791 167793 167794 167795 240028 240029 240030 240031 240032 240093 240094 240095 240096 240097 240100 240101 240102 240103 240104 240106 240107 240108
167791 21 167792 167793 167794 240028 240029 240030 240031 240032 240093 240094 240095 240096 240097 240100 240101 240102 240103 240104 240106 240107 240108
60455 1 383
39996 24 211681 211684 211685 213300 213321 217102 217103 217104 217105 217106 217107 217108 217109 217112 217113 217114 217115 217116 217117 217118 217119 217302 217309 46034
155599 11 155596 155597 155598 155600 155601 155622 155623 155624 155625 155626 155627
139071 7 139059 139060 139061 139062 139063 139064 139065
155596 11 155597 155598 155599 155600 155601 155622 155623 155624 155625 155626 155627
155598 11 155596 155597 155599 155600 155601 155622 155623 155624 155625 155626 155627
154160 19 152747 153205 153495 153619 153756 154159 154181 154202 154339 154469 154578 154859 154947 155061 155503 155676 155743 155829 155976
155597 11 155596 155598 155599 155600 155601 155622 155623 155624 155625 155626 155627
53346 19 114139 1208 1209 1210 1211 1212 1213 1214 1215 1216 140571 14616 53348 5342 5343 5344 75060 84192 84193
167798 24 167795 167796 167797 167799 167800 167801 240028 240029 240030 240031 240032 240093 240094 240095 240096 240097 240100 240101 240102 240103 240104 240106 240107 240108
167799 24 167796 167797 167798 167800 167801 167802 240028 240029 240030 240031 240032 240093 240094 240095 240096 240097 240100 240101 240102 240103 240104 240106 240107 240108
53348 19 114139 1208 1209 1210 1211 1212 1213 1214 1215 1216 140571 14616 53346 5342 5343 5344 75060 84192 84193
167794 24 167791 167792 167793 167795 167796 167797 240028 240029 240030 240031 240032 240093 240094 240095 240096 240097 240100 240101 240102 240103 240104 240106 240107 240108
167795 24 167792 167793 167794 167796 167797 167798 240028 240029 240030 240031 240032 240093 240094 240095 240096 240097 240100 240101 240102 240103 240104 240106 240107 240108
167796 24 167793 167794 167795 167797 167798 167799 240028 240029 240030 240031 240032 240093 240094 240095 240096 240097 240100 240101 240102 240103 240104 240106 240107 240108
292 5 101606 332 389 579 580
167797 24 167794 167795 167796 167798 167799 167800 240028 240029 240030 240031 240032 240093 240094 240095 240096 240097 240100 240101 240102 240103 240104 240106 240107 240108
122841 22 102669 102671 102672 102673 102674 102675 102676 102677 102678 102679 102680 102681 102682 102683 102684 102685 120 122840 160093 160094 59015 788
122840 28 102669 102671 102672 102673 102674 102675 102676 102677 102678 102679 102680 102681 102682 102683 102684 102685 120 122841 160093 160094 196563 196564 27868 54899 55640 55641 59015 788
101637 1 101638
101638 2 101637 332
241468 18 124059 241454 241455 241456 241457 241458 241459 241460 241461 241462 241463 241464 241465 241466 241467 241469 241470 241471
241467 18 124059 241454 241455 241456 241457 241458 241459 241460 241461 241462 241463 241464 241465 241466 241468 241469 241470 241471
26794 18 185325 185326 185327 185328 185329 26796 26797 26798 26799 26800 26801 26802 26803 26807 2865 41 8483 8484
241466 18 124059 241454 241455 241456 241457 241458 241459 241460 241461 241462 241463 241464 241465 241467 241468 241469 241470 241471
241465 18 124059 241454 241455 241456 241457 241458 241459 241460 241461 241462 241463 241464 241466 241467 241468 241469 241470 241471
241464 18 124059 241454 241455 241456 241457 241458 241459 241460 241461 241462 241463 241465 241466 241467 241468 241469 241470 241471
241463 18 124059 241454 241455 241456 241457 241458 241459 241460 241461 241462 241464 241465 241466 241467 241468 241469 241470 241471
241462 18 124059 241454 241455 241456 241457 241458 241459 241460 241461 241463 241464 241465 241466 241467 241468 241469 241470 241471
241461 18 124059 241454 241455 241456 241457 241458 241459 241460 241462 241463 241464 241465 241466 241467 241468 241469 241470 241471
788 30 102669 102671 102672 102673 102674 102675 102676 102677 102678 102679 102680 102681 102682 102683 102684 102685 117804 120 122840 122841 160093 160094 196563 196564 23416 27868 54899 55640 55641 59015
383 1 60455
241469 18 124059 241454 241455 241456 241457 241458 241459 241460 241461 241462 241463 241464 241465 241466 241467 241468 241470 241471
389 4 292 332 579 580
241470 18 124059 241454 241455 241456 241457 241458 241459 241460 241461 241462 241463 241464 241465 241466 241467 241468 241469 241471
155676 19 152747 153205 153495 153619 153756 154160 154181 154202 154339 154469 154578 154859 154947 155061 155503 155675 155743 155829 155976
241471 18 124059 241454 241455 241456 241457 241458 241459 241460 241461 241462 241463 241464 241465 241466 241467 241468 241469 241470
26798 18 185325 185326 185327 185328 185329 26794 26796 26797 26799 26800 26801 26802 26803 26807 2865 41 8483 8484
26799 18 185325 185326 185327 185328 185329 26794 26796 26797 26798 26800 26801 26802 26803 26807 2865 41 8483 8484
26796 18 185325 185326 185327 185328 185329 26794 26797 26798 26799 26800 26801 26802 26803 26807 2865 41 8483 8484
26797 18 185325 185326 185327 185328 185329 26794 26796 26798 26799 26800 26801 26802 26803 26807 2865 41 8483 8484
155675 19 152956 153204 153493 153618 154010 154159 154180 154201 154309 154468 154574 154858 154927 155060 155502 155676 155741 155827 155975
241455 18 124059 241454 241456 241457 241458 241459 241460 241461 241462 241463 241464 241465 241466 241467 241468 241469 241470 241471
154858 19 152956 153204 153493 153618 154010 154159 154180 154201 154309 154468 154574 154859 154927 155060 155502 155675 155741 155827 155975
241454 18 124059 241455 241456 241457 241458 241459 241460 241461 241462 241463 241464 241465 241466 241467 241468 241469 241470 241471
241457 18 124059 241454 241455 241456 241458 241459 241460 241461 241462 241463 241464 241465 241466 241467 241468 241469 241470 241471
137769 18 137752 137753 137754 137755 137756 137757 137758 137759 137760 137761 137762 137763 137764 137765 137766 137767 137768 46212
241456 18 124059 241454 241455 241457 241458 241459 241460 241461 241462 241463 241464 241465 241466 241467 241468 241469 241470 241471
137768 18 137752 137753 137754 137755 137756 137757 137758 137759 137760 137761 137762 137763 137764 137765 137766 137767 137769 46212
137767 18 137752 137753 137754 137755 137756 137757 137758 137759 137760 137761 137762 137763 137764 137765 137766 137768 137769 46212
137766 18 137752 137753 137754 137755 137756 137757 137758 137759 137760 137761 137762 137763 137764 137765 137767 137768 137769 46212
137765 18 137752 137753 137754 137755 137756 137757 137758 137759 137760 137761 137762 137763 137764 137766 137767 137768 137769 46212
137764 18 137752 137753 137754 137755 137756 137757 137758 137759 137760 137761 137762 137763 137765 137766 137767 137768 137769 46212
154859 19 152747 153205 153495 153619 153756 154160 154181 154202 154339 154469 154578 154858 154947 155061 155503 155676 155743 155829 155976
217119 26 19546 211681 211682 211684 211685 213300 213321 217102 217105 217109 217112 217113 217114 217115 217116 217117 217118 217302 217309 35232 35244 39996 46034 69489 79397 85823
217118 23 19546 211681 211682 211684 211685 213300 213321 217102 217109 217112 217115 217116 217117 217119 217302 217309 35232 35244 39996 46034 69489 79397 85823
213300 29 19546 211681 211682 211684 211685 213321 217102 217103 217104 217106 217107 217108 217109 217112 217113 217114 217115 217116 217117 217118 217119 217302 217309 35232 35244 39996 46034 69489 85823
241459 18 124059 241454 241455 241456 241457 241458 241460 241461 241462 241463 241464 241465 241466 241467 241468 241469 241470 241471
241458 18 124059 241454 241455 241456 241457 241459 241460 241461 241462 241463 241464 241465 241466 241467 241468 241469 241470 241471
75060 19 114139 1208 1209 1210 1211 1212 1213 1214 1215 1216 140571 14616 53346 53348 5342 5343 5344 84192 84193
23416 21 102669 102671 102672 102673 102674 102675 102676 102677 102678 102679 102680 102681 102682 102683 102684 102685 120 55640 55641 59015 788
241460 18 124059 241454 241455 241456 241457 241458 241459 241461 241462 241463 241464 241465 241466 241467 241468 241469 241470 241471
154468 19 152956 153204 153493 153618 154010 154159 154180 154201 154309 154469 154574 154858 154927 155060 155502 155675 155741 155827 155975
154469 19 152747 153205 153495 153619 153756 154160 154181 154202 154339 154468 154578 154859 154947 155061 155503 155676 155743 155829 155976
79397 21 213321 217102 217103 217104 217105 217106 217107 217108 217109 217112 217113 217114 217115 217116 217117 217118 217119 217302 217309 35232 35244
137754 18 137752 137753 137755 137756 137757 137758 137759 137760 137761 137762 137763 137764 137765 137766 137767 137768 137769 46212
137753 18 137752 137754 137755 137756 137757 137758 137759 137760 137761 137762 137763 137764 137765 137766 137767 137768 137769 46212
240097 33 167791 167792 167793 167794 167795 167796 167797 167798 167799 167800 167801 167802 167803 167804 167805 167806 240028 240029 240030 240031 240032 240093 240094 240095 240096 240100 240101 240102 240103 240104 240106 240107 240108
137756 18 137752 137753 137754 137755 137757 137758 137759 137760 137761 137762 137763 137764 137765 137766 137767 137768 137769 46212
137755 18 137752 137753 137754 137756 137757 137758 137759 137760 137761 137762 137763 137764 137765 137766 137767 137768 137769 46212
137758 18 137752 137753 137754 137755 137756 137757 137759 137760 137761 137762 137763 137764 137765 137766 137767 137768 137769 46212
137757 18 137752 137753 137754 137755 137756 137758 137759 137760 137761 137762 137763 137764 137765 137766 137767 137768 137769 46212
137759 18 137752 137753 137754 137755 137756 137757 137758 137760 137761 137762 137763 137764 137765 137766 137767 137768 137769 46212
217109 31 19546 211681 211682 211684 211685 213300 213321 217102 217103 217104 217105 217106 217107 217108 217112 217113 217114 217115 217116 217117 217118 217119 217302 217309 35232 35244 39996 46034 69489 79397 85823
155061 19 152747 153205 153495 153619 153756 154160 154181 154202 154339 154469 154578 154859 154947 155060 155503 155676 155743 155829 155976
238936 0
217108 21 19546 211681 211682 211684 211685 213300 213321 217102 217105 217106 217107 217109 217302 217309 35232 35244 39996 46034 69489 79397 85823
155060 19 152956 153204 153493 153618 154010 154159 154180 154201 154309 154468 154574 154858 154927 155061 155502 155675 155741 155827 155975
217107 22 19546 211681 211682 211684 211685 213300 213321 217102 217104 217105 217106 217108 217109 217302 217309 35232 35244 39996 46034 69489 79397 85823
217116 25 19546 211681 211682 211684 211685 213300 213321 217102 217109 217112 217113 217114 217115 217117 217118 217119 217302 217309 35232 35244 39996 46034 69489 79397 85823
217117 24 19546 211681 211682 211684 211685 213300 213321 217102 217109 217112 217114 217115 217116 217118 217119 217302 217309 35232 35244 39996 46034 69489 79397 85823
217114 24 19546 211681 211682 211684 211685 213300 213321 217102 217109 217112 217113 217115 217116 217117 217119 217302 217309 35232 35244 39996 46034 69489 79397 85823
154574 18 152956 153204 153493 153618 154010 154159 154180 154201 154309 154468 154858 154927 155060 155502 155675 155741 155827 155975
217115 25 19546 211681 211682 211684 211685 213300 213321 217102 217109 217112 217113 217114 217116 217117 217118 217119 217302 217309 35232 35244 39996 46034 69489 79397 85823
217112 26 19546 211681 211682 211684 211685 213300 213321 217102 217105 217109 217113 217114 217115 217116 217117 217118 217119 217302 217309 35232 35244 39996 46034 69489 79397 85823
217113 23 19546 211681 211682 211684 211685 213300 213321 217102 217109 217112 217114 217115 217116 217119 217302 217309 35232 35244 39996 46034 69489 79397 85823
155829 19 152747 153205 153495 153619 153756 154160 154181 154202 154339 154469 154578 154859 154947 155061 155503 155676 155743 155827 155976
248700 0
154578 18 152747 153205 153495 153619 153756 154160 154181 154202 154339 154469 154859 154947 155061 155503 155676 155743 155829 155976
155827 19 152956 153204 153493 153618 154010 154159 154180 154201 154309 154468 154574 154858 154927 155060 155502 155675 155741 155829 155975
217302 31 19546 211681 211682 211684 211685 213300 213321 217102 217103 217104 217105 217106 217107 217108 217109 217112 217113 217114 217115 217116 217117 217118 217119 217309 35232 35244 39996 46034 69489 79397 85823
196564 27 102669 102671 102672 102673 102674 102675 102676 102677 102678 102679 102680 102681 102682 102683 102684 102685 120 122840 160093 160094 196563 27868 46034 55640 55641 59015 788
137760 18 137752 137753 137754 137755 137756 137757 137758 137759 137761 137762 137763 137764 137765 137766 137767 137768 137769 46212
196563 27 102669 102671 102672 102673 102674 102675 102676 102677 102678 102679 102680 102681 102682 102683 102684 102685 120 122840 160093 160094 196564 27868 46034 55640 55641 59015 788
137761 18 137752 137753 137754 137755 137756 137757 137758 137759 137760 137762 137763 137764 137765 137766 137767 137768 137769 46212
137762 18 137752 137753 137754 137755 137756 137757 137758 137759 137760 137761 137763 137764 137765 137766 137767 137768 137769 46212
137763 18 137752 137753 137754 137755 137756 137757 137758 137759 137760 137761 137762 137764 137765 137766 137767 137768 137769 46212
162691 18 162688 162689 162690 162692 162693 162694 162817 162818 162819 162820 162821 162822 162823 162824 162825 162826 162828 162829
217309 31 19546 211681 211682 211684 211685 213300 213321 217102 217103 217104 217105 217106 217107 217108 217109 217112 217113 217114 217115 217116 217117 217118 217119 217302 35232 35244 39996 46034 69489 79397 85823
162690 18 162688 162689 162691 162692 162693 162694 162817 162818 162819 162820 162821 162822 162823 162824 162825 162826 162828 162829
162693 18 162688 162689 162690 162691 162692 162694 162817 162818 162819 162820 162821 162822 162823 162824 162825 162826 162828 162829
162692 18 162688 162689 162690 162691 162693 162694 162817 162818 162819 162820 162821 162822 162823 162824 162825 162826 162828 162829
162694 18 162688 162689 162690 162691 162692 162693 162817 162818 162819 162820 162821 162822 162823 162824 162825 162826 162828 162829
35244 21 213300 213321 217102 217103 217104 217105 217106 217107 217108 217109 217112 217113 217114 217115 217116 217117 217118 217119 217302 217309 79397
155975 19 152956 153204 153493 153618 154010 154159 154180 154201 154309 154468 154574 154858 154927 155060 155502 155675 155741 155827 155976
155976 19 152747 153205 153495 153619 153756 154160 154181 154202 154339 154469 154578 154859 154947 155061 155503 155676 155743 155829 155975
213321 30 19546 211681 211682 211684 211685 213300 217102 217103 217104 217106 217107 217108 217109 217112 217113 217114 217115 217116 217117 217118 217119 217302 217309 35232 35244 39996 46034 69489 79397 85823
217103 21 19546 211681 211682 211684 211685 213300 213321 217102 217104 217105 217106 217109 217302 217309 35232 35244 39996 46034 69489 79397 85823
1214 19 114139 1208 1209 1210 1211 1212 1213 1215 1216 140571 14616 53346 53348 5342 5343 5344 75060 84192 84193
217104 22 19546 211681 211682 211684 211685 213300 213321 217102 217103 217105 217106 217107 217109 217302 217309 35232 35244 39996 46034 69489 79397 85823
1215 19 114139 1208 1209 1210 1211 1212 1213 1214 1216 140571 14616 53346 53348 5342 5343 5344 75060 84192 84193
217105 23 19546 211681 211682 211684 211685 217102 217103 217104 217106 217107 217108 217109 217112 217119 217302 217309 35232 35244 39996 46034 69489 79397 85823
1216 19 114139 1208 1209 1210 1211 1212 1213 1214 1215 140571 14616 53346 53348 5342 5343 5344 75060 84192 84193
217106 23 19546 211681 211682 211684 211685 213300 213321 217102 217103 217104 217105 217107 217108 217109 217302 217309 35232 35244 39996 46034 69489 79397 85823
1210 19 114139 1208 1209 1211 1212 1213 1214 1215 1216 140571 14616 53346 53348 5342 5343 5344 75060 84192 84193
1211 19 114139 1208 1209 1210 1212 1213 1214 1215 1216 140571 14616 53346 53348 5342 5343 5344 75060 84192 84193
1212 19 114139 1208 1209 1210 1211 1213 1214 1215 1216 140571 14616 53346 53348 5342 5343 5344 75060 84192 84193
217102 31 19546 211681 211682 211684 211685 213300 213321 217103 217104 217105 217106 217107 217108 217109 217112 217113 217114 217115 217116 217117 217118 217119 217302 217309 35232 35244 39996 46034 69489 79397 85823
1213 19 114139 1208 1209 1210 1211 1212 1214 1215 1216 140571 14616 53346 53348 5342 5343 5344 75060 84192 84193
155642 0
131686 18 133524 133525 133526 133527 133528 133529 133530 133531 133532 133534 133535 133536 133537 133539 133541 133542 133543 34963
240094 33 167791 167792 167793 167794 167795 167796 167797 167798 167799 167800 167801 167802 167803 167804 167805 167806 240028 240029 240030 240031 240032 240093 240095 240096 240097 240100 240101 240102 240103 240104 240106 240107 240108
240093 33 167791 167792 167793 167794 167795 167796 167797 167798 167799 167800 167801 167802 167803 167804 167805 167806 240028 240029 240030 240031 240032 240094 240095 240096 240097 240100 240101 240102 240103 240104 240106 240107 240108
137752 18 137753 137754 137755 137756 137757 137758 137759 137760 137761 137762 137763 137764 137765 137766 137767 137768 137769 46212
240096 33 167791 167792 167793 167794 167795 167796 167797 167798 167799 167800 167801 167802 167803 167804 167805 167806 240028 240029 240030 240031 240032 240093 240094 240095 240097 240100 240101 240102 240103 240104 240106 240107 240108
240095 33 167791 167792 167793 167794 167795 167796 167797 167798 167799 167800 167801 167802 167803 167804 167805 167806 240028 240029 240030 240031 240032 240093 240094 240096 240097 240100 240101 240102 240103 240104 240106 240107 240108
46034 30 19546 196563 196564 211681 211682 211684 211685 213300 213321 217102 217103 217104 217105 217106 217107 217108 217109 217112 217113 217114 217115 217116 217117 217118 217119 217302 217309 35232 39996 85823
