peel_18 22
rep198778 6
198782 0
198780 0
198778 0
198779 0
198781 0
198783 0
rep1211 20
5342 0
1210 0
1213 0
84193 0
84192 0
1208 0
140571 0
1216 0
1212 0
114139 0
1209 0
53346 0
5343 0
1215 0
14616 0
53348 0
1211 0
75060 0
5344 0
1214 0
rep292 9
101605 0
332 0
101606 0
580 0
101637 0
101638 0
389 0
292 0
579 0
248700 0
246517 0
rep155599 12
155599 0
155623 0
155598 0
155601 0
155597 0
155596 0
155600 0
155622 0
155625 0
155624 0
155627 0
155626 0
rep139059 8
139071 0
139059 0
139063 0
139065 0
139060 0
139064 0
139061 0
139062 0
186634 0
rep162693 19
162694 0
162821 0
162822 0
162826 0
162820 0
162691 0
162824 0
162829 0
162825 0
162828 0
162818 0
162823 0
162692 0
162817 0
162689 0
162690 0
162693 0
162819 0
162688 0
155642 0
238936 0
rep137758 19
137766 0
137753 0
137765 0
137764 0
137758 0
137755 0
137761 0
137754 0
137759 0
137769 0
137767 0
137768 0
137756 0
137760 0
137752 0
46212 0
137762 0
137763 0
137757 0
rep185325 19
41 0
8484 0
2865 0
26802 0
8483 0
26797 0
185328 0
185325 0
26800 0
26796 0
26801 0
26798 0
185329 0
26799 0
26794 0
185327 0
185326 0
26803 0
26807 0
rep131686 27
133530 0
133528 0
133524 0
139153 0
139156 0
133525 0
133536 0
133542 0
139150 0
139154 0
133527 0
133526 0
139155 0
131686 0
133539 0
133534 0
133543 0
139152 0
139149 0
133535 0
133537 0
133532 0
133529 0
133531 0
133538 0
34963 0
133541 0
196000 0
rep217115 63
102685 0
102681 0
102669 0
55640 0
102684 0
102677 0
39996 0
102683 0
102680 0
211682 0
23416 0
102682 0
217114 0
117804 0
55641 0
213321 0
46034 0
102679 0
102678 0
217309 0
122840 0
102672 0
54899 0
102675 0
217113 0
59015 0
217103 0
35232 0
160094 0
85823 0
217115 0
102676 0
217105 0
217106 0
102671 0
217118 0
122841 0
217102 0
102673 0
120 0
217104 0
788 0
211681 0
217116 0
217108 0
217119 0
217302 0
35244 0
27868 0
211684 0
19546 0
160093 0
213300 0
217107 0
196564 0
217112 0
196563 0
102674 0
69489 0
217109 0
211685 0
79397 0
217117 0
rep167804 34
240094 0
167797 0
167801 0
167792 0
167795 0
167805 0
167806 0
240095 0
240096 0
167799 0
240031 0
167800 0
167796 0
240106 0
240030 0
240101 0
167793 0
240093 0
167803 0
240104 0
240097 0
240107 0
240108 0
240029 0
240100 0
167802 0
240032 0
167798 0
167794 0
167791 0
240103 0
167804 0
240102 0
240028 0
rep154160 38
154159 0
155060 0
155502 0
154160 0
154181 0
154339 0
154469 0
154201 0
154010 0
155675 0
154468 0
153619 0
154578 0
154927 0
155829 0
154947 0
153493 0
154858 0
153618 0
155975 0
155827 0
154202 0
154180 0
154859 0
154309 0
153756 0
155061 0
154574 0
152747 0
155676 0
155741 0
155976 0
153495 0
153204 0
152956 0
155503 0
153205 0
155743 0
19881 0
rep383 2
383 0
60455 0
rep241457 19
241466 0
241456 0
241458 0
241471 0
241462 0
241454 0
241468 0
241464 0
124059 0
241457 0
241470 0
241463 0
241465 0
241460 0
241461 0
241469 0
241455 0
241459 0
241467 0
48739 0
